0 0.448437 0.410156 0.535937 0.406250 0.535937 0.451172 0.446875 0.451172
0 0.453125 0.843750 0.534375 0.832031 0.540625 0.878906 0.456250 0.886719
0 0.450000 0.773438 0.534375 0.775391 0.532813 0.816406 0.451562 0.814453
0 0.464062 0.705078 0.539062 0.697266 0.543750 0.734375 0.465625 0.744141
0 0.453125 0.619141 0.545312 0.621094 0.545312 0.667969 0.453125 0.664062
0 0.450000 0.527344 0.539062 0.529297 0.535937 0.578125 0.450000 0.572266
0 0.453125 0.468750 0.540625 0.466797 0.540625 0.513672 0.451562 0.511719
0 0.456250 0.345703 0.546875 0.347656 0.542188 0.390625 0.453125 0.384766
0 0.678125 0.357422 0.771875 0.367188 0.771875 0.406250 0.679688 0.404297
0 0.667188 0.556641 0.746875 0.550781 0.751563 0.593750 0.667188 0.595703
0 0.676562 0.625000 0.764062 0.615234 0.767188 0.660156 0.678125 0.666016
0 0.676562 0.679688 0.764062 0.695312 0.760938 0.738281 0.675000 0.722656
0 0.681250 0.886719 0.764062 0.880859 0.770312 0.925781 0.681250 0.929688
0 0.678125 0.957031 0.770312 0.962891 0.767188 1.000000 0.676562 0.998047
