0 0.628125 0.210938 0.657813 0.203125 0.670312 0.310547 0.635938 0.312500
0 0.578125 0.222656 0.609375 0.224609 0.612500 0.310547 0.581250 0.308594
0 0.525000 0.208984 0.556250 0.208984 0.559375 0.308594 0.528125 0.308594
0 0.481250 0.205078 0.518750 0.205078 0.518750 0.312500 0.481250 0.312500
0 0.550000 0.396484 0.634375 0.390625 0.637500 0.433594 0.546875 0.441406
0 0.665625 0.390625 0.750000 0.384766 0.753125 0.427734 0.664062 0.431641
0 0.525000 0.531250 0.621875 0.525391 0.621875 0.570312 0.526563 0.570312
0 0.648438 0.529297 0.735938 0.521484 0.739062 0.566406 0.650000 0.574219
0 0.906250 0.732422 1.000000 0.730469 1.000000 0.775391 0.910937 0.785156
0 0.782813 0.832031 0.815625 0.833984 0.818750 0.949219 0.781250 0.947266
0 0.884375 0.904297 0.925000 0.902344 0.931250 1.000000 0.889062 1.000000
0 0.862500 0.000000 0.898438 0.000000 0.900000 0.052734 0.864062 0.050781
0 0.451562 0.732422 0.542188 0.732422 0.542188 0.775391 0.456250 0.779297
0 0.445312 0.794922 0.542188 0.794922 0.542188 0.835938 0.446875 0.837891
0 0.445312 0.857422 0.532813 0.855469 0.534375 0.900391 0.446875 0.902344
0 0.450000 0.931641 0.529687 0.919922 0.534375 0.968750 0.450000 0.976562
0 0.865625 0.205078 0.898438 0.201172 0.914062 0.306641 0.885938 0.312500
0 0.796875 0.189453 0.826562 0.189453 0.828125 0.292969 0.798438 0.291016
0 0.753125 0.207031 0.781250 0.210938 0.778125 0.304688 0.745313 0.300781
0 0.673438 0.191406 0.706250 0.189453 0.718750 0.306641 0.684375 0.310547
