0 0.493750 0.570312 0.582812 0.572266 0.581250 0.617188 0.492188 0.611328
0 0.881250 0.000000 0.915625 0.000000 0.920312 0.113281 0.878125 0.117188
0 0.884375 0.167969 0.973437 0.158203 0.976562 0.201172 0.890625 0.210938
0 0.898438 0.265625 0.989062 0.271484 0.985938 0.310547 0.900000 0.302734
2 0.640625 0.410156 0.742188 0.410156 0.739062 0.460938 0.640625 0.451172
2 0.465625 0.412109 0.585938 0.410156 0.584375 0.457031 0.467187 0.466797
2 0.467187 0.285156 0.581250 0.281250 0.584375 0.330078 0.468750 0.339844
2 0.479687 0.167969 0.595313 0.160156 0.596875 0.214844 0.478125 0.216797
0 0.481250 0.232422 0.568750 0.234375 0.565625 0.269531 0.482812 0.275391
0 0.485938 0.117188 0.571875 0.115234 0.573438 0.154297 0.487500 0.160156
0 0.635938 0.035156 0.718750 0.019531 0.725000 0.056641 0.639062 0.074219
0 0.645312 0.087891 0.726562 0.080078 0.726562 0.121094 0.645312 0.125000
0 0.645312 0.146484 0.728125 0.136719 0.729688 0.179688 0.646875 0.185547
0 0.648438 0.207031 0.735938 0.201172 0.739062 0.238281 0.648438 0.248047
0 0.656250 0.296875 0.756250 0.304688 0.756250 0.345703 0.657813 0.339844
0 0.650000 0.351562 0.735938 0.359375 0.737500 0.402344 0.651563 0.400391
0 0.492188 0.480469 0.584375 0.480469 0.585938 0.523438 0.500000 0.531250
0 0.643750 0.474609 0.732812 0.474609 0.734375 0.515625 0.648438 0.517578
0 0.660937 0.535156 0.742188 0.542969 0.740625 0.585938 0.659375 0.574219
0 0.657813 0.607422 0.740625 0.607422 0.742188 0.646484 0.660937 0.648438
0 0.898438 0.423828 0.926562 0.421875 0.940625 0.509766 0.907813 0.517578
0 0.895312 0.585938 0.929688 0.583984 0.934375 0.695312 0.900000 0.695312
0 0.906250 0.859375 0.937500 0.853516 0.960938 0.964844 0.928125 0.976562
0 0.834375 0.837891 0.867188 0.845703 0.864062 0.957031 0.831250 0.953125
0 0.789062 0.855469 0.820312 0.861328 0.814063 0.960938 0.784375 0.955078
0 0.703125 0.839844 0.739062 0.833984 0.750000 0.957031 0.717187 0.962891
0 0.657813 0.855469 0.687500 0.853516 0.701562 0.964844 0.668750 0.968750
0 0.606250 0.869141 0.637500 0.867188 0.643750 0.962891 0.609375 0.966797
0 0.551562 0.853516 0.584375 0.847656 0.592187 0.964844 0.551562 0.966797
0 0.506250 0.851562 0.548438 0.851562 0.540625 0.968750 0.507812 0.966797
