0 0.571875 0.658203 0.664062 0.664062 0.662500 0.699219 0.573438 0.697266
4 0.750000 0.474609 0.773438 0.496094 0.728125 0.574219 0.707812 0.548828
4 0.056250 0.447266 0.079687 0.470703 0.020313 0.539062 0.004687 0.519531
0 0.776563 0.615234 0.864062 0.613281 0.865625 0.660156 0.778125 0.652344
0 0.784375 0.542969 0.853125 0.478516 0.871875 0.511719 0.801562 0.574219
1 0.617188 0.556641 0.701562 0.458984 0.726562 0.490234 0.648438 0.597656
0 0.554688 0.544922 0.621875 0.464844 0.640625 0.490234 0.575000 0.574219
0 0.496875 0.537109 0.556250 0.464844 0.578125 0.488281 0.520312 0.566406
0 0.478125 0.458984 0.504687 0.486328 0.442188 0.564453 0.417187 0.535156
0 0.353125 0.529297 0.414062 0.468750 0.434375 0.498047 0.373437 0.560547
0 0.337500 0.458984 0.364063 0.482422 0.303125 0.562500 0.282813 0.535156
0 0.271875 0.455078 0.293750 0.482422 0.235937 0.562500 0.212500 0.531250
0 0.196875 0.447266 0.223438 0.478516 0.156250 0.558594 0.135937 0.533203
0 0.110937 0.447266 0.140625 0.474609 0.089063 0.558594 0.065625 0.537109
0 0.000000 0.652344 0.051562 0.652344 0.053125 0.691406 0.000000 0.691406
0 0.267188 0.652344 0.360938 0.656250 0.359375 0.691406 0.268750 0.689453
