0 0.321875 0.316406 0.353125 0.316406 0.354687 0.419922 0.323437 0.421875
0 0.557813 0.332031 0.587500 0.343750 0.568750 0.447266 0.537500 0.437500
0 0.606250 0.328125 0.635938 0.337891 0.623437 0.445312 0.593750 0.439453
0 0.781250 0.343750 0.815625 0.351562 0.807813 0.455078 0.771875 0.447266
0 0.146875 0.621094 0.184375 0.621094 0.178125 0.728516 0.140625 0.724609
0 0.204687 0.617188 0.240625 0.619141 0.237500 0.738281 0.200000 0.740234
0 0.278125 0.628906 0.309375 0.632812 0.309375 0.740234 0.275000 0.740234
1 0.332813 0.621094 0.368750 0.625000 0.365625 0.746094 0.328125 0.744141
0 0.390625 0.640625 0.420312 0.642578 0.418750 0.750000 0.381250 0.748047
0 0.453125 0.638672 0.489063 0.642578 0.487500 0.753906 0.454688 0.751953
0 0.517188 0.666016 0.550000 0.669922 0.539062 0.779297 0.506250 0.771484
0 0.621875 0.617188 0.681250 0.585938 0.696875 0.621094 0.635938 0.656250
0 0.273438 0.318359 0.301563 0.318359 0.298438 0.417969 0.264062 0.414062
0 0.221875 0.326172 0.246875 0.324219 0.254688 0.406250 0.226562 0.416016
0 0.065625 0.511719 0.109375 0.513672 0.100000 0.636719 0.062500 0.638672
0 0.046875 0.294922 0.079687 0.294922 0.078125 0.386719 0.045312 0.392578
0 0.000000 0.291016 0.020313 0.291016 0.021875 0.398438 0.000000 0.404297
