0 0.000000 0.271484 0.020313 0.279297 0.020313 0.384766 0.000000 0.382812
0 0.276562 0.593750 0.310937 0.593750 0.307812 0.701172 0.273438 0.707031
0 0.228125 0.609375 0.259375 0.611328 0.256250 0.708984 0.223438 0.708984
0 0.139063 0.587891 0.173437 0.587891 0.171875 0.697266 0.135937 0.699219
0 0.040625 0.597656 0.073438 0.599609 0.067187 0.697266 0.035937 0.705078
0 0.000000 0.582031 0.017188 0.580078 0.025000 0.687500 0.000000 0.691406
0 0.585938 0.324219 0.620313 0.320312 0.615625 0.433594 0.582812 0.429688
0 0.773438 0.353516 0.806250 0.355469 0.814063 0.464844 0.778125 0.466797
0 0.704688 0.621094 0.735938 0.619141 0.742188 0.730469 0.709375 0.728516
0 0.660937 0.626953 0.689063 0.628906 0.689063 0.726562 0.657813 0.728516
0 0.610938 0.617188 0.642188 0.619141 0.635938 0.724609 0.603125 0.726562
0 0.557813 0.597656 0.590625 0.605469 0.579688 0.714844 0.545312 0.707031
0 0.423438 0.607422 0.454688 0.607422 0.460938 0.707031 0.426563 0.707031
0 0.376563 0.613281 0.406250 0.615234 0.409375 0.707031 0.379688 0.707031
0 0.326562 0.597656 0.360938 0.601562 0.356250 0.701172 0.323437 0.705078
0 0.534375 0.330078 0.567187 0.328125 0.571875 0.437500 0.539062 0.437500
0 0.334375 0.320312 0.364063 0.324219 0.356250 0.429688 0.323437 0.425781
0 0.276562 0.314453 0.306250 0.318359 0.304688 0.419922 0.273438 0.423828
0 0.225000 0.296875 0.251563 0.296875 0.253125 0.384766 0.220312 0.388672
0 0.039062 0.281250 0.076563 0.289062 0.073438 0.398438 0.037500 0.396484
