3 0.368750 0.115234 0.423438 0.121094 0.404687 0.390625 0.343750 0.378906
1 0.323437 0.390625 0.632812 0.470703 0.620313 0.535156 0.314063 0.462891
1 0.101562 0.017578 0.164062 0.023438 0.146875 0.437500 0.085938 0.437500
1 0.000000 0.058594 0.039062 0.064453 0.026562 0.375000 0.000000 0.376953
1 0.000000 0.839844 0.215625 0.835938 0.212500 0.906250 0.000000 0.912109
1 0.229687 0.849609 0.548438 0.867188 0.548438 0.935547 0.226562 0.916016
1 0.120313 0.914062 0.451562 0.941406 0.448437 1.000000 0.114062 0.992188
1 0.000000 0.759766 0.178125 0.767578 0.176563 0.828125 0.000000 0.820312
2 0.245312 0.058594 0.293750 0.066406 0.273438 0.447266 0.217188 0.449219
3 0.300000 0.099609 0.353125 0.103516 0.339062 0.373047 0.282813 0.365234
3 0.435937 0.125000 0.482812 0.130859 0.457813 0.400391 0.400000 0.392578
3 0.493750 0.142578 0.542188 0.146484 0.518750 0.414062 0.467187 0.402344
3 0.553125 0.136719 0.606250 0.146484 0.576562 0.417969 0.525000 0.408203
3 0.620313 0.152344 0.668750 0.167969 0.640625 0.429688 0.585938 0.419922
3 0.679688 0.167969 0.735938 0.177734 0.706250 0.439453 0.650000 0.437500
3 0.743750 0.191406 0.796875 0.199219 0.775000 0.470703 0.718750 0.453125
3 0.814063 0.207031 0.881250 0.214844 0.857812 0.482422 0.795312 0.476562
3 0.896875 0.210938 0.956250 0.216797 0.932813 0.486328 0.873437 0.474609
3 0.970313 0.228516 1.000000 0.238281 0.996875 0.509766 0.937500 0.500000
2 0.050000 0.039062 0.107813 0.042969 0.085938 0.431641 0.023438 0.435547
2 0.171875 0.046875 0.226562 0.048828 0.203125 0.437500 0.154688 0.433594
