0 0.418750 0.527344 0.500000 0.535156 0.498437 0.570312 0.420312 0.574219
0 0.650000 0.783203 0.742188 0.775391 0.746875 0.820312 0.650000 0.833984
0 0.417187 0.365234 0.500000 0.361328 0.503125 0.402344 0.417187 0.410156
0 0.426563 0.888672 0.510938 0.892578 0.515625 0.941406 0.421875 0.939453
0 0.648438 0.960938 0.726562 0.958984 0.728125 1.000000 0.653125 1.000000
0 0.406250 0.281250 0.490625 0.289062 0.490625 0.330078 0.407813 0.335938
0 0.642188 0.335938 0.725000 0.316406 0.732812 0.365234 0.640625 0.376953
0 0.654687 0.388672 0.734375 0.378906 0.740625 0.423828 0.659375 0.427734
0 0.656250 0.507812 0.739062 0.500000 0.745313 0.544922 0.659375 0.550781
0 0.409375 0.595703 0.496875 0.603516 0.496875 0.640625 0.407813 0.646484
0 0.421875 0.660156 0.515625 0.691406 0.515625 0.732422 0.412500 0.712891
0 0.640625 0.716797 0.734375 0.705078 0.745313 0.746094 0.642188 0.759766
0 0.010937 0.367188 0.093750 0.363281 0.098437 0.404297 0.010937 0.414062
0 0.014063 0.910156 0.100000 0.904297 0.100000 0.955078 0.012500 0.960938
0 0.010937 0.562500 0.090625 0.562500 0.092188 0.603516 0.006250 0.609375
0 0.000000 0.291016 0.082812 0.298828 0.085938 0.341797 0.000000 0.353516
