0 0.096875 0.343750 0.179688 0.341797 0.184375 0.386719 0.103125 0.394531
0 0.090625 0.812500 0.170313 0.798828 0.173437 0.847656 0.092188 0.857422
0 0.093750 0.542969 0.179688 0.523438 0.184375 0.568359 0.100000 0.585938
0 0.103125 0.755859 0.179688 0.740234 0.185938 0.787109 0.109375 0.802734
0 0.096875 0.621094 0.182812 0.621094 0.185938 0.660156 0.096875 0.673828
0 0.090625 0.884766 0.175000 0.878906 0.178125 0.931641 0.092188 0.925781
0 0.520312 0.925781 0.606250 0.927734 0.607812 0.968750 0.521875 0.976562
0 0.525000 0.722656 0.610938 0.724609 0.615625 0.759766 0.526563 0.769531
0 0.521875 0.632812 0.610938 0.632812 0.610938 0.677734 0.526563 0.679688
0 0.496875 0.568359 0.587500 0.558594 0.590625 0.593750 0.504687 0.619141
0 0.523438 0.388672 0.596875 0.384766 0.598437 0.421875 0.525000 0.427734
0 0.520312 0.322266 0.601562 0.326172 0.604688 0.363281 0.521875 0.371094
0 0.740625 0.283203 0.843750 0.279297 0.843750 0.328125 0.745313 0.343750
0 0.748437 0.359375 0.839063 0.343750 0.846875 0.390625 0.756250 0.402344
0 0.748437 0.416016 0.839063 0.414062 0.840625 0.457031 0.754687 0.464844
0 0.748437 0.484375 0.825000 0.470703 0.826562 0.519531 0.751563 0.529297
0 0.751563 0.554688 0.831250 0.541016 0.837500 0.595703 0.753125 0.593750
0 0.753125 0.712891 0.840625 0.699219 0.846875 0.750000 0.754687 0.755859
0 0.762500 0.808594 0.851562 0.808594 0.851562 0.867188 0.762500 0.867188
0 0.764062 0.894531 0.857812 0.882812 0.862500 0.945312 0.767188 0.939453
0 0.762500 0.960938 0.854688 0.962891 0.854688 1.000000 0.762500 1.000000
