0 0.759375 0.166016 0.832812 0.154297 0.837500 0.197266 0.760938 0.207031
0 0.765625 0.001953 0.854688 0.007812 0.851562 0.060547 0.759375 0.046875
0 0.384375 0.380859 0.454688 0.439453 0.437500 0.472656 0.359375 0.417969
0 0.373437 0.130859 0.443750 0.197266 0.425000 0.228516 0.354687 0.164062
0 0.510938 0.091797 0.545312 0.091797 0.553125 0.203125 0.515625 0.210938
0 0.629687 0.064453 0.662500 0.060547 0.676562 0.166016 0.637500 0.173828
0 0.521875 0.000000 0.615625 0.000000 0.615625 0.029297 0.521875 0.037109
0 0.362500 0.066406 0.434375 0.019531 0.450000 0.054688 0.379688 0.113281
0 0.000000 0.927734 0.093750 0.923828 0.089063 0.980469 0.000000 0.972656
0 0.114062 0.923828 0.201563 0.914062 0.206250 0.968750 0.114062 0.968750
0 0.381250 0.824219 0.453125 0.837891 0.448437 0.875000 0.376563 0.865234
0 0.373437 0.755859 0.465625 0.765625 0.462500 0.810547 0.370312 0.802734
0 0.376563 0.464844 0.456250 0.507812 0.439063 0.550781 0.365625 0.500000
0 0.556250 0.798828 0.626563 0.798828 0.626563 0.843750 0.556250 0.841797
0 0.554688 0.742188 0.626563 0.734375 0.626563 0.769531 0.554688 0.785156
0 0.531250 0.687500 0.617188 0.677734 0.621875 0.716797 0.535937 0.732422
0 0.532813 0.623047 0.615625 0.617188 0.614062 0.660156 0.532813 0.664062
0 0.531250 0.564453 0.604688 0.560547 0.610938 0.597656 0.534375 0.603516
0 0.532813 0.441406 0.606250 0.445312 0.604688 0.484375 0.532813 0.482422
0 0.532813 0.382812 0.615625 0.373047 0.615625 0.414062 0.539062 0.425781
0 0.525000 0.310547 0.612500 0.306641 0.614062 0.347656 0.529687 0.357422
0 0.728125 0.644531 0.765625 0.640625 0.773438 0.755859 0.728125 0.761719
0 0.634375 0.238281 0.664062 0.242188 0.670312 0.335938 0.635938 0.341797
0 0.526563 0.246094 0.609375 0.250000 0.610938 0.287109 0.526563 0.292969
0 0.739062 0.912109 0.832812 0.912109 0.835938 0.957031 0.735938 0.962891
0 0.754687 0.457031 0.832812 0.439453 0.843750 0.474609 0.764062 0.501953
0 0.751563 0.398438 0.831250 0.365234 0.843750 0.416016 0.760938 0.441406
0 0.751563 0.320312 0.823438 0.328125 0.823438 0.369141 0.750000 0.357422
0 0.626563 0.568359 0.657813 0.564453 0.665625 0.677734 0.629687 0.679688
