0 0.881250 0.484375 0.918750 0.494141 0.906250 0.613281 0.860938 0.601562
0 0.876563 0.853516 0.921875 0.853516 0.929688 0.988281 0.876563 0.992188
0 0.948438 0.835938 0.996875 0.845703 0.996875 0.986328 0.940625 0.970703
0 0.804688 0.853516 0.848437 0.851562 0.860938 0.980469 0.804688 0.978516
0 0.025000 0.767578 0.076563 0.773438 0.071875 0.931641 0.004687 0.923828
0 0.089063 0.796875 0.132812 0.798828 0.132812 0.937500 0.082812 0.933594
0 0.246875 0.798828 0.292187 0.808594 0.276562 0.947266 0.234375 0.941406
0 0.307812 0.804688 0.351562 0.806641 0.339062 0.949219 0.292187 0.943359
0 0.412500 0.816406 0.459375 0.816406 0.459375 0.958984 0.410938 0.957031
0 0.476562 0.828125 0.518750 0.826172 0.523438 0.970703 0.471875 0.964844
0 0.634375 0.830078 0.678125 0.830078 0.671875 0.968750 0.632812 0.970703
0 0.689063 0.824219 0.732812 0.828125 0.732812 0.974609 0.682813 0.972656
0 0.018750 0.402344 0.065625 0.408203 0.057813 0.544922 0.004687 0.541016
0 0.093750 0.421875 0.143750 0.429688 0.126562 0.576172 0.081250 0.568359
0 0.167187 0.412109 0.212500 0.423828 0.190625 0.544922 0.150000 0.537109
0 0.242188 0.412109 0.287500 0.414062 0.279687 0.560547 0.231250 0.554688
0 0.307812 0.425781 0.350000 0.431641 0.345313 0.570312 0.295312 0.562500
0 0.375000 0.441406 0.418750 0.449219 0.412500 0.576172 0.368750 0.572266
0 0.542188 0.443359 0.589063 0.447266 0.575000 0.583984 0.529687 0.574219
0 0.601562 0.458984 0.648438 0.455078 0.645312 0.617188 0.598437 0.607422
0 0.668750 0.474609 0.717187 0.474609 0.717187 0.621094 0.667188 0.615234
0 0.729688 0.484375 0.775000 0.484375 0.779687 0.630859 0.731250 0.626953
