0 0.557813 0.396484 0.600000 0.421875 0.551562 0.529297 0.517188 0.505859
0 0.640625 0.183594 0.682813 0.203125 0.634375 0.314453 0.598437 0.296875
0 0.976562 0.185547 1.000000 0.216797 0.967187 0.312500 0.935937 0.287109
0 0.918750 0.195312 0.951562 0.210938 0.910937 0.314453 0.881250 0.291016
0 0.846875 0.179688 0.882812 0.205078 0.832812 0.302734 0.801562 0.275391
4 0.282813 0.412109 0.325000 0.425781 0.296875 0.541016 0.259375 0.529297
0 0.778125 0.177734 0.821875 0.201172 0.770312 0.310547 0.734375 0.287109
0 0.568750 0.179688 0.621875 0.205078 0.568750 0.312500 0.531250 0.291016
0 0.512500 0.169922 0.556250 0.193359 0.509375 0.302734 0.478125 0.277344
0 0.435937 0.189453 0.481250 0.214844 0.425000 0.312500 0.389062 0.285156
0 0.270313 0.191406 0.306250 0.189453 0.307812 0.322266 0.267188 0.326172
0 0.365625 0.400391 0.409375 0.421875 0.365625 0.537109 0.332813 0.513672
0 0.437500 0.402344 0.471875 0.421875 0.429688 0.535156 0.387500 0.513672
0 0.495312 0.404297 0.537500 0.431641 0.484375 0.537109 0.451562 0.511719
0 0.634375 0.419922 0.673438 0.435547 0.637500 0.546875 0.596875 0.525391
0 0.696875 0.416016 0.734375 0.431641 0.693750 0.546875 0.657813 0.523438
0 0.750000 0.431641 0.789062 0.455078 0.756250 0.541016 0.720313 0.519531
0 0.896875 0.429688 0.937500 0.439453 0.917188 0.560547 0.865625 0.539062
0 0.867188 0.675781 0.906250 0.650391 0.946875 0.750000 0.909375 0.779297
0 0.657813 0.675781 0.687500 0.648438 0.743750 0.757812 0.709375 0.789062
0 0.595313 0.671875 0.632812 0.648438 0.670312 0.753906 0.632812 0.773438
0 0.532813 0.671875 0.564063 0.652344 0.607812 0.744141 0.568750 0.775391
0 0.459375 0.677734 0.490625 0.654297 0.535937 0.753906 0.500000 0.779297
0 0.321875 0.664062 0.356250 0.650391 0.389062 0.746094 0.353125 0.761719
0 0.254688 0.662109 0.284375 0.644531 0.321875 0.740234 0.287500 0.763672
0 0.185938 0.884766 0.273438 0.880859 0.271875 0.937500 0.184375 0.937500
