0 0.684375 0.759766 0.725000 0.761719 0.720313 0.880859 0.681250 0.880859
0 0.132812 0.000000 0.225000 0.000000 0.228125 0.042969 0.134375 0.048828
0 0.125000 0.052734 0.226562 0.050781 0.226562 0.109375 0.126562 0.111328
0 0.140625 0.125000 0.231250 0.121094 0.226562 0.177734 0.139063 0.167969
0 0.129688 0.167969 0.228125 0.191406 0.218750 0.244141 0.121875 0.214844
0 0.126562 0.271484 0.210938 0.269531 0.212500 0.320312 0.125000 0.320312
0 0.123438 0.337891 0.212500 0.339844 0.212500 0.384766 0.125000 0.390625
0 0.142187 0.394531 0.212500 0.404297 0.210938 0.449219 0.135937 0.437500
0 0.120313 0.458984 0.210938 0.455078 0.207813 0.505859 0.117188 0.496094
0 0.117188 0.515625 0.210938 0.521484 0.204687 0.566406 0.114062 0.566406
4 0.681250 0.634766 0.718750 0.628906 0.718750 0.732422 0.679688 0.734375
2 0.945312 0.677734 0.993750 0.673828 1.000000 0.832031 0.939063 0.833984
4 0.945312 0.898438 0.990625 0.896484 1.000000 1.000000 0.953125 1.000000
0 0.120313 0.580078 0.214062 0.591797 0.207813 0.634766 0.115625 0.625000
0 0.140625 0.740234 0.214062 0.750000 0.210938 0.796875 0.132812 0.781250
0 0.104688 0.792969 0.204687 0.802734 0.204687 0.851562 0.101562 0.849609
0 0.098437 0.865234 0.198437 0.869141 0.198437 0.916016 0.096875 0.925781
0 0.103125 0.935547 0.192188 0.935547 0.190625 0.992188 0.103125 0.990234
0 0.948438 0.244141 0.985938 0.244141 0.985938 0.355469 0.940625 0.355469
0 0.945312 0.417969 0.995313 0.414062 0.982812 0.515625 0.942187 0.519531
0 0.690625 0.064453 0.731250 0.072266 0.718750 0.187500 0.681250 0.181641
0 0.695312 0.187500 0.728125 0.187500 0.728125 0.296875 0.690625 0.296875
0 0.685937 0.316406 0.725000 0.320312 0.721875 0.435547 0.679688 0.439453
0 0.679688 0.470703 0.723437 0.466797 0.729688 0.601562 0.681250 0.601562
0 0.687500 0.902344 0.726562 0.914062 0.707812 1.000000 0.667188 1.000000
0 0.589063 0.568359 0.626563 0.582031 0.601562 0.664062 0.570312 0.654297
