0 0.595313 0.531250 0.643750 0.529297 0.637500 0.646484 0.596875 0.646484
0 0.723437 0.861328 0.759375 0.859375 0.781250 0.974609 0.734375 0.988281
0 0.806250 0.867188 0.848437 0.859375 0.856250 0.980469 0.810937 0.982422
0 0.967187 0.537109 1.000000 0.537109 1.000000 0.646484 0.967187 0.646484
0 0.906250 0.527344 0.946875 0.527344 0.954688 0.640625 0.907813 0.642578
0 0.846875 0.537109 0.885938 0.535156 0.882812 0.646484 0.846875 0.648438
0 0.785937 0.541016 0.821875 0.535156 0.826562 0.626953 0.792188 0.630859
0 0.726562 0.533203 0.770312 0.533203 0.768750 0.638672 0.731250 0.638672
0 0.664062 0.531250 0.696875 0.527344 0.701562 0.648438 0.654687 0.646484
0 0.525000 0.525391 0.567187 0.521484 0.565625 0.648438 0.529687 0.650391
0 0.470313 0.531250 0.509375 0.531250 0.509375 0.644531 0.475000 0.646484
0 0.578125 0.843750 0.614062 0.847656 0.607812 0.962891 0.573438 0.962891
0 0.431250 0.849609 0.468750 0.853516 0.464062 0.970703 0.420312 0.962891
0 0.159375 0.863281 0.201563 0.859375 0.207813 0.974609 0.164062 0.986328
0 0.045312 0.876953 0.084375 0.875000 0.081250 0.992188 0.040625 0.992188
