0 0.715625 0.181641 0.817187 0.164062 0.823438 0.216797 0.717187 0.226562
0 0.037500 0.521484 0.076563 0.521484 0.071875 0.634766 0.034375 0.642578
0 0.000000 0.523438 0.021875 0.521484 0.025000 0.634766 0.000000 0.640625
0 0.043750 0.832031 0.084375 0.822266 0.087500 0.947266 0.045312 0.953125
0 0.106250 0.822266 0.142187 0.820312 0.140625 0.933594 0.103125 0.937500
0 0.287500 0.849609 0.321875 0.851562 0.318750 0.951172 0.284375 0.947266
0 0.339062 0.818359 0.373437 0.818359 0.370312 0.943359 0.339062 0.943359
0 0.395313 0.837891 0.428125 0.837891 0.425000 0.941406 0.393750 0.941406
0 0.437500 0.837891 0.476562 0.837891 0.475000 0.953125 0.439063 0.951172
0 0.540625 0.882812 0.575000 0.863281 0.612500 0.962891 0.582812 0.978516
0 0.603125 0.900391 0.632812 0.876953 0.687500 0.972656 0.656250 0.998047
0 0.660937 0.884766 0.684375 0.861328 0.745313 0.949219 0.718750 0.976562
0 0.735938 0.824219 0.803125 0.916016 0.776563 0.947266 0.712500 0.855469
1 0.831250 0.818359 0.968750 0.816406 0.971875 0.890625 0.839063 0.892578
0 0.843750 0.751953 0.942187 0.748047 0.942187 0.800781 0.845313 0.800781
0 0.542188 0.472656 0.575000 0.458984 0.603125 0.566406 0.570312 0.580078
0 0.692187 0.541016 0.787500 0.544922 0.787500 0.585938 0.692187 0.591797
0 0.818750 0.564453 0.914062 0.564453 0.921875 0.613281 0.817187 0.617188
0 0.920312 0.296875 0.954688 0.289062 0.973437 0.384766 0.939063 0.396484
0 0.589063 0.433594 0.615625 0.400391 0.681250 0.470703 0.659375 0.503906
0 0.714063 0.451172 0.795312 0.455078 0.798438 0.498047 0.712500 0.503906
0 0.700000 0.392578 0.792188 0.386719 0.795312 0.431641 0.703125 0.439453
0 0.712500 0.322266 0.800000 0.326172 0.803125 0.373047 0.712500 0.376953
0 0.745313 0.259766 0.826562 0.257812 0.829688 0.308594 0.743750 0.308594
0 0.714063 0.105469 0.809375 0.095703 0.812500 0.146484 0.717187 0.158203
0 0.700000 0.027344 0.803125 0.011719 0.807813 0.062500 0.701562 0.080078
0 0.410938 0.521484 0.450000 0.517578 0.446875 0.634766 0.410938 0.644531
0 0.365625 0.525391 0.404687 0.521484 0.401562 0.628906 0.367188 0.634766
0 0.318750 0.505859 0.354687 0.513672 0.346875 0.638672 0.309375 0.634766
0 0.257812 0.529297 0.296875 0.527344 0.301563 0.628906 0.260937 0.628906
0 0.209375 0.527344 0.248438 0.529297 0.248438 0.640625 0.207813 0.638672
0 0.154688 0.537109 0.193750 0.533203 0.195312 0.634766 0.160938 0.630859
0 0.084375 0.523438 0.126562 0.529297 0.118750 0.642578 0.082812 0.642578
