0 0.039062 0.544922 0.071875 0.541016 0.071875 0.658203 0.034375 0.662109
0 0.125000 0.542969 0.164062 0.541016 0.157812 0.660156 0.120313 0.662109
0 0.264062 0.546875 0.300000 0.548828 0.290625 0.664062 0.253125 0.660156
0 0.314063 0.550781 0.350000 0.548828 0.350000 0.662109 0.314063 0.667969
0 0.000000 0.851562 0.029687 0.851562 0.026562 0.957031 0.000000 0.960938
0 0.364063 0.550781 0.400000 0.548828 0.401562 0.667969 0.362500 0.667969
0 0.634375 0.837891 0.671875 0.841797 0.670312 0.964844 0.628125 0.958984
0 0.776563 0.841797 0.812500 0.841797 0.814063 0.958984 0.768750 0.951172
0 0.901563 0.751953 0.995313 0.753906 0.996875 0.798828 0.901563 0.796875
0 0.770312 0.667969 0.862500 0.642578 0.875000 0.689453 0.776563 0.712891
0 0.692187 0.548828 0.729688 0.548828 0.726562 0.673828 0.687500 0.677734
0 0.643750 0.568359 0.676562 0.566406 0.681250 0.669922 0.640625 0.671875
0 0.512500 0.566406 0.545312 0.566406 0.542188 0.685547 0.504687 0.685547
0 0.467187 0.542969 0.500000 0.544922 0.498437 0.650391 0.462500 0.652344
0 0.417187 0.541016 0.453125 0.541016 0.453125 0.652344 0.417187 0.658203
0 0.071875 0.835938 0.115625 0.839844 0.107813 0.976562 0.064062 0.972656
0 0.131250 0.843750 0.168750 0.843750 0.168750 0.958984 0.129688 0.966797
0 0.181250 0.833984 0.220312 0.835938 0.220312 0.968750 0.176563 0.968750
0 0.307812 0.843750 0.340625 0.841797 0.342187 0.966797 0.303125 0.968750
0 0.354687 0.845703 0.401562 0.843750 0.398438 0.964844 0.362500 0.970703
0 0.431250 0.832031 0.467187 0.830078 0.467187 0.947266 0.431250 0.939453
0 0.479687 0.847656 0.514062 0.845703 0.520312 0.960938 0.481250 0.958984
0 0.532813 0.822266 0.568750 0.824219 0.567187 0.935547 0.529687 0.935547
0 0.584375 0.820312 0.623437 0.824219 0.620313 0.947266 0.581250 0.945312
