0 0.353125 0.396484 0.390625 0.396484 0.393750 0.517578 0.350000 0.519531
0 0.296875 0.400391 0.337500 0.400391 0.328125 0.511719 0.290625 0.505859
0 0.142187 0.091797 0.178125 0.087891 0.178125 0.216797 0.139063 0.218750
0 0.090625 0.105469 0.129688 0.107422 0.129688 0.216797 0.089063 0.218750
0 0.250000 0.402344 0.287500 0.400391 0.281250 0.509766 0.248438 0.511719
0 0.118750 0.367188 0.162500 0.365234 0.167187 0.488281 0.120313 0.490234
0 0.535937 0.107422 0.573438 0.105469 0.578125 0.218750 0.539062 0.222656
0 0.484375 0.123047 0.526563 0.126953 0.523438 0.238281 0.482812 0.234375
0 0.445312 0.119141 0.473438 0.121094 0.471875 0.230469 0.434375 0.226562
0 0.390625 0.113281 0.426563 0.111328 0.426563 0.226562 0.390625 0.228516
0 0.184375 0.091797 0.226562 0.087891 0.228125 0.216797 0.181250 0.210938
0 0.073438 0.390625 0.115625 0.388672 0.121875 0.500000 0.076563 0.500000
0 0.014063 0.386719 0.059375 0.384766 0.057813 0.509766 0.018750 0.507812
0 0.696875 0.103516 0.735938 0.107422 0.734375 0.212891 0.698438 0.212891
0 0.735938 0.097656 0.773438 0.095703 0.784375 0.207031 0.742188 0.208984
0 0.793750 0.115234 0.831250 0.119141 0.826562 0.226562 0.789062 0.226562
0 0.840625 0.111328 0.881250 0.111328 0.878125 0.212891 0.840625 0.212891
0 0.939063 0.394531 0.982812 0.392578 0.992188 0.511719 0.946875 0.515625
0 0.889062 0.400391 0.925000 0.400391 0.934375 0.515625 0.892188 0.517578
0 0.834375 0.398438 0.876563 0.400391 0.881250 0.509766 0.839063 0.511719
0 0.660937 0.392578 0.704688 0.396484 0.703125 0.501953 0.664062 0.500000
0 0.610938 0.400391 0.648438 0.398438 0.651563 0.500000 0.615625 0.505859
0 0.525000 0.392578 0.565625 0.392578 0.570312 0.505859 0.528125 0.503906
0 0.401562 0.396484 0.439063 0.396484 0.440625 0.507812 0.403125 0.507812
