0 0.875000 0.498047 0.960938 0.492188 0.960938 0.541016 0.878125 0.544922
0 0.182812 0.419922 0.264062 0.382812 0.278125 0.429688 0.190625 0.466797
0 0.287500 0.373047 0.368750 0.332031 0.387500 0.375000 0.309375 0.417969
0 0.385937 0.326172 0.468750 0.250000 0.492188 0.287109 0.414062 0.365234
0 0.157812 0.656250 0.240625 0.607422 0.262500 0.650391 0.176563 0.701172
0 0.239063 0.554688 0.339062 0.574219 0.332813 0.623047 0.235937 0.597656
0 0.385937 0.091797 0.470313 0.085938 0.468750 0.138672 0.385937 0.142578
0 0.360938 0.533203 0.459375 0.519531 0.462500 0.570312 0.365625 0.578125
0 0.384375 0.585938 0.484375 0.599609 0.481250 0.654297 0.381250 0.638672
0 0.398438 0.666016 0.489063 0.671875 0.487500 0.728516 0.396875 0.720703
0 0.400000 0.732422 0.490625 0.734375 0.492188 0.783203 0.401562 0.781250
0 0.400000 0.800781 0.504687 0.804688 0.503125 0.861328 0.398438 0.851562
0 0.865625 0.021484 0.950000 0.021484 0.953125 0.066406 0.865625 0.070312
0 0.864062 0.087891 0.954688 0.085938 0.954688 0.138672 0.864062 0.136719
0 0.876563 0.160156 0.960938 0.158203 0.964063 0.210938 0.875000 0.205078
0 0.879687 0.234375 0.962500 0.226562 0.964063 0.273438 0.881250 0.281250
0 0.871875 0.298828 0.959375 0.289062 0.964063 0.335938 0.875000 0.347656
0 0.881250 0.369141 0.962500 0.363281 0.965625 0.412109 0.882812 0.414062
4 0.109375 0.476562 0.173437 0.431641 0.187500 0.470703 0.121875 0.507812
0 0.882812 0.556641 0.970313 0.556641 0.968750 0.607422 0.882812 0.603516
0 0.876563 0.628906 0.967187 0.625000 0.968750 0.677734 0.875000 0.675781
0 0.889062 0.703125 0.965625 0.699219 0.965625 0.750000 0.890625 0.751953
0 0.870313 0.763672 0.965625 0.761719 0.965625 0.810547 0.870313 0.812500
0 0.876563 0.832031 0.960938 0.833984 0.960938 0.878906 0.875000 0.875000
0 0.787500 0.890625 0.881250 0.898438 0.881250 0.949219 0.785937 0.939453
0 0.765625 0.958984 0.862500 0.962891 0.859375 1.000000 0.762500 1.000000
4 0.884375 0.437500 0.953125 0.421875 0.964063 0.462891 0.892188 0.478516
