0 0.885938 0.410156 0.967187 0.410156 0.967187 0.458984 0.885938 0.458984
0 0.707812 0.611328 0.793750 0.611328 0.793750 0.650391 0.707812 0.650391
0 0.589063 0.697266 0.682813 0.697266 0.682813 0.746094 0.589063 0.746094
0 0.471875 0.423828 0.556250 0.423828 0.556250 0.478516 0.471875 0.478516
0 0.462500 0.791016 0.545312 0.791016 0.545312 0.849609 0.462500 0.849609
0 0.351562 0.591797 0.454688 0.591797 0.454688 0.648438 0.351562 0.648438
2 0.248438 0.791016 0.373437 0.791016 0.373437 0.849609 0.248438 0.849609
0 0.285938 0.730469 0.381250 0.730469 0.381250 0.779297 0.285938 0.779297
0 0.248438 0.677734 0.343750 0.677734 0.343750 0.730469 0.248438 0.730469
0 0.000000 0.781250 0.089063 0.781250 0.089063 0.837891 0.000000 0.837891
0 0.000000 0.689453 0.090625 0.695312 0.089063 0.744141 0.000000 0.738281
0 0.014063 0.189453 0.112500 0.189453 0.112500 0.240234 0.014063 0.240234
4 0.000000 0.273438 0.053125 0.273438 0.053125 0.318359 0.000000 0.318359
4 0.426563 0.714844 0.510938 0.714844 0.510938 0.765625 0.426563 0.765625
