0 0.459375 0.664062 0.504687 0.664062 0.504687 0.783203 0.459375 0.783203
0 0.770312 0.150391 0.859375 0.173828 0.851562 0.222656 0.762500 0.197266
0 0.775000 0.238281 0.854688 0.238281 0.854688 0.283203 0.775000 0.283203
4 0.795312 0.787109 0.839063 0.787109 0.839063 0.914062 0.795312 0.914062
4 0.526563 0.191406 0.562500 0.191406 0.562500 0.281250 0.526563 0.281250
0 0.751563 0.376953 0.793750 0.382812 0.784375 0.500000 0.743750 0.492188
0 0.775000 0.728516 0.864062 0.728516 0.864062 0.781250 0.775000 0.781250
0 0.615625 0.824219 0.656250 0.824219 0.656250 0.949219 0.615625 0.949219
0 0.529687 0.890625 0.575000 0.890625 0.575000 1.000000 0.529687 1.000000
0 0.778125 0.667969 0.859375 0.667969 0.859375 0.716797 0.778125 0.716797
0 0.754687 0.603516 0.848437 0.603516 0.848437 0.648438 0.754687 0.648438
0 0.689063 0.392578 0.723437 0.388672 0.731250 0.480469 0.692187 0.482422
0 0.464062 0.816406 0.504687 0.816406 0.504687 0.935547 0.464062 0.935547
0 0.631250 0.037109 0.665625 0.046875 0.659375 0.142578 0.625000 0.138672
