0 0.896875 0.839844 0.940625 0.830078 0.948438 0.949219 0.906250 0.951172
4 0.898438 0.236328 0.928125 0.261719 0.878125 0.335938 0.851562 0.308594
0 1.000000 0.240234 1.000000 0.279297 0.985938 0.343750 0.957812 0.314453
0 0.943750 0.240234 1.000000 0.177734 1.000000 0.210938 0.960938 0.281250
0 0.939063 0.181641 1.000000 0.111328 1.000000 0.138672 0.957812 0.216797
0 0.928125 0.105469 1.000000 0.046875 1.000000 0.076172 0.956250 0.144531
0 0.928125 0.039062 0.996875 0.000000 1.000000 0.007812 0.948438 0.076172
0 0.967187 0.832031 1.000000 0.826172 1.000000 0.927734 0.976562 0.929688
0 0.851562 0.843750 0.895312 0.839844 0.901563 0.958984 0.859375 0.960938
0 0.857812 0.712891 0.896875 0.712891 0.896875 0.830078 0.857812 0.830078
0 0.757812 0.833984 0.796875 0.830078 0.806250 0.957031 0.762500 0.960938
0 0.756250 0.773438 0.820312 0.722656 0.839063 0.761719 0.776563 0.812500
0 0.815625 0.609375 0.843750 0.630859 0.795312 0.730469 0.767188 0.705078
0 0.743750 0.560547 0.784375 0.580078 0.756250 0.679688 0.715625 0.660156
0 0.667188 0.683594 0.707812 0.683594 0.707812 0.802734 0.667188 0.802734
0 0.542188 0.517578 0.582812 0.517578 0.582812 0.636719 0.542188 0.636719
0 0.479687 0.935547 0.568750 0.996094 0.546875 1.000000 0.459375 0.980469
0 0.473438 0.855469 0.559375 0.894531 0.545312 0.939453 0.462500 0.900391
0 0.467187 0.771484 0.556250 0.828125 0.537500 0.871094 0.453125 0.818359
0 0.482812 0.708984 0.562500 0.761719 0.543750 0.804688 0.460938 0.753906
0 0.470313 0.583984 0.501563 0.558594 0.548438 0.650391 0.520312 0.675781
0 0.698438 0.242188 0.735938 0.242188 0.735938 0.353516 0.698438 0.353516
0 0.685937 0.048828 0.725000 0.048828 0.725000 0.154297 0.685937 0.154297
0 0.545312 0.177734 0.587500 0.177734 0.587500 0.283203 0.545312 0.283203
0 0.392188 0.851562 0.432812 0.851562 0.429688 0.972656 0.387500 0.970703
0 0.276562 0.304688 0.312500 0.304688 0.312500 0.412109 0.276562 0.412109
0 0.279687 0.113281 0.318750 0.113281 0.318750 0.222656 0.279687 0.222656
0 0.376563 0.546875 0.418750 0.546875 0.418750 0.660156 0.376563 0.660156
0 0.285938 0.509766 0.315625 0.492188 0.354687 0.595703 0.321875 0.611328
0 0.268750 0.626953 0.321875 0.626953 0.321875 0.728516 0.268750 0.728516
0 0.167187 0.544922 0.257812 0.544922 0.257812 0.599609 0.167187 0.599609
0 0.160938 0.621094 0.259375 0.626953 0.260937 0.673828 0.162500 0.669922
0 0.162500 0.695312 0.253125 0.683594 0.259375 0.732422 0.164062 0.742188
0 0.164062 0.769531 0.254688 0.769531 0.254688 0.822266 0.164062 0.822266
0 0.159375 0.843750 0.251563 0.826172 0.259375 0.876953 0.168750 0.896484
0 0.151562 0.923828 0.240625 0.888672 0.265625 0.964844 0.173437 1.000000
