4 0.601562 0.777344 0.679688 0.781250 0.681250 0.822266 0.601562 0.814453
1 0.664062 0.625000 0.704688 0.628906 0.695312 0.761719 0.656250 0.759766
4 0.829688 0.550781 0.906250 0.550781 0.906250 0.593750 0.829688 0.593750
4 0.514062 0.333984 0.554688 0.333984 0.554688 0.437500 0.514062 0.437500
4 0.418750 0.341797 0.451562 0.341797 0.451562 0.429688 0.418750 0.429688
0 0.704688 0.652344 0.742188 0.652344 0.742188 0.761719 0.704688 0.761719
0 0.610938 0.644531 0.646875 0.644531 0.646875 0.755859 0.610938 0.755859
0 0.646875 0.884766 0.737500 0.884766 0.737500 0.939453 0.646875 0.939453
0 0.593750 0.832031 0.695312 0.832031 0.695312 0.878906 0.593750 0.882812
0 0.670312 0.349609 0.710938 0.349609 0.710938 0.429688 0.670312 0.429688
0 0.490625 0.765625 0.590625 0.779297 0.590625 0.824219 0.485938 0.814453
0 0.459375 0.527344 0.540625 0.599609 0.520312 0.636719 0.440625 0.568359
0 0.556250 0.644531 0.592187 0.644531 0.592187 0.755859 0.556250 0.755859
0 0.464062 0.634766 0.504687 0.638672 0.500000 0.759766 0.456250 0.757812
0 0.420312 0.630859 0.454688 0.634766 0.445312 0.744141 0.406250 0.740234
0 0.381250 0.603516 0.414062 0.619141 0.390625 0.726562 0.354687 0.714844
0 0.307812 0.835938 0.382812 0.835938 0.382812 0.886719 0.307812 0.886719
0 0.045312 0.947266 0.082812 0.947266 0.082812 1.000000 0.045312 1.000000
0 0.104688 0.849609 0.142187 0.855469 0.123438 0.974609 0.085938 0.964844
0 0.112500 0.617188 0.148438 0.617188 0.148438 0.732422 0.112500 0.732422
0 0.767188 0.363281 0.807813 0.363281 0.807813 0.478516 0.767188 0.478516
0 0.614062 0.335938 0.654687 0.335938 0.654687 0.460938 0.614062 0.460938
0 0.567187 0.353516 0.607812 0.353516 0.607812 0.453125 0.567187 0.453125
0 0.459375 0.324219 0.503125 0.324219 0.503125 0.445312 0.459375 0.445312
0 0.839063 0.050781 0.870313 0.019531 0.920312 0.113281 0.892188 0.140625
0 0.720313 0.353516 0.757812 0.353516 0.765625 0.457031 0.729688 0.458984
0 0.751563 0.648438 0.787500 0.648438 0.793750 0.744141 0.756250 0.748047
4 0.607812 0.472656 0.687500 0.472656 0.687500 0.525391 0.607812 0.525391
0 0.814063 0.347656 0.856250 0.347656 0.856250 0.460938 0.814063 0.460938
0 0.859375 0.322266 0.903125 0.322266 0.903125 0.439453 0.859375 0.439453
0 0.903125 0.312500 0.939063 0.312500 0.939063 0.421875 0.903125 0.421875
0 0.954688 0.304688 0.998437 0.304688 0.998437 0.417969 0.954688 0.417969
0 0.959375 0.466797 1.000000 0.466797 1.000000 0.591797 0.959375 0.591797
0 0.737500 0.478516 0.826562 0.478516 0.826562 0.531250 0.737500 0.531250
0 0.970313 0.931641 1.000000 0.958984 0.945312 1.000000 0.917188 1.000000
0 0.951562 0.857422 0.979688 0.880859 0.932813 0.978516 0.900000 0.953125
0 0.907813 0.820312 0.973437 0.777344 0.993750 0.812500 0.928125 0.863281
0 0.854688 0.753906 0.895312 0.753906 0.895312 0.869141 0.854688 0.869141
0 0.850000 0.626953 0.895312 0.626953 0.895312 0.742188 0.850000 0.742188
0 0.798438 0.632812 0.840625 0.626953 0.851562 0.742188 0.809375 0.748047
