0 0.800000 0.658203 0.840625 0.658203 0.840625 0.779297 0.800000 0.779297
0 0.806250 0.375000 0.843750 0.375000 0.843750 0.488281 0.806250 0.488281
0 0.809375 0.000000 0.850000 0.000000 0.850000 0.083984 0.809375 0.083984
0 0.664062 0.058594 0.706250 0.058594 0.706250 0.167969 0.664062 0.167969
0 0.568750 0.218750 0.648438 0.265625 0.629687 0.310547 0.556250 0.259766
0 0.482812 0.152344 0.515625 0.142578 0.534375 0.246094 0.500000 0.253906
0 0.376563 0.216797 0.442188 0.166016 0.465625 0.203125 0.403125 0.253906
0 0.371875 0.160156 0.446875 0.109375 0.464062 0.150391 0.385937 0.199219
0 0.375000 0.095703 0.443750 0.041016 0.464062 0.078125 0.393750 0.130859
0 0.376563 0.037109 0.450000 0.000000 0.467187 0.017578 0.395313 0.072266
0 0.435937 0.279297 0.510938 0.279297 0.510938 0.324219 0.435937 0.324219
0 0.728125 0.902344 0.773438 0.902344 0.773438 1.000000 0.728125 1.000000
0 0.639062 0.939453 0.676562 0.939453 0.676562 1.000000 0.639062 1.000000
4 0.237500 0.382812 0.339062 0.382812 0.339062 0.427734 0.237500 0.427734
4 0.478125 0.498047 0.507812 0.517578 0.462500 0.597656 0.439063 0.576172
4 0.425000 0.781250 0.500000 0.707031 0.525000 0.746094 0.448437 0.824219
0 0.651563 0.646484 0.690625 0.646484 0.690625 0.740234 0.651563 0.740234
0 0.465625 0.423828 0.545312 0.429688 0.546875 0.478516 0.460938 0.470703
0 0.365625 0.406250 0.440625 0.408203 0.439063 0.457031 0.360938 0.439453
4 0.059375 0.380859 0.137500 0.380859 0.137500 0.423828 0.059375 0.423828
4 0.803125 0.222656 0.835938 0.222656 0.835938 0.322266 0.803125 0.322266
0 0.143750 0.382812 0.232813 0.382812 0.232813 0.427734 0.143750 0.427734
0 0.207813 0.279297 0.289062 0.279297 0.289062 0.333984 0.207813 0.333984
0 0.043750 0.279297 0.128125 0.279297 0.128125 0.326172 0.043750 0.326172
