0 0.478125 0.328125 0.584375 0.382812 0.567187 0.431641 0.460938 0.376953
0 0.592187 0.000000 0.700000 0.000000 0.701562 0.037109 0.593750 0.027344
0 0.634375 0.052734 0.742188 0.052734 0.742188 0.109375 0.634375 0.109375
0 0.567187 0.228516 0.670312 0.242188 0.668750 0.298828 0.564063 0.285156
0 0.564063 0.302734 0.662500 0.302734 0.662500 0.359375 0.564063 0.359375
0 0.462500 0.400391 0.565625 0.451172 0.550000 0.501953 0.448437 0.457031
0 0.542188 0.699219 0.631250 0.613281 0.665625 0.654297 0.570312 0.750000
0 0.334375 0.625000 0.442188 0.644531 0.434375 0.697266 0.326562 0.681641
0 0.445312 0.482422 0.540625 0.507812 0.532813 0.560547 0.434375 0.544922
0 0.385937 0.568359 0.482812 0.568359 0.482812 0.623047 0.385937 0.623047
0 0.115625 0.597656 0.221875 0.611328 0.214062 0.669922 0.110937 0.654297
0 0.000000 0.822266 0.070312 0.822266 0.070312 0.882812 0.000000 0.882812
0 0.087500 0.841797 0.195312 0.841797 0.195312 0.900391 0.087500 0.900391
0 0.321875 0.906250 0.367188 0.906250 0.367188 1.000000 0.321875 1.000000
0 0.401562 0.951172 0.510938 0.951172 0.510938 1.000000 0.401562 1.000000
0 0.807813 0.732422 0.850000 0.744141 0.826562 0.876953 0.784375 0.863281
2 0.917188 0.544922 0.957812 0.552734 0.942187 0.693359 0.896875 0.681641
2 0.878125 0.810547 0.920312 0.824219 0.903125 0.972656 0.857812 0.958984
