0 0.809375 0.361328 0.878125 0.277344 0.907813 0.308594 0.840625 0.400391
0 0.929688 0.025391 1.000000 0.041016 1.000000 0.101562 0.923438 0.083984
0 0.826562 0.000000 0.862500 0.000000 0.906250 0.023438 0.871875 0.056641
0 0.159375 0.152344 0.267188 0.162109 0.264062 0.220703 0.156250 0.212891
0 0.718750 0.527344 0.771875 0.527344 0.771875 0.658203 0.718750 0.658203
0 0.732812 0.320312 0.778125 0.300781 0.806250 0.437500 0.764062 0.457031
0 0.689063 0.777344 0.729688 0.777344 0.729688 0.884766 0.689063 0.884766
0 0.589063 0.322266 0.634375 0.314453 0.640625 0.449219 0.593750 0.451172
2 0.564063 0.816406 0.603125 0.824219 0.587500 0.937500 0.546875 0.929688
0 0.685937 0.917969 0.731250 0.923828 0.718750 1.000000 0.675000 1.000000
4 0.609375 0.462891 0.645312 0.466797 0.629687 0.585938 0.590625 0.578125
