0 0.284375 0.472656 0.317188 0.470703 0.318750 0.580078 0.285938 0.580078
0 0.620313 0.769531 0.707812 0.769531 0.707812 0.814453 0.620313 0.814453
0 0.626563 0.708984 0.725000 0.708984 0.725000 0.751953 0.626563 0.751953
0 0.537500 0.712891 0.621875 0.712891 0.621875 0.757812 0.537500 0.757812
0 0.532813 0.638672 0.628125 0.638672 0.628125 0.689453 0.532813 0.689453
0 0.270313 0.935547 0.309375 0.939453 0.293750 1.000000 0.253125 1.000000
0 0.171875 0.917969 0.209375 0.927734 0.184375 1.000000 0.143750 1.000000
0 0.282813 0.792969 0.320312 0.792969 0.320312 0.916016 0.282813 0.916016
0 0.285938 0.605469 0.323437 0.601562 0.326562 0.705078 0.287500 0.705078
0 0.046875 0.636719 0.081250 0.630859 0.096875 0.748047 0.054688 0.759766
0 0.175000 0.527344 0.214062 0.517578 0.223438 0.630859 0.182812 0.640625
0 0.275000 0.351562 0.307812 0.345703 0.320312 0.458984 0.276562 0.462891
0 0.162500 0.410156 0.203125 0.404297 0.214062 0.511719 0.168750 0.515625
0 0.271875 0.205078 0.309375 0.203125 0.318750 0.320312 0.273438 0.318359
0 0.151562 0.199219 0.190625 0.195312 0.198437 0.302734 0.156250 0.308594
4 0.535937 0.773438 0.614062 0.773438 0.614062 0.824219 0.535937 0.824219
4 0.870313 0.533203 0.904687 0.535156 0.918750 0.662109 0.876563 0.666016
