4 0.912500 0.757812 1.000000 0.757812 1.000000 0.798828 0.912500 0.798828
4 0.864062 0.976562 0.960938 0.976562 0.960938 1.000000 0.864062 1.000000
0 0.906250 0.914062 0.998437 0.933594 0.993750 0.980469 0.901563 0.962891
0 0.914062 0.203125 1.000000 0.191406 1.000000 0.234375 0.915625 0.246094
0 0.907813 0.802734 0.981250 0.802734 0.981250 0.851562 0.907813 0.851562
1 0.879687 0.677734 0.998437 0.697266 0.992188 0.746094 0.873437 0.728516
0 0.915625 0.630859 1.000000 0.630859 1.000000 0.677734 0.915625 0.677734
0 0.920312 0.576172 1.000000 0.576172 1.000000 0.621094 0.920312 0.621094
0 0.920312 0.511719 1.000000 0.511719 1.000000 0.552734 0.920312 0.552734
0 0.910937 0.451172 1.000000 0.451172 1.000000 0.494141 0.910937 0.494141
0 0.512500 0.292969 0.614062 0.292969 0.614062 0.339844 0.512500 0.339844
0 0.515625 0.417969 0.614062 0.417969 0.614062 0.460938 0.515625 0.460938
1 0.514062 0.541016 0.629687 0.541016 0.629687 0.589844 0.514062 0.589844
1 0.521875 0.607422 0.631250 0.607422 0.631250 0.664062 0.521875 0.664062
1 0.515625 0.671875 0.639062 0.689453 0.626563 0.755859 0.512500 0.734375
1 0.510938 0.748047 0.637500 0.769531 0.635938 0.820312 0.506250 0.810547
1 0.510938 0.822266 0.639062 0.830078 0.639062 0.884766 0.509375 0.880859
1 0.518750 0.892578 0.639062 0.906250 0.637500 0.962891 0.512500 0.957031
1 0.517188 0.962891 0.637500 0.972656 0.628125 1.000000 0.509375 1.000000
0 0.914062 0.134766 1.000000 0.134766 1.000000 0.181641 0.914062 0.181641
0 0.909375 0.263672 0.998437 0.263672 0.998437 0.312500 0.909375 0.312500
0 0.912500 0.326172 1.000000 0.326172 1.000000 0.371094 0.912500 0.371094
0 0.917188 0.392578 1.000000 0.392578 1.000000 0.437500 0.917188 0.437500
0 0.090625 0.017578 0.132812 0.017578 0.132812 0.123047 0.090625 0.123047
4 0.528125 0.000000 0.620313 0.000000 0.620313 0.033203 0.528125 0.033203
4 0.526563 0.044922 0.625000 0.044922 0.625000 0.089844 0.526563 0.089844
4 0.525000 0.115234 0.621875 0.115234 0.621875 0.152344 0.525000 0.152344
4 0.523438 0.169922 0.618750 0.169922 0.618750 0.222656 0.523438 0.222656
4 0.518750 0.236328 0.615625 0.236328 0.615625 0.277344 0.518750 0.277344
4 0.509375 0.359375 0.607812 0.359375 0.607812 0.400391 0.509375 0.400391
4 0.512500 0.472656 0.609375 0.472656 0.609375 0.523438 0.512500 0.523438
4 0.912500 0.080078 1.000000 0.080078 1.000000 0.128906 0.912500 0.128906
4 0.912500 0.867188 0.971875 0.880859 0.971875 0.916016 0.906250 0.908203
