0 0.776563 0.890625 0.912500 0.867188 0.917188 0.927734 0.782813 0.953125
4 0.421875 0.056641 0.526563 0.041016 0.531250 0.093750 0.426563 0.113281
4 0.779687 0.000000 0.890625 0.000000 0.890625 0.035156 0.779687 0.035156
4 0.784375 0.060547 0.890625 0.060547 0.890625 0.117188 0.784375 0.117188
4 0.800000 0.134766 0.898438 0.134766 0.898438 0.197266 0.800000 0.197266
0 0.429688 0.154297 0.545312 0.150391 0.545312 0.208984 0.428125 0.210938
0 0.434375 0.267578 0.542188 0.251953 0.554688 0.306641 0.440625 0.326172
0 0.434375 0.343750 0.551562 0.318359 0.559375 0.376953 0.439063 0.394531
0 0.443750 0.427734 0.567187 0.402344 0.576562 0.457031 0.445312 0.484375
0 0.484375 0.517578 0.578125 0.492188 0.593750 0.544922 0.495312 0.576172
0 0.465625 0.607422 0.584375 0.576172 0.596875 0.634766 0.475000 0.664062
0 0.475000 0.687500 0.595313 0.666016 0.604688 0.720703 0.479687 0.750000
0 0.493750 0.767578 0.606250 0.750000 0.614062 0.810547 0.498437 0.830078
0 0.498437 0.857422 0.618750 0.832031 0.625000 0.892578 0.506250 0.914062
0 0.500000 0.941406 0.628125 0.914062 0.637500 0.982422 0.509375 1.000000
0 0.796875 0.218750 0.903125 0.218750 0.903125 0.275391 0.796875 0.275391
0 0.771875 0.328125 0.910937 0.300781 0.921875 0.361328 0.778125 0.398438
0 0.770312 0.423828 0.895312 0.410156 0.901563 0.466797 0.779687 0.486328
0 0.778125 0.517578 0.909375 0.517578 0.909375 0.582031 0.778125 0.582031
0 0.807813 0.623047 0.885938 0.623047 0.885938 0.677734 0.807813 0.677734
0 0.795312 0.714844 0.921875 0.689453 0.928125 0.750000 0.803125 0.775391
0 0.778125 0.810547 0.915625 0.783203 0.923438 0.845703 0.782813 0.869141
0 0.785937 0.974609 0.907813 0.947266 0.915625 1.000000 0.792188 1.000000
