0 0.965625 0.371094 1.000000 0.371094 1.000000 0.402344 0.965625 0.402344
3 0.573438 0.199219 0.712500 0.199219 0.712500 0.265625 0.573438 0.265625
3 0.556250 0.310547 0.706250 0.310547 0.706250 0.382812 0.556250 0.382812
0 0.726562 0.695312 0.754687 0.691406 0.762500 0.771484 0.735938 0.769531
3 0.540625 0.873047 0.707812 0.884766 0.706250 0.957031 0.535937 0.949219
3 0.556250 0.941406 0.729688 0.941406 0.729688 1.000000 0.556250 1.000000
3 0.345313 0.906250 0.543750 0.925781 0.545312 1.000000 0.343750 0.984375
3 0.548438 0.812500 0.737500 0.822266 0.740625 0.898438 0.545312 0.884766
3 0.517188 0.759766 0.704688 0.767578 0.701562 0.833984 0.514062 0.835938
3 0.534375 0.654297 0.717187 0.662109 0.720313 0.740234 0.532813 0.730469
3 0.546875 0.550781 0.718750 0.564453 0.723437 0.638672 0.543750 0.628906
3 0.414062 0.468750 0.565625 0.468750 0.565625 0.544922 0.414062 0.544922
3 0.401562 0.427734 0.571875 0.427734 0.571875 0.494141 0.401562 0.494141
3 0.450000 0.388672 0.560937 0.388672 0.560937 0.431641 0.450000 0.431641
3 0.417187 0.339844 0.560937 0.339844 0.560937 0.404297 0.417187 0.404297
3 0.423438 0.304688 0.540625 0.304688 0.540625 0.363281 0.423438 0.363281
3 0.431250 0.267578 0.553125 0.267578 0.553125 0.332031 0.431250 0.332031
3 0.442188 0.232422 0.554688 0.232422 0.554688 0.283203 0.442188 0.283203
0 0.435937 0.156250 0.495312 0.156250 0.495312 0.177734 0.435937 0.177734
0 0.959375 0.337891 1.000000 0.337891 1.000000 0.369141 0.959375 0.369141
0 0.957812 0.312500 1.000000 0.312500 1.000000 0.339844 0.957812 0.339844
4 0.482812 0.208984 0.559375 0.208984 0.559375 0.251953 0.482812 0.251953
4 0.476562 0.169922 0.556250 0.169922 0.556250 0.214844 0.476562 0.214844
4 0.262500 0.207031 0.315625 0.207031 0.315625 0.244141 0.262500 0.244141
4 0.237500 0.162109 0.317188 0.162109 0.317188 0.207031 0.237500 0.207031
4 0.256250 0.132812 0.320312 0.132812 0.320312 0.166016 0.256250 0.166016
0 0.453125 0.126953 0.509375 0.126953 0.509375 0.154297 0.453125 0.154297
0 0.625000 0.013672 0.639062 0.000000 0.679688 0.029297 0.664062 0.041016
0 0.606250 0.025391 0.620313 0.009766 0.656250 0.048828 0.637500 0.062500
0 0.593750 0.019531 0.635938 0.066406 0.615625 0.082031 0.578125 0.048828
0 0.489063 0.005859 0.515625 0.005859 0.515625 0.066406 0.489063 0.066406
0 0.456250 0.007812 0.478125 0.007812 0.478125 0.064453 0.456250 0.064453
0 0.410938 0.011719 0.432812 0.011719 0.432812 0.056641 0.410938 0.056641
3 0.015625 0.884766 0.195312 0.912109 0.185938 0.990234 0.009375 0.960938
3 0.037500 0.753906 0.228125 0.767578 0.223438 0.845703 0.032813 0.824219
3 0.025000 0.695312 0.215625 0.708984 0.212500 0.773438 0.026562 0.763672
3 0.046875 0.634766 0.229687 0.652344 0.225000 0.724609 0.040625 0.703125
3 0.062500 0.574219 0.246875 0.589844 0.239063 0.662109 0.062500 0.646484
3 0.121875 0.466797 0.279687 0.482422 0.276562 0.550781 0.110937 0.542969
3 0.109375 0.326172 0.251563 0.392578 0.218750 0.449219 0.093750 0.384766
3 0.164062 0.300781 0.287500 0.300781 0.287500 0.365234 0.164062 0.365234
0 0.000000 0.271484 0.034375 0.271484 0.034375 0.304688 0.000000 0.304688
0 0.000000 0.248047 0.042188 0.248047 0.042188 0.275391 0.000000 0.275391
0 0.000000 0.220703 0.048438 0.220703 0.048438 0.251953 0.000000 0.251953
0 0.003125 0.197266 0.054688 0.197266 0.054688 0.224609 0.003125 0.224609
2 0.868750 0.429688 0.900000 0.427734 0.915625 0.509766 0.879687 0.509766
0 0.004687 0.173828 0.060937 0.173828 0.060937 0.203125 0.004687 0.203125
0 0.009375 0.150391 0.068750 0.150391 0.068750 0.181641 0.009375 0.181641
0 0.015625 0.130859 0.073438 0.130859 0.073438 0.158203 0.015625 0.158203
0 0.025000 0.103516 0.079687 0.103516 0.079687 0.134766 0.025000 0.134766
0 0.103125 0.029297 0.159375 0.029297 0.159375 0.056641 0.103125 0.056641
0 0.126562 0.000000 0.176563 0.000000 0.176563 0.027344 0.126562 0.027344
0 0.895312 0.392578 0.959375 0.392578 0.959375 0.429688 0.895312 0.429688
0 0.893750 0.367188 0.957812 0.367188 0.957812 0.398438 0.893750 0.398438
2 0.887500 0.517578 0.921875 0.511719 0.935937 0.591797 0.901563 0.595703
0 0.932813 0.617188 1.000000 0.617188 1.000000 0.662109 0.932813 0.662109
2 0.926562 0.640625 1.000000 0.681641 0.989062 0.712891 0.915625 0.675781
0 0.929688 0.699219 1.000000 0.699219 1.000000 0.744141 0.929688 0.744141
2 0.931250 0.740234 1.000000 0.740234 1.000000 0.781250 0.931250 0.781250
0 0.948438 0.277344 1.000000 0.277344 1.000000 0.314453 0.948438 0.314453
0 0.967187 0.400391 1.000000 0.400391 1.000000 0.435547 0.967187 0.435547
2 0.935937 0.859375 1.000000 0.859375 1.000000 0.902344 0.935937 0.902344
2 0.878125 0.337891 0.951562 0.337891 0.951562 0.371094 0.878125 0.371094
0 0.892188 0.310547 0.953125 0.310547 0.953125 0.343750 0.892188 0.343750
0 0.867188 0.273438 0.932813 0.273438 0.932813 0.314453 0.867188 0.314453
0 0.876563 0.207031 0.935937 0.207031 0.935937 0.248047 0.876563 0.248047
0 0.921875 0.060547 0.981250 0.060547 0.981250 0.099609 0.921875 0.099609
3 0.800000 0.150391 0.837500 0.152344 0.848437 0.289062 0.807813 0.289062
