3 0.775000 0.574219 0.828125 0.554688 0.881250 0.779297 0.818750 0.794922
4 0.845313 0.226562 0.873437 0.210938 0.900000 0.304688 0.864062 0.318359
4 0.898438 0.154297 0.935937 0.138672 0.968750 0.279297 0.931250 0.292969
4 0.962500 0.156250 0.998437 0.144531 1.000000 0.259766 0.992188 0.275391
4 0.921875 0.615234 0.965625 0.603516 1.000000 0.738281 0.960938 0.759766
3 0.843750 0.572266 0.895312 0.552734 0.946875 0.763672 0.892188 0.781250
3 0.750000 0.822266 0.807813 0.804688 0.868750 1.000000 0.809375 1.000000
3 0.710938 0.587891 0.765625 0.576172 0.806250 0.785156 0.746875 0.798828
3 0.646875 0.597656 0.704688 0.582031 0.746875 0.835938 0.698438 0.849609
3 0.585938 0.675781 0.639062 0.662109 0.678125 0.851562 0.623437 0.865234
0 0.000000 0.000000 0.020313 0.000000 0.029687 0.052734 0.000000 0.058594
3 0.501563 0.625000 0.550000 0.607422 0.612500 0.894531 0.560937 0.910156
3 0.440625 0.673828 0.484375 0.658203 0.537500 0.916016 0.484375 0.933594
3 0.601562 0.140625 0.650000 0.125000 0.706250 0.335938 0.650000 0.351562
3 0.534375 0.060547 0.581250 0.070312 0.554688 0.310547 0.498437 0.308594
3 0.328125 0.191406 0.376563 0.177734 0.418750 0.441406 0.356250 0.453125
3 0.150000 0.181641 0.200000 0.171875 0.251563 0.451172 0.193750 0.470703
3 0.068750 0.197266 0.117188 0.183594 0.167187 0.464844 0.114062 0.482422
3 0.000000 0.208984 0.045312 0.193359 0.087500 0.484375 0.032813 0.494141
