0 0.567187 0.378906 0.607812 0.376953 0.609375 0.507812 0.562500 0.503906
0 0.646875 0.283203 0.689063 0.281250 0.689063 0.404297 0.646875 0.404297
0 0.640625 0.105469 0.684375 0.105469 0.687500 0.224609 0.640625 0.222656
0 0.576562 0.000000 0.620313 0.000000 0.620313 0.058594 0.575000 0.058594
0 0.503125 0.000000 0.542188 0.000000 0.539062 0.101562 0.503125 0.103516
0 0.284375 0.035156 0.340625 0.031250 0.335938 0.191406 0.285938 0.185547
2 0.553125 0.808594 0.606250 0.814453 0.596875 1.000000 0.534375 1.000000
2 0.490734 0.484062 0.543859 0.489922 0.529063 0.792383 0.466563 0.787305
0 0.637500 0.634766 0.682813 0.634766 0.682813 0.763672 0.639062 0.765625
4 0.576562 0.191406 0.621875 0.191406 0.625000 0.310547 0.576562 0.310547
4 0.654687 0.000000 0.687500 0.000000 0.687500 0.068359 0.653125 0.066406
0 0.631250 0.794922 0.675000 0.792969 0.676562 0.923828 0.629687 0.921875
0 0.476562 0.287109 0.512500 0.294922 0.489063 0.416016 0.443750 0.404297
0 0.371875 0.337891 0.414062 0.337891 0.415625 0.460938 0.371875 0.460938
0 0.564063 0.603516 0.607812 0.607422 0.607812 0.730469 0.560937 0.726562
0 0.346875 0.681641 0.400000 0.683594 0.400000 0.830078 0.351562 0.830078
0 0.642188 0.437500 0.685937 0.439453 0.687500 0.562500 0.643750 0.562500
