2 0.456250 0.431641 0.515625 0.439453 0.495312 0.708984 0.432812 0.701172
0 0.262500 0.640625 0.309375 0.638672 0.310937 0.785156 0.259375 0.773438
2 0.779687 0.054688 0.842187 0.037109 0.918750 0.283203 0.860938 0.310547
0 0.820312 0.931641 0.856250 0.910156 0.896875 1.000000 0.860938 1.000000
1 0.710938 0.558594 0.771875 0.527344 0.834375 0.787109 0.776563 0.812500
4 0.945312 0.332031 0.990625 0.333984 0.987500 0.447266 0.943750 0.447266
0 0.404687 0.759766 0.450000 0.789062 0.420312 0.914062 0.370312 0.892578
0 0.495312 0.000000 0.535937 0.000000 0.534375 0.078125 0.489063 0.076172
0 0.564063 0.039062 0.603125 0.041016 0.604688 0.164062 0.557813 0.160156
0 0.551562 0.203125 0.598437 0.205078 0.601562 0.339844 0.548438 0.332031
0 0.481250 0.203125 0.528125 0.201172 0.523438 0.339844 0.478125 0.337891
0 0.389062 0.195312 0.429688 0.208984 0.406250 0.324219 0.362500 0.310547
