0 0.673438 0.814453 0.718750 0.810547 0.721875 0.931641 0.675000 0.935547
2 0.800000 0.228516 0.859375 0.226562 0.881250 0.615234 0.815625 0.619141
0 0.135937 0.728516 0.181250 0.726562 0.185938 0.875000 0.132812 0.875000
1 0.721875 0.333984 0.781250 0.333984 0.800000 0.750000 0.729688 0.751953
3 0.712500 0.000000 0.773438 0.000000 0.776563 0.169922 0.717187 0.173828
1 0.371875 0.000000 0.435937 0.000000 0.431250 0.310547 0.367188 0.314453
0 0.220312 0.328125 0.265625 0.326172 0.265625 0.449219 0.220312 0.449219
0 0.651563 0.000000 0.693750 0.000000 0.692187 0.066406 0.653125 0.068359
0 0.140625 0.304688 0.187500 0.298828 0.189062 0.466797 0.137500 0.458984
0 0.642188 0.126953 0.685937 0.126953 0.689063 0.240234 0.645312 0.240234
0 0.967187 0.314453 1.000000 0.310547 1.000000 0.445312 0.978125 0.451172
