0 0.998437 0.000000 1.000000 0.023438 0.965625 0.125000 0.929688 0.091797
0 0.198437 0.017578 0.279687 0.058594 0.264062 0.099609 0.176563 0.066406
0 0.003125 0.193359 0.065625 0.279297 0.040625 0.310547 0.000000 0.220703
2 0.029687 0.056641 0.268750 0.359375 0.229687 0.410156 0.000000 0.103516
0 0.059375 0.404297 0.087500 0.375000 0.154688 0.464844 0.128125 0.492188
2 0.242188 0.609375 0.289062 0.574219 0.451562 0.882812 0.370312 0.931641
1 0.320312 0.527344 0.360938 0.478516 0.532813 0.720703 0.487500 0.773438
3 0.539062 0.859375 0.598437 0.814453 0.696875 1.000000 0.653125 1.000000
0 0.570312 0.337891 0.637500 0.255859 0.664062 0.289062 0.600000 0.376953
0 0.731250 0.111328 0.764062 0.144531 0.696875 0.240234 0.665625 0.210938
0 0.715625 0.296875 0.748437 0.326172 0.690625 0.410156 0.657813 0.378906
0 0.765625 0.353516 0.790625 0.380859 0.737500 0.458984 0.712500 0.433594
0 0.784375 0.183594 0.815625 0.212891 0.764062 0.296875 0.732812 0.269531
3 0.792188 0.156250 0.926562 0.000000 0.981250 0.000000 0.839063 0.201172
0 0.975000 0.144531 1.000000 0.179688 0.946875 0.277344 0.912500 0.240234
0 0.915625 0.107422 0.951562 0.142578 0.890625 0.244141 0.854688 0.208984
0 0.898438 0.281250 0.926562 0.308594 0.873437 0.390625 0.842187 0.365234
0 0.839063 0.240234 0.870313 0.269531 0.812500 0.357422 0.779687 0.326172
0 0.820312 0.394531 0.854688 0.427734 0.792188 0.535156 0.750000 0.494141
0 0.867188 0.457031 0.903125 0.488281 0.853125 0.583984 0.809375 0.550781
0 0.829688 0.000000 0.860938 0.000000 0.789062 0.107422 0.764062 0.082031
2 0.473438 0.082031 0.725000 0.000000 0.767188 0.054688 0.487500 0.156250
