0 0.814063 0.923828 0.920312 0.929688 0.917188 0.990234 0.807813 0.986328
0 0.645312 0.566406 0.737500 0.597656 0.723437 0.654297 0.629687 0.623047
2 0.000000 0.593750 0.253125 0.638672 0.245312 0.710938 0.000000 0.664062
0 0.301563 0.675781 0.392188 0.712891 0.381250 0.769531 0.290625 0.730469
1 0.225000 0.021484 0.264062 0.068359 0.179688 0.179688 0.146875 0.142578
4 0.575000 0.095703 0.607812 0.095703 0.609375 0.197266 0.575000 0.199219
0 0.706250 0.097656 0.750000 0.095703 0.754687 0.208984 0.709375 0.212891
0 0.637500 0.087891 0.682813 0.087891 0.687500 0.212891 0.637500 0.214844
0 0.509375 0.087891 0.548438 0.087891 0.551562 0.195312 0.510938 0.193359
0 0.421875 0.115234 0.468750 0.117188 0.464062 0.232422 0.421875 0.232422
2 0.000000 0.429688 0.207813 0.455078 0.198437 0.542969 0.000000 0.496094
3 0.270313 0.470703 0.531250 0.525391 0.523438 0.599609 0.259375 0.550781
0 0.429688 0.000000 0.470313 0.000000 0.470313 0.064453 0.428125 0.062500
0 0.506250 0.000000 0.551562 0.000000 0.550000 0.060547 0.509375 0.060547
0 0.573438 0.000000 0.615625 0.000000 0.614062 0.072266 0.575000 0.068359
0 0.639062 0.000000 0.679688 0.000000 0.679688 0.052734 0.637500 0.052734
2 0.831250 0.617188 1.000000 0.740234 1.000000 0.833984 0.809375 0.695312
