2 0.651563 0.134766 0.685937 0.132812 0.695312 0.205078 0.657813 0.207031
0 0.073438 0.056641 0.096875 0.060547 0.090625 0.093750 0.067187 0.093750
0 0.000000 0.332031 0.056250 0.332031 0.054688 0.367188 0.000000 0.369141
2 0.596875 0.062500 0.631250 0.058594 0.646875 0.242188 0.610938 0.244141
0 0.535937 0.138672 0.560937 0.134766 0.562500 0.191406 0.537500 0.195312
0 0.610938 0.261719 0.634375 0.261719 0.639062 0.314453 0.614062 0.318359
0 0.546875 0.361328 0.578125 0.359375 0.581250 0.425781 0.546875 0.425781
0 0.509375 0.447266 0.540625 0.445312 0.542188 0.521484 0.506250 0.521484
0 0.510938 0.724609 0.545312 0.708984 0.546875 0.804688 0.510938 0.806641
1 0.671875 0.000000 0.710938 0.000000 0.726562 0.130859 0.692187 0.130859
0 0.800000 0.082031 0.829688 0.080078 0.834375 0.142578 0.807813 0.144531
1 0.631250 0.000000 0.660937 0.000000 0.684375 0.134766 0.650000 0.134766
1 0.657813 0.207031 0.692187 0.207031 0.709375 0.417969 0.675000 0.416016
0 0.715625 0.298828 0.748437 0.296875 0.754687 0.359375 0.725000 0.365234
2 0.617188 0.308594 0.653125 0.306641 0.676562 0.525391 0.631250 0.527344
0 0.685937 0.419922 0.709375 0.417969 0.715625 0.472656 0.687500 0.474609
0 0.692187 0.472656 0.718750 0.470703 0.723437 0.539062 0.693750 0.539062
0 0.737500 0.476562 0.771875 0.474609 0.778125 0.542969 0.742188 0.542969
0 0.750000 0.587891 0.779687 0.583984 0.790625 0.654297 0.756250 0.656250
0 0.696875 0.541016 0.729688 0.541016 0.734375 0.611328 0.701562 0.613281
0 0.646875 0.552734 0.673438 0.550781 0.681250 0.619141 0.650000 0.621094
0 0.645312 0.621094 0.676562 0.617188 0.681250 0.681641 0.646875 0.681641
0 0.712500 0.675781 0.740625 0.673828 0.750000 0.746094 0.718750 0.748047
0 0.768750 0.712891 0.798438 0.712891 0.809375 0.779297 0.770312 0.779297
1 0.651563 0.675781 0.693750 0.671875 0.731250 0.962891 0.679688 0.966797
0 0.723437 0.755859 0.751563 0.753906 0.760938 0.830078 0.729688 0.832031
0 0.737500 0.832031 0.767188 0.830078 0.775000 0.910156 0.740625 0.910156
0 0.773438 0.812500 0.806250 0.810547 0.817187 0.892578 0.779687 0.894531
0 0.742188 0.917969 0.771875 0.916016 0.779687 0.996094 0.745313 0.998047
0 0.804688 0.890625 0.835938 0.888672 0.848437 0.976562 0.810937 0.976562
