0 0.373437 0.642578 0.473438 0.642578 0.473438 0.695312 0.373437 0.695312
0 0.365625 0.710938 0.462500 0.710938 0.462500 0.765625 0.365625 0.765625
0 0.557813 0.949219 0.671875 0.935547 0.671875 0.994141 0.557813 1.000000
0 0.037500 0.898438 0.140625 0.900391 0.140625 0.953125 0.039062 0.955078
0 0.248438 0.923828 0.350000 0.925781 0.350000 0.986328 0.248438 0.982422
0 0.262500 0.630859 0.346875 0.626953 0.348438 0.683594 0.262500 0.675781
0 0.046875 0.681641 0.151562 0.685547 0.153125 0.734375 0.048438 0.736328
0 0.045312 0.609375 0.153125 0.615234 0.153125 0.671875 0.042188 0.662109
0 0.259375 0.554688 0.351562 0.558594 0.348438 0.613281 0.254688 0.603516
0 0.271875 0.482422 0.351562 0.480469 0.353125 0.537109 0.268750 0.535156
0 0.068750 0.375000 0.151562 0.390625 0.140625 0.437500 0.062500 0.416016
0 0.065625 0.306641 0.150000 0.304688 0.153125 0.349609 0.065625 0.353516
1 0.528125 0.111328 0.560937 0.093750 0.584375 0.212891 0.551562 0.220703
0 0.276562 0.041016 0.365625 0.041016 0.365625 0.095703 0.276562 0.095703
0 0.251563 0.187500 0.346875 0.187500 0.346875 0.236328 0.251563 0.236328
0 0.060937 0.169922 0.143750 0.167969 0.140625 0.210938 0.060937 0.214844
0 0.518750 0.751953 0.564063 0.751953 0.565625 0.884766 0.523438 0.886719
