0 0.629687 0.326172 0.673438 0.326172 0.673438 0.445312 0.629687 0.445312
0 0.884375 0.000000 0.928125 0.000000 0.928125 0.062500 0.884375 0.062500
2 0.932813 0.781250 1.000000 0.781250 1.000000 0.833984 0.932813 0.833984
0 0.901563 0.640625 0.935937 0.638672 0.945312 0.746094 0.909375 0.751953
0 0.928125 0.548828 1.000000 0.556641 1.000000 0.603516 0.925000 0.597656
0 0.956250 0.439453 0.982812 0.472656 0.915625 0.550781 0.895312 0.515625
0 0.929688 0.392578 1.000000 0.392578 1.000000 0.439453 0.929688 0.439453
0 0.937500 0.326172 1.000000 0.326172 1.000000 0.367188 0.937500 0.367188
0 0.937500 0.214844 1.000000 0.214844 1.000000 0.255859 0.937500 0.255859
0 0.921875 0.269531 1.000000 0.269531 1.000000 0.314453 0.921875 0.314453
0 0.875000 0.078125 0.967187 0.078125 0.967187 0.130859 0.875000 0.130859
0 0.618750 0.000000 0.656250 0.000000 0.656250 0.070312 0.618750 0.070312
0 0.625000 0.183594 0.657813 0.183594 0.657813 0.294922 0.625000 0.294922
0 0.517188 0.697266 0.556250 0.697266 0.556250 0.818359 0.517188 0.818359
