0 0.240625 0.640625 0.278125 0.662109 0.229687 0.771484 0.193750 0.746094
0 0.084375 0.007812 0.179688 0.027344 0.171875 0.080078 0.078125 0.056641
0 0.120313 0.939453 0.217188 0.976562 0.206250 1.000000 0.107813 0.984375
0 0.100000 0.875000 0.189062 0.875000 0.189062 0.923828 0.100000 0.923828
0 0.089063 0.792969 0.181250 0.792969 0.181250 0.841797 0.089063 0.841797
0 0.093750 0.707031 0.190625 0.707031 0.190625 0.753906 0.093750 0.753906
0 0.100000 0.642578 0.193750 0.642578 0.193750 0.691406 0.100000 0.691406
0 0.118750 0.537109 0.203125 0.591797 0.179688 0.640625 0.104688 0.585938
0 0.023438 0.117188 0.068750 0.117188 0.068750 0.232422 0.023438 0.232422
0 0.190625 0.093750 0.223438 0.060547 0.284375 0.146484 0.250000 0.177734
