0 0.198437 0.890625 0.240625 0.890625 0.240625 1.000000 0.196875 1.000000
0 0.148438 0.884766 0.185938 0.884766 0.185938 1.000000 0.148438 1.000000
0 0.050000 0.892578 0.087500 0.892578 0.087500 1.000000 0.053125 1.000000
4 0.846875 0.195312 0.881250 0.216797 0.846875 0.310547 0.810937 0.292969
4 0.793750 0.896484 0.900000 0.892578 0.901563 0.947266 0.796875 0.951172
0 0.004687 0.863281 0.040625 0.863281 0.040625 0.988281 0.004687 0.988281
0 0.367188 0.396484 0.412500 0.396484 0.412500 0.523438 0.367188 0.523438
0 0.642188 0.869141 0.684375 0.869141 0.684375 0.976562 0.642188 0.976562
0 0.951562 0.875000 0.990625 0.875000 0.990625 0.994141 0.951562 0.994141
0 0.575000 0.888672 0.617188 0.888672 0.617188 1.000000 0.575000 1.000000
0 0.521875 0.841797 0.556250 0.851562 0.540625 0.970703 0.504687 0.960938
0 0.459375 0.843750 0.495312 0.853516 0.475000 0.974609 0.437500 0.962891
0 0.256250 0.494141 0.295312 0.484375 0.310937 0.615234 0.275000 0.625000
0 0.010937 0.472656 0.054688 0.576172 0.015625 0.601562 0.000000 0.494141
0 0.214062 0.619141 0.314063 0.642578 0.309375 0.689453 0.206250 0.666016
0 0.148438 0.488281 0.184375 0.501953 0.156250 0.613281 0.123438 0.599609
