3 0.650000 0.132812 0.710938 0.134766 0.707812 0.425781 0.646875 0.425781
3 0.498437 0.123047 0.554688 0.130859 0.518750 0.423828 0.462500 0.410156
3 0.395313 0.107422 0.453125 0.109375 0.423438 0.410156 0.365625 0.400391
3 0.300000 0.117188 0.357812 0.117188 0.348438 0.414062 0.279687 0.410156
3 0.221875 0.101562 0.282813 0.107422 0.256250 0.406250 0.193750 0.398438
3 0.143750 0.085938 0.209375 0.097656 0.175000 0.386719 0.109375 0.375000
3 0.137500 0.767578 0.203125 0.771484 0.196875 1.000000 0.132812 1.000000
3 0.354687 0.783203 0.415625 0.796875 0.376563 1.000000 0.323437 1.000000
3 0.443750 0.808594 0.496875 0.816406 0.475000 1.000000 0.425000 1.000000
3 0.542188 0.822266 0.600000 0.832031 0.570312 1.000000 0.517188 1.000000
3 0.618750 0.738281 0.670312 0.738281 0.682813 1.000000 0.626563 1.000000
3 0.575000 0.138672 0.639062 0.144531 0.617188 0.445312 0.550000 0.431641
