3 0.278125 0.191406 0.340625 0.193359 0.325000 0.490234 0.270313 0.490234
2 0.000000 0.662109 0.076563 0.662109 0.076563 0.718750 0.000000 0.718750
3 0.368750 0.619141 0.431250 0.619141 0.431250 0.927734 0.368750 0.927734
3 0.510938 0.919922 0.746875 0.919922 0.746875 1.000000 0.510938 1.000000
3 0.525000 0.783203 0.760938 0.792969 0.762500 0.871094 0.523438 0.865234
3 0.525000 0.697266 0.762500 0.707031 0.764062 0.785156 0.523438 0.779297
3 0.525000 0.539062 0.768750 0.585938 0.757812 0.662109 0.518750 0.609375
3 0.529687 0.447266 0.762500 0.476562 0.764062 0.546875 0.525000 0.517578
3 0.496875 0.337891 0.732812 0.304688 0.743750 0.390625 0.503125 0.414062
3 0.145313 0.103516 0.204687 0.103516 0.204687 0.382812 0.145313 0.382812
