0 0.546875 0.074219 0.585938 0.074219 0.585938 0.191406 0.546875 0.191406
0 0.785937 0.046875 0.873437 0.046875 0.873437 0.093750 0.785937 0.093750
0 0.790625 0.164062 0.876563 0.164062 0.876563 0.208984 0.790625 0.208984
0 0.795312 0.281250 0.885938 0.281250 0.885938 0.332031 0.795312 0.332031
0 0.798438 0.404297 0.885938 0.404297 0.885938 0.453125 0.798438 0.453125
0 0.798438 0.468750 0.898438 0.468750 0.898438 0.513672 0.798438 0.513672
0 0.803125 0.892578 0.895312 0.892578 0.895312 0.937500 0.803125 0.937500
0 0.815625 0.953125 0.900000 0.953125 0.900000 0.992188 0.815625 0.992188
0 0.559375 0.566406 0.603125 0.566406 0.603125 0.687500 0.559375 0.687500
0 0.489063 0.382812 0.526563 0.382812 0.526563 0.503906 0.489063 0.503906
0 0.550000 0.296875 0.590625 0.296875 0.590625 0.408203 0.550000 0.408203
0 0.485938 0.000000 0.521875 0.000000 0.521875 0.054688 0.485938 0.054688
