0 0.528125 0.480469 0.570312 0.480469 0.570312 0.605469 0.528125 0.605469
0 0.156250 0.654297 0.196875 0.652344 0.201563 0.791016 0.159375 0.794922
0 0.760938 0.000000 0.846875 0.000000 0.846875 0.044922 0.760938 0.044922
0 0.770312 0.109375 0.853125 0.109375 0.853125 0.158203 0.770312 0.158203
0 0.771875 0.226562 0.860938 0.232422 0.859375 0.277344 0.770312 0.269531
0 0.776563 0.349609 0.862500 0.349609 0.862500 0.394531 0.776563 0.394531
0 0.778125 0.416016 0.873437 0.416016 0.873437 0.458984 0.778125 0.458984
0 0.782813 0.833984 0.876563 0.833984 0.876563 0.880859 0.782813 0.880859
0 0.792188 0.898438 0.882812 0.898438 0.882812 0.937500 0.792188 0.937500
0 0.546875 0.875000 0.584375 0.875000 0.584375 0.994141 0.546875 0.994141
0 0.610938 0.830078 0.648438 0.830078 0.648438 0.962891 0.610938 0.962891
0 0.476562 0.691406 0.510938 0.691406 0.510938 0.814453 0.476562 0.814453
0 0.534375 0.652344 0.575000 0.652344 0.575000 0.781250 0.534375 0.781250
0 0.471875 0.396484 0.509375 0.396484 0.509375 0.519531 0.471875 0.519531
0 0.462500 0.181641 0.498437 0.181641 0.498437 0.300781 0.462500 0.300781
0 0.525000 0.187500 0.564063 0.187500 0.564063 0.300781 0.525000 0.300781
