0 0.329688 0.181641 0.364063 0.181641 0.364063 0.294922 0.329688 0.294922
3 0.585938 0.519531 0.623437 0.519531 0.623437 0.642578 0.585938 0.642578
3 0.453125 0.728516 0.489063 0.728516 0.489063 0.859375 0.453125 0.859375
3 0.514062 0.433594 0.570312 0.433594 0.575000 0.687500 0.518750 0.689453
0 0.606250 0.273438 0.673438 0.197266 0.695312 0.232422 0.629687 0.304688
0 0.656250 0.115234 0.685937 0.146484 0.620313 0.234375 0.593750 0.203125
0 0.643750 0.048828 0.670312 0.074219 0.610938 0.152344 0.585938 0.121094
0 0.531250 0.123047 0.565625 0.111328 0.584375 0.216797 0.546875 0.228516
0 0.340625 0.908203 0.379688 0.908203 0.379688 1.000000 0.340625 1.000000
0 0.343750 0.755859 0.379688 0.755859 0.379688 0.869141 0.343750 0.869141
0 0.335938 0.562500 0.370312 0.562500 0.370312 0.685547 0.335938 0.685547
0 0.332813 0.369141 0.370312 0.369141 0.370312 0.484375 0.332813 0.484375
0 0.437500 0.138672 0.476562 0.138672 0.476562 0.263672 0.437500 0.263672
