0 0.192188 0.884766 0.285938 0.884766 0.285938 0.931641 0.192188 0.931641
0 0.184375 0.437500 0.273438 0.437500 0.273438 0.486328 0.184375 0.486328
0 0.182812 0.097656 0.281250 0.093750 0.284375 0.142578 0.182812 0.146484
0 0.178125 0.029297 0.254688 0.021484 0.257812 0.064453 0.182812 0.074219
4 0.187500 0.367188 0.298438 0.339844 0.306250 0.390625 0.195312 0.417969
0 0.340625 0.445312 0.367188 0.474609 0.303125 0.550781 0.279687 0.521484
0 0.362500 0.867188 0.392188 0.894531 0.339062 0.986328 0.310937 0.957031
0 0.653125 0.820312 0.692187 0.802734 0.720313 0.910156 0.684375 0.925781
0 0.778125 0.863281 0.820312 0.863281 0.821875 0.978516 0.782813 0.976562
0 0.773438 0.736328 0.812500 0.732422 0.817187 0.847656 0.781250 0.849609
3 0.750000 0.462891 0.807813 0.464844 0.817187 0.677734 0.759375 0.679688
0 0.750000 0.339844 0.785937 0.333984 0.792188 0.443359 0.756250 0.445312
0 0.743750 0.193359 0.779687 0.191406 0.787500 0.304688 0.750000 0.304688
0 0.729688 0.001953 0.762500 0.000000 0.770312 0.091797 0.737500 0.095703
0 0.334375 0.601562 0.362500 0.626953 0.306250 0.716797 0.276562 0.691406
0 0.189062 0.535156 0.279687 0.527344 0.279687 0.574219 0.189062 0.582031
0 0.181250 0.634766 0.270313 0.634766 0.270313 0.687500 0.181250 0.687500
0 0.193750 0.824219 0.287500 0.824219 0.287500 0.875000 0.193750 0.875000
