0 0.412500 0.941406 0.450000 0.941406 0.450000 1.000000 0.412500 1.000000
0 0.653125 0.910156 0.692187 0.910156 0.692187 1.000000 0.653125 1.000000
0 0.645312 0.779297 0.682813 0.775391 0.687500 0.882812 0.648438 0.888672
0 0.639062 0.660156 0.681250 0.656250 0.684375 0.757812 0.643750 0.761719
0 0.632812 0.515625 0.668750 0.513672 0.675000 0.615234 0.640625 0.619141
0 0.623437 0.376953 0.660937 0.373047 0.665625 0.476562 0.626563 0.480469
0 0.620313 0.228516 0.653125 0.224609 0.659375 0.326172 0.625000 0.328125
0 0.595313 0.000000 0.634375 0.000000 0.637500 0.070312 0.600000 0.070312
0 0.021875 0.878906 0.110937 0.876953 0.110937 0.921875 0.023438 0.927734
0 0.167187 0.824219 0.204687 0.824219 0.204687 0.943359 0.167187 0.943359
0 0.157812 0.671875 0.198437 0.669922 0.204687 0.787109 0.165625 0.785156
0 0.278125 0.529297 0.318750 0.529297 0.321875 0.646484 0.282813 0.648438
0 0.335938 0.685547 0.379688 0.681641 0.385937 0.800781 0.343750 0.806641
0 0.287500 0.759766 0.325000 0.759766 0.329688 0.876953 0.292187 0.880859
0 0.303125 0.935547 0.342187 0.935547 0.342187 1.000000 0.303125 1.000000
0 0.348438 0.882812 0.390625 0.878906 0.400000 1.000000 0.354687 1.000000
0 0.068750 0.435547 0.100000 0.416016 0.129688 0.513672 0.098437 0.533203
0 0.151562 0.398438 0.184375 0.400391 0.185938 0.503906 0.150000 0.500000
0 0.148438 0.281250 0.187500 0.281250 0.187500 0.382812 0.148438 0.382812
0 0.140625 0.134766 0.182812 0.134766 0.182812 0.248047 0.140625 0.248047
0 0.181250 0.009766 0.215625 0.005859 0.220312 0.119141 0.182812 0.123047
4 0.068750 0.167969 0.104688 0.167969 0.104688 0.255859 0.068750 0.255859
4 0.612500 0.097656 0.646875 0.097656 0.646875 0.193359 0.612500 0.193359
