0 0.637500 0.267578 0.664062 0.269531 0.665625 0.367188 0.637500 0.367188
0 0.673438 0.253906 0.707812 0.244141 0.723437 0.357422 0.687500 0.361328
0 0.687500 0.396484 0.776563 0.402344 0.778125 0.443359 0.684375 0.437500
0 0.729688 0.228516 0.765625 0.228516 0.765625 0.326172 0.729688 0.326172
0 0.676562 0.000000 0.712500 0.000000 0.704688 0.085938 0.670312 0.080078
1 0.726562 0.000000 0.759375 0.000000 0.753125 0.095703 0.720313 0.091797
0 0.612500 0.000000 0.651563 0.000000 0.656250 0.056641 0.618750 0.062500
0 0.693750 0.492188 0.776563 0.490234 0.781250 0.529297 0.693750 0.533203
0 0.909375 0.054688 0.962500 0.000000 0.987500 0.021484 0.929688 0.087891
0 0.893750 0.224609 0.923438 0.195312 0.970313 0.283203 0.948438 0.310547
1 0.820312 0.925781 0.850000 0.925781 0.850000 1.000000 0.820312 1.000000
0 0.165625 0.917969 0.256250 0.921875 0.254688 0.960938 0.162500 0.960938
0 0.281250 0.919922 0.354687 0.921875 0.356250 0.960938 0.279687 0.960938
0 0.951562 0.089844 1.000000 0.052734 1.000000 0.083984 0.964063 0.123047
4 0.948438 0.152344 1.000000 0.152344 1.000000 0.193359 0.948438 0.193359
4 0.420312 0.042969 0.456250 0.039062 0.467187 0.156250 0.428125 0.162109
0 0.446875 0.871094 0.542188 0.865234 0.543750 0.912109 0.446875 0.917969
0 0.442188 0.933594 0.539062 0.931641 0.537500 0.984375 0.443750 0.980469
0 0.456250 0.792969 0.546875 0.808594 0.539062 0.855469 0.446875 0.841797
0 0.459375 0.716797 0.548438 0.714844 0.551562 0.765625 0.459375 0.763672
0 0.445312 0.644531 0.534375 0.646484 0.534375 0.693359 0.442188 0.689453
0 0.448437 0.587891 0.534375 0.578125 0.537500 0.623047 0.451562 0.632812
0 0.462500 0.484375 0.543750 0.529297 0.526563 0.574219 0.445312 0.531250
0 0.206250 0.470703 0.262500 0.408203 0.285938 0.435547 0.226562 0.500000
0 0.454688 0.414062 0.542188 0.408203 0.543750 0.451172 0.456250 0.455078
0 0.593750 0.447266 0.632812 0.451172 0.626563 0.568359 0.589063 0.562500
0 0.637500 0.521484 0.676562 0.521484 0.681250 0.640625 0.642188 0.640625
0 0.640625 0.654297 0.678125 0.654297 0.678125 0.759766 0.640625 0.759766
0 0.745313 0.671875 0.775000 0.699219 0.717187 0.791016 0.687500 0.759766
0 0.707812 0.623047 0.781250 0.556641 0.803125 0.591797 0.732812 0.660156
