0 0.335938 0.748047 0.401562 0.824219 0.371875 0.863281 0.307812 0.787109
0 0.425000 0.742188 0.457813 0.714844 0.507812 0.804688 0.476562 0.828125
0 0.240625 0.841797 0.314063 0.798828 0.328125 0.841797 0.253125 0.875000
0 0.437500 0.552734 0.523438 0.552734 0.521875 0.601562 0.434375 0.595703
0 0.442188 0.638672 0.525000 0.626953 0.531250 0.673828 0.443750 0.687500
0 0.523438 0.708984 0.556250 0.708984 0.556250 0.820312 0.523438 0.820312
0 0.517188 0.357422 0.553125 0.357422 0.553125 0.474609 0.517188 0.474609
0 0.048438 0.332031 0.135937 0.333984 0.135937 0.380859 0.046875 0.376953
0 0.409375 0.339844 0.432812 0.316406 0.487500 0.390625 0.467187 0.416016
0 0.343750 0.339844 0.370312 0.312500 0.431250 0.410156 0.396875 0.437500
0 0.421875 0.480469 0.507812 0.480469 0.506250 0.527344 0.421875 0.525391
0 0.164062 0.388672 0.187500 0.367188 0.232813 0.468750 0.200000 0.484375
0 0.204687 0.369141 0.239063 0.341797 0.285938 0.435547 0.251563 0.462891
0 0.285938 0.376953 0.314063 0.357422 0.362500 0.439453 0.328125 0.466797
0 0.368750 0.763672 0.390625 0.736328 0.443750 0.802734 0.428125 0.830078
