0 0.489063 0.753906 0.528125 0.740234 0.553125 0.853516 0.514062 0.865234
0 0.706250 0.699219 0.742188 0.697266 0.748437 0.808594 0.712500 0.810547
0 0.765625 0.722656 0.801562 0.726562 0.800000 0.845703 0.764062 0.841797
0 0.821875 0.705078 0.859375 0.705078 0.859375 0.808594 0.821875 0.808594
0 0.764062 0.566406 0.831250 0.490234 0.860938 0.523438 0.787500 0.597656
0 0.054688 0.537109 0.079687 0.505859 0.143750 0.580078 0.118750 0.613281
0 0.715625 0.464844 0.743750 0.486328 0.700000 0.566406 0.673438 0.546875
0 0.012500 0.781250 0.050000 0.759766 0.092188 0.878906 0.050000 0.896484
0 0.171875 0.787109 0.262500 0.755859 0.270313 0.802734 0.179688 0.832031
0 0.179688 0.869141 0.259375 0.820312 0.275000 0.865234 0.196875 0.912109
0 0.381250 0.740234 0.414062 0.728516 0.445312 0.835938 0.414062 0.845703
0 0.428125 0.701172 0.462500 0.693359 0.487500 0.804688 0.451562 0.814453
0 0.653125 0.707031 0.689063 0.708984 0.698438 0.830078 0.659375 0.830078
0 0.595313 0.693359 0.637500 0.691406 0.640625 0.826172 0.601562 0.826172
1 0.557813 0.541016 0.660937 0.531250 0.665625 0.578125 0.564063 0.591797
0 0.379688 0.468750 0.410938 0.494141 0.370312 0.576172 0.340625 0.550781
0 0.218750 0.546875 0.309375 0.496094 0.329688 0.542969 0.235937 0.589844
0 0.878125 0.703125 0.921875 0.707031 0.917188 0.826172 0.876563 0.828125
0 0.939063 0.736328 0.973437 0.726562 0.992188 0.816406 0.957812 0.826172
