0 0.529687 0.466797 0.567187 0.468750 0.570312 0.597656 0.532813 0.597656
0 0.526563 0.841797 0.562500 0.841797 0.562500 0.966797 0.526563 0.966797
0 0.075000 0.681641 0.112500 0.681641 0.112500 0.804688 0.075000 0.804688
0 0.450000 0.937500 0.482812 0.937500 0.482812 1.000000 0.450000 1.000000
0 0.150000 0.044922 0.235937 0.044922 0.235937 0.091797 0.150000 0.091797
0 0.043750 0.052734 0.137500 0.052734 0.137500 0.097656 0.043750 0.097656
4 0.034375 0.587891 0.132812 0.597656 0.132812 0.642578 0.031250 0.634766
4 0.450000 0.373047 0.482812 0.373047 0.485938 0.468750 0.450000 0.464844
4 0.279687 0.376953 0.315625 0.376953 0.318750 0.500000 0.282813 0.501953
4 0.240625 0.669922 0.273438 0.675781 0.262500 0.779297 0.223438 0.769531
0 0.234375 0.947266 0.323437 0.935547 0.329688 0.978516 0.239063 0.992188
0 0.217188 0.875000 0.318750 0.873047 0.317188 0.923828 0.215625 0.927734
0 0.223438 0.806641 0.310937 0.800781 0.314063 0.853516 0.225000 0.859375
0 0.243750 0.552734 0.339062 0.566406 0.334375 0.615234 0.237500 0.603516
0 0.231250 0.390625 0.270313 0.390625 0.270313 0.500000 0.231250 0.500000
0 0.442188 0.234375 0.479687 0.234375 0.479687 0.357422 0.442188 0.357422
0 0.454688 0.517578 0.490625 0.517578 0.490625 0.632812 0.454688 0.632812
0 0.451562 0.658203 0.485938 0.658203 0.485938 0.781250 0.451562 0.781250
0 0.281250 0.251953 0.310937 0.251953 0.310937 0.355469 0.281250 0.355469
