0 0.464062 0.433594 0.542188 0.443359 0.539062 0.486328 0.459375 0.478516
0 0.462500 0.363281 0.554688 0.361328 0.556250 0.414062 0.460938 0.412109
0 0.460938 0.201172 0.548438 0.201172 0.548438 0.248047 0.460938 0.248047
0 0.853125 0.312500 0.914062 0.384766 0.893750 0.416016 0.831250 0.347656
0 0.664062 0.552734 0.746875 0.617188 0.728125 0.656250 0.643750 0.587891
0 0.662500 0.626953 0.742188 0.691406 0.726562 0.726562 0.645312 0.664062
0 0.667188 0.707031 0.743750 0.765625 0.728125 0.800781 0.650000 0.746094
0 0.664062 0.787109 0.740625 0.837891 0.726562 0.875000 0.650000 0.822266
0 0.660937 0.847656 0.742188 0.914062 0.728125 0.953125 0.643750 0.890625
0 0.664062 0.931641 0.753125 0.984375 0.739062 1.000000 0.645312 0.980469
0 0.460938 0.300781 0.551562 0.304688 0.551562 0.347656 0.460938 0.343750
0 0.667188 0.449219 0.740625 0.521484 0.725000 0.560547 0.646875 0.488281
0 0.704688 0.330078 0.742188 0.330078 0.742188 0.447266 0.704688 0.447266
0 0.906250 0.250000 0.943750 0.250000 0.943750 0.375000 0.906250 0.375000
0 0.267188 0.949219 0.360938 0.964844 0.354687 1.000000 0.260937 1.000000
0 0.142187 0.960938 0.245312 0.960938 0.245312 1.000000 0.142187 1.000000
0 0.782813 0.058594 0.867188 0.085938 0.860938 0.132812 0.768750 0.105469
0 0.657813 0.076172 0.750000 0.083984 0.746875 0.136719 0.653125 0.130859
0 0.460938 0.126953 0.546875 0.126953 0.546875 0.175781 0.460938 0.175781
0 0.448437 0.892578 0.523438 0.828125 0.543750 0.861328 0.468750 0.929688
0 0.445312 0.779297 0.534375 0.732422 0.551562 0.785156 0.460938 0.833984
0 0.446875 0.677734 0.534375 0.642578 0.542188 0.689453 0.454688 0.722656
0 0.454688 0.580078 0.531250 0.570312 0.534375 0.617188 0.459375 0.626953
0 0.446875 0.500000 0.532813 0.500000 0.532813 0.544922 0.446875 0.544922
