2 0.615625 0.013672 0.650000 0.013672 0.650000 0.144531 0.615625 0.144531
0 0.262500 0.300781 0.303125 0.287109 0.334375 0.404297 0.292187 0.417969
4 0.131250 0.330078 0.156250 0.310547 0.193750 0.373047 0.173437 0.394531
0 0.026562 0.320312 0.059375 0.281250 0.129688 0.357422 0.100000 0.402344
0 0.332813 0.287109 0.360938 0.261719 0.409375 0.357422 0.384375 0.378906
0 0.554688 0.933594 0.639062 0.933594 0.639062 0.980469 0.554688 0.980469
0 0.560937 0.839844 0.654687 0.871094 0.646875 0.912109 0.553125 0.886719
0 0.564063 0.773438 0.645312 0.773438 0.645312 0.816406 0.564063 0.816406
0 0.550000 0.695312 0.643750 0.695312 0.643750 0.734375 0.550000 0.734375
0 0.553125 0.621094 0.651563 0.621094 0.651563 0.667969 0.553125 0.667969
0 0.570312 0.494141 0.660937 0.494141 0.660937 0.535156 0.570312 0.535156
4 0.410938 0.779297 0.445312 0.775391 0.454688 0.898438 0.421875 0.902344
0 0.618750 0.433594 0.715625 0.433594 0.715625 0.474609 0.618750 0.474609
0 0.614062 0.160156 0.651563 0.162109 0.646875 0.277344 0.612500 0.271484
0 0.559375 0.007812 0.595313 0.007812 0.595313 0.119141 0.559375 0.119141
2 0.559375 0.138672 0.596875 0.138672 0.596875 0.269531 0.559375 0.269531
4 0.575000 0.568359 0.654687 0.568359 0.654687 0.601562 0.575000 0.601562
2 0.432812 0.599609 0.478125 0.615234 0.450000 0.757812 0.406250 0.744141
