0 0.259375 0.000000 0.293750 0.000000 0.293750 0.048828 0.259375 0.048828
0 0.234375 0.232422 0.264062 0.232422 0.264062 0.343750 0.234375 0.343750
0 0.348438 0.000000 0.389062 0.000000 0.389062 0.080078 0.348438 0.080078
2 0.409375 0.187500 0.453125 0.187500 0.453125 0.343750 0.409375 0.343750
0 0.807813 0.992188 0.901563 0.939453 0.918750 0.992188 0.825000 1.000000
1 0.217188 0.056641 0.264062 0.056641 0.268750 0.220703 0.220312 0.220703
0 0.789062 0.207031 0.867188 0.162109 0.885938 0.212891 0.804688 0.251953
0 0.790625 0.457031 0.881250 0.431641 0.889062 0.472656 0.803125 0.501953
0 0.768750 0.027344 0.865625 0.005859 0.881250 0.062500 0.776563 0.087891
0 0.800000 0.257812 0.889062 0.289062 0.878125 0.337891 0.784375 0.298828
0 0.798438 0.533203 0.885938 0.488281 0.903125 0.535156 0.814063 0.576172
0 0.798438 0.835938 0.881250 0.798828 0.895312 0.843750 0.814063 0.880859
0 0.240625 0.654297 0.278125 0.654297 0.282813 0.767578 0.248438 0.773438
0 0.646875 0.158203 0.687500 0.158203 0.687500 0.281250 0.646875 0.281250
