0 0.120313 0.691406 0.156250 0.691406 0.156250 0.808594 0.120313 0.808594
0 0.125000 0.552734 0.165625 0.554688 0.159375 0.671875 0.118750 0.669922
0 0.690625 0.000000 0.781250 0.000000 0.793750 0.019531 0.701562 0.050781
3 0.487500 0.892578 0.553125 0.892578 0.553125 1.000000 0.489063 1.000000
0 0.659375 0.873047 0.695312 0.910156 0.626563 1.000000 0.595313 0.970703
0 0.703125 0.919922 0.796875 0.919922 0.796875 0.974609 0.703125 0.972656
0 0.690625 0.712891 0.793750 0.716797 0.793750 0.767578 0.690625 0.763672
0 0.698438 0.646484 0.800000 0.654297 0.798438 0.703125 0.696875 0.695312
0 0.701562 0.472656 0.798438 0.476562 0.798438 0.525391 0.701562 0.519531
0 0.700000 0.271484 0.793750 0.275391 0.793750 0.328125 0.698438 0.324219
0 0.684375 0.220703 0.768750 0.167969 0.787500 0.203125 0.703125 0.261719
0 0.510938 0.326172 0.548438 0.326172 0.548438 0.455078 0.510938 0.455078
0 0.429688 0.718750 0.468750 0.718750 0.468750 0.835938 0.429688 0.835938
3 0.106250 0.865234 0.167187 0.865234 0.167187 1.000000 0.106250 1.000000
0 0.315625 0.267578 0.354687 0.269531 0.354687 0.400391 0.312500 0.400391
0 0.146875 0.093750 0.184375 0.097656 0.178125 0.212891 0.140625 0.210938
