0 0.757812 0.216797 0.846875 0.191406 0.856250 0.234375 0.767188 0.263672
0 0.207813 0.009766 0.245312 0.009766 0.245312 0.115234 0.207813 0.115234
0 0.762500 0.013672 0.859375 0.041016 0.846875 0.103516 0.753125 0.070312
0 0.495312 0.080078 0.532813 0.078125 0.540625 0.195312 0.503125 0.197266
0 0.581250 0.162109 0.621875 0.162109 0.621875 0.292969 0.581250 0.292969
0 0.765625 0.289062 0.854688 0.251953 0.867188 0.296875 0.779687 0.341797
0 0.775000 0.587891 0.853125 0.552734 0.867188 0.597656 0.787500 0.634766
0 0.778125 0.734375 0.871875 0.697266 0.887500 0.740234 0.793750 0.781250
0 0.728125 1.000000 0.778125 0.943359 0.804688 0.974609 0.757812 1.000000
0 0.406250 0.605469 0.446875 0.605469 0.448437 0.734375 0.407813 0.736328
0 0.225000 0.855469 0.259375 0.855469 0.259375 0.984375 0.225000 0.984375
0 0.215625 0.414062 0.250000 0.408203 0.259375 0.521484 0.223438 0.527344
