0 0.184375 0.542969 0.275000 0.542969 0.275000 0.589844 0.184375 0.589844
0 0.968750 0.074219 1.000000 0.074219 1.000000 0.212891 0.973437 0.208984
0 0.804688 0.890625 0.851562 0.890625 0.851562 1.000000 0.804688 1.000000
0 0.726562 0.390625 0.770312 0.390625 0.770312 0.544922 0.726562 0.544922
0 0.506250 0.792969 0.546875 0.792969 0.546875 0.906250 0.506250 0.906250
0 0.000000 0.667969 0.064062 0.673828 0.060937 0.726562 0.000000 0.722656
0 0.000000 0.546875 0.060937 0.550781 0.057813 0.597656 0.000000 0.591797
0 0.175000 0.476562 0.279687 0.476562 0.279687 0.527344 0.175000 0.527344
0 0.184375 0.667969 0.282813 0.681641 0.281250 0.730469 0.178125 0.720703
0 0.185938 0.804688 0.282813 0.804688 0.282813 0.861328 0.185938 0.861328
0 0.187500 0.941406 0.284375 0.941406 0.284375 0.994141 0.187500 0.994141
0 0.000000 0.000000 0.084375 0.000000 0.084375 0.031250 0.000000 0.031250
0 0.187500 0.000000 0.282813 0.000000 0.282813 0.029297 0.187500 0.029297
0 0.189062 0.037109 0.290625 0.037109 0.290625 0.078125 0.189062 0.078125
0 0.506250 0.265625 0.551562 0.265625 0.551562 0.396484 0.506250 0.396484
