0 0.184375 0.623047 0.282813 0.623047 0.282813 0.673828 0.184375 0.673828
0 0.184375 0.488281 0.284375 0.488281 0.284375 0.542969 0.184375 0.542969
0 0.185938 0.363281 0.279687 0.363281 0.282813 0.419922 0.181250 0.410156
0 0.190625 0.238281 0.271875 0.234375 0.275000 0.287109 0.190625 0.289062
0 0.000000 0.359375 0.070312 0.361328 0.068750 0.416016 0.000000 0.412109
0 0.000000 0.816406 0.070312 0.820312 0.070312 0.869141 0.000000 0.865234
0 0.000000 0.238281 0.068750 0.244141 0.065625 0.292969 0.000000 0.291016
0 0.189062 0.820312 0.278125 0.820312 0.278125 0.873047 0.189062 0.873047
0 0.175000 0.890625 0.282813 0.890625 0.282813 0.937500 0.175000 0.937500
0 0.179688 0.173828 0.273438 0.173828 0.273438 0.220703 0.179688 0.220703
0 0.518750 0.949219 0.559375 0.949219 0.559375 1.000000 0.518750 1.000000
0 0.443750 0.796875 0.485938 0.792969 0.489063 0.921875 0.448437 0.925781
0 0.509375 0.787109 0.554688 0.787109 0.554688 0.912109 0.509375 0.912109
0 0.498437 0.046875 0.534375 0.046875 0.539062 0.156250 0.496875 0.156250
