0 0.410938 0.562500 0.515625 0.562500 0.518750 0.609375 0.409375 0.609375
4 0.428125 0.753906 0.525000 0.761719 0.523438 0.806641 0.423438 0.802734
0 0.414062 0.625000 0.509375 0.619141 0.510938 0.675781 0.415625 0.677734
0 0.698438 0.792969 0.790625 0.794922 0.792188 0.845703 0.693750 0.841797
0 0.685937 0.554688 0.773438 0.556641 0.776563 0.607422 0.685937 0.607422
0 0.681250 0.648438 0.787500 0.648438 0.790625 0.705078 0.685937 0.707031
0 0.406250 0.439453 0.500000 0.435547 0.501563 0.484375 0.409375 0.488281
0 0.406250 0.501953 0.496875 0.498047 0.496875 0.548828 0.407813 0.548828
0 0.234375 0.271484 0.325000 0.238281 0.331250 0.283203 0.239063 0.318359
0 0.198437 0.207031 0.228125 0.236328 0.170313 0.318359 0.137500 0.292969
0 0.120313 0.203125 0.150000 0.228516 0.087500 0.324219 0.056250 0.289062
0 0.498437 0.000000 0.531250 0.013672 0.473438 0.103516 0.446875 0.076172
0 0.045312 0.212891 0.071875 0.242188 0.012500 0.330078 0.000000 0.296875
0 0.279687 0.001953 0.310937 0.021484 0.254688 0.105469 0.225000 0.080078
0 0.706250 0.060547 0.742188 0.056641 0.745313 0.167969 0.710938 0.169922
0 0.904687 0.361328 0.942187 0.359375 0.950000 0.464844 0.912500 0.466797
0 0.793750 0.089844 0.829688 0.089844 0.831250 0.208984 0.795312 0.205078
0 0.746875 0.085938 0.776563 0.082031 0.785937 0.197266 0.751563 0.199219
0 0.851562 0.089844 0.884375 0.089844 0.884375 0.203125 0.848437 0.199219
0 0.900000 0.087891 0.931250 0.087891 0.932813 0.195312 0.904687 0.195312
0 0.950000 0.091797 0.984375 0.089844 0.987500 0.201172 0.950000 0.199219
