0 0.521875 0.207031 0.550000 0.234375 0.489063 0.324219 0.462500 0.294922
4 0.690625 0.673828 0.768750 0.746094 0.751563 0.777344 0.671875 0.710938
0 0.523438 0.736328 0.559375 0.761719 0.503125 0.865234 0.468750 0.835938
0 0.484375 1.000000 0.539062 0.945312 0.575000 0.972656 0.518750 1.000000
0 0.529687 0.511719 0.562500 0.541016 0.503125 0.636719 0.471875 0.611328
0 0.459375 0.632812 0.489063 0.662109 0.437500 0.744141 0.409375 0.718750
0 0.509375 0.314453 0.543750 0.343750 0.490625 0.437500 0.454688 0.410156
0 0.459375 0.511719 0.492188 0.542969 0.431250 0.646484 0.400000 0.615234
0 0.517188 0.105469 0.543750 0.136719 0.482812 0.232422 0.454688 0.201172
0 0.437500 0.037109 0.465625 0.068359 0.404687 0.158203 0.375000 0.126953
0 0.442188 0.125000 0.470313 0.150391 0.420312 0.230469 0.392188 0.199219
0 0.443750 0.218750 0.478125 0.248047 0.421875 0.335938 0.387500 0.308594
0 0.448437 0.318359 0.478125 0.343750 0.425000 0.433594 0.393750 0.406250
