0 0.414062 0.000000 0.454688 0.000000 0.459375 0.066406 0.417187 0.070312
0 0.762500 0.937500 0.798438 0.912109 0.831250 1.000000 0.793750 1.000000
0 0.000000 0.703125 0.020313 0.693359 0.034375 0.812500 0.000000 0.820312
2 0.068750 0.833984 0.109375 0.824219 0.129688 0.998047 0.084375 1.000000
0 0.489063 0.904297 0.532813 0.892578 0.546875 1.000000 0.503125 1.000000
0 0.643750 0.785156 0.690625 0.779297 0.703125 0.902344 0.662500 0.919922
0 0.643750 0.515625 0.681250 0.515625 0.679688 0.644531 0.640625 0.640625
0 0.468750 0.667969 0.507812 0.666016 0.517188 0.794922 0.476562 0.802734
0 0.390625 0.535156 0.429688 0.525391 0.443750 0.648438 0.401562 0.654297
0 0.456250 0.462891 0.498437 0.458984 0.506250 0.591797 0.464062 0.595703
0 0.373437 0.335938 0.410938 0.333984 0.420312 0.441406 0.378125 0.445312
0 0.432812 0.283203 0.478125 0.277344 0.487500 0.410156 0.443750 0.419922
0 0.428125 0.126953 0.464062 0.121094 0.476562 0.238281 0.435937 0.242188
0 0.623437 0.083984 0.657813 0.080078 0.665625 0.197266 0.631250 0.199219
0 0.490625 0.093750 0.526563 0.087891 0.537500 0.207031 0.498437 0.210938
0 0.479687 0.000000 0.518750 0.000000 0.523438 0.046875 0.482812 0.050781
0 0.346875 0.000000 0.381250 0.000000 0.395313 0.093750 0.357812 0.101562
0 0.360938 0.132812 0.396875 0.128906 0.407813 0.248047 0.371875 0.251953
2 0.003125 0.000000 0.059375 0.000000 0.089063 0.152344 0.037500 0.164062
