0 0.768750 0.529297 0.870313 0.529297 0.870313 0.572266 0.768750 0.572266
0 0.748437 0.199219 0.846875 0.199219 0.846875 0.253906 0.748437 0.253906
0 0.478125 0.537109 0.581250 0.537109 0.581250 0.585938 0.478125 0.585938
0 0.640625 0.535156 0.742188 0.535156 0.742188 0.583984 0.640625 0.583984
0 0.940625 0.527344 1.000000 0.527344 1.000000 0.574219 0.940625 0.574219
0 0.903125 0.443359 1.000000 0.443359 1.000000 0.496094 0.903125 0.496094
0 0.768750 0.445312 0.868750 0.445312 0.868750 0.492188 0.768750 0.492188
0 0.612500 0.451172 0.720313 0.451172 0.720313 0.501953 0.612500 0.501953
0 0.481250 0.457031 0.570312 0.457031 0.570312 0.505859 0.481250 0.505859
0 0.743750 0.359375 0.843750 0.359375 0.843750 0.414062 0.743750 0.414062
0 0.606250 0.367188 0.706250 0.367188 0.706250 0.419922 0.606250 0.419922
0 0.484375 0.375000 0.579688 0.375000 0.579688 0.429688 0.484375 0.429688
