0 0.743750 0.966797 0.837500 0.966797 0.837500 1.000000 0.743750 1.000000
0 0.846875 0.884766 0.945312 0.884766 0.945312 0.931641 0.846875 0.931641
0 0.864062 0.005859 0.950000 0.000000 0.956250 0.042969 0.870313 0.056641
0 0.728125 0.000000 0.825000 0.000000 0.825000 0.046875 0.728125 0.046875
0 0.790625 0.146484 0.896875 0.146484 0.896875 0.203125 0.790625 0.203125
0 0.779687 0.642578 0.885938 0.642578 0.885938 0.689453 0.779687 0.689453
0 0.129688 0.875000 0.235937 0.875000 0.235937 0.927734 0.129688 0.927734
0 0.162500 0.626953 0.271875 0.626953 0.271875 0.677734 0.162500 0.677734
0 0.328125 0.232422 0.428125 0.232422 0.428125 0.283203 0.328125 0.283203
0 0.190625 0.097656 0.285938 0.097656 0.285938 0.140625 0.190625 0.140625
0 0.176563 0.021484 0.275000 0.021484 0.275000 0.064453 0.176563 0.064453
0 0.451562 0.011719 0.546875 0.011719 0.546875 0.062500 0.451562 0.062500
