0 0.812500 0.369141 0.843750 0.408203 0.775000 0.476562 0.751563 0.445312
0 0.814063 0.003906 0.854688 0.005859 0.848437 0.125000 0.807813 0.121094
0 0.596875 0.398438 0.692187 0.404297 0.692187 0.453125 0.592187 0.445312
0 0.590625 0.458984 0.681250 0.464844 0.679688 0.513672 0.587500 0.501953
0 0.587500 0.513672 0.684375 0.523438 0.682813 0.574219 0.584375 0.568359
0 0.568750 0.708984 0.670312 0.716797 0.665625 0.769531 0.562500 0.759766
0 0.562500 0.777344 0.670312 0.771484 0.670312 0.830078 0.567187 0.832031
0 0.567187 0.841797 0.670312 0.847656 0.670312 0.890625 0.564063 0.884766
0 0.562500 0.902344 0.665625 0.908203 0.667188 0.960938 0.560937 0.953125
0 0.571875 0.976562 0.668750 0.976562 0.670312 1.000000 0.571875 1.000000
0 0.779687 0.730469 0.823438 0.732422 0.818750 0.857422 0.778125 0.853516
0 0.759375 0.548828 0.823438 0.480469 0.843750 0.519531 0.778125 0.582031
