0 0.454688 0.000000 0.485938 0.000000 0.542188 0.044922 0.512500 0.082031
0 0.696875 0.888672 0.785937 0.849609 0.803125 0.902344 0.710938 0.941406
0 0.560937 0.945312 0.592187 0.935547 0.615625 1.000000 0.581250 1.000000
0 0.918750 0.308594 1.000000 0.306641 1.000000 0.355469 0.923438 0.361328
0 0.875000 0.189453 0.971875 0.181641 0.970313 0.232422 0.876563 0.242188
0 0.901563 0.248047 0.987500 0.248047 0.987500 0.296875 0.901563 0.296875
0 0.856250 0.126953 0.948438 0.126953 0.948438 0.177734 0.856250 0.177734
0 0.831250 0.056641 0.914062 0.056641 0.914062 0.109375 0.831250 0.109375
0 0.523438 0.000000 0.553125 0.000000 0.600000 0.001953 0.571875 0.031250
0 0.389062 0.033203 0.418750 0.003906 0.475000 0.087891 0.446875 0.121094
