4 0.581250 1.000000 0.648438 0.933594 0.678125 0.974609 0.610938 1.000000
4 0.153125 0.402344 0.218750 0.332031 0.245312 0.361328 0.176563 0.439453
4 0.051562 0.269531 0.110937 0.199219 0.137500 0.230469 0.075000 0.302734
0 0.282813 0.970703 0.315625 0.937500 0.373437 1.000000 0.340625 1.000000
0 0.090625 0.011719 0.148438 0.082031 0.118750 0.121094 0.067187 0.050781
0 0.035937 0.121094 0.060937 0.152344 0.000000 0.212891 0.000000 0.177734
0 0.001563 0.230469 0.085938 0.160156 0.107813 0.199219 0.023438 0.275391
0 0.150000 0.244141 0.182812 0.275391 0.118750 0.365234 0.084375 0.335938
0 0.360938 0.533203 0.390625 0.568359 0.332813 0.642578 0.306250 0.611328
0 0.553125 0.951172 0.618750 0.875000 0.648438 0.910156 0.579688 0.984375
4 0.185938 0.433594 0.251563 0.369141 0.270313 0.398438 0.210938 0.468750
4 0.517188 0.882812 0.579688 0.816406 0.606250 0.849609 0.540625 0.916016
4 0.279687 0.410156 0.312500 0.441406 0.246875 0.513672 0.223438 0.480469
