0 0.900000 0.345703 0.926562 0.363281 0.895312 0.443359 0.864062 0.427734
0 0.925000 0.068359 0.959375 0.072266 0.950000 0.162109 0.920312 0.158203
0 0.620313 0.052734 0.653125 0.050781 0.646875 0.152344 0.612500 0.150391
0 0.670312 0.058594 0.707812 0.060547 0.703125 0.160156 0.662500 0.160156
0 0.745313 0.054688 0.779687 0.068359 0.762500 0.173828 0.720313 0.160156
0 0.875000 0.078125 0.909375 0.080078 0.909375 0.181641 0.871875 0.179688
0 0.798438 0.318359 0.832812 0.330078 0.807813 0.425781 0.771875 0.410156
0 0.856250 0.328125 0.885938 0.349609 0.846875 0.445312 0.815625 0.423828
0 0.737500 0.312500 0.773438 0.324219 0.750000 0.437500 0.714063 0.423828
0 0.678125 0.320312 0.715625 0.337891 0.662500 0.429688 0.629687 0.402344
0 0.617188 0.306641 0.648438 0.328125 0.593750 0.421875 0.567187 0.396484
1 0.565625 0.294922 0.592187 0.318359 0.537500 0.398438 0.514062 0.376953
0 0.514062 0.277344 0.546875 0.298828 0.496875 0.392578 0.464062 0.361328
0 0.445312 0.283203 0.481250 0.300781 0.440625 0.400391 0.404687 0.378906
0 0.409375 0.250000 0.434375 0.275391 0.389062 0.369141 0.356250 0.337891
1 0.342187 0.238281 0.371875 0.261719 0.332813 0.345703 0.300000 0.318359
0 0.270313 0.230469 0.301563 0.244141 0.271875 0.347656 0.239063 0.330078
0 0.217188 0.234375 0.251563 0.246094 0.221875 0.351562 0.189062 0.335938
0 0.173437 0.230469 0.203125 0.261719 0.160938 0.337891 0.132812 0.304688
0 0.010937 0.113281 0.082812 0.167969 0.062500 0.205078 0.000000 0.148438
0 0.170313 0.000000 0.203125 0.000000 0.185938 0.103516 0.139063 0.087891
4 0.145313 0.205078 0.170313 0.228516 0.125000 0.302734 0.095312 0.275391
