0 0.596875 0.011719 0.634375 0.009766 0.628125 0.125000 0.589063 0.125000
4 0.715625 0.863281 0.789062 0.869141 0.787500 0.902344 0.714063 0.900391
0 0.953125 0.957031 1.000000 0.939453 1.000000 0.994141 0.960938 1.000000
0 0.917188 0.849609 1.000000 0.847656 1.000000 0.898438 0.920312 0.896484
0 0.898438 0.298828 0.976562 0.310547 0.973437 0.351562 0.895312 0.343750
0 0.887500 0.232422 0.973437 0.193359 0.989062 0.242188 0.898438 0.273438
0 0.857812 0.158203 0.945312 0.138672 0.957812 0.193359 0.865625 0.205078
0 0.709375 0.968750 0.801562 0.968750 0.801562 1.000000 0.709375 1.000000
0 0.715625 0.914062 0.806250 0.917969 0.804688 0.958984 0.714063 0.958984
0 0.700000 0.792969 0.789062 0.798828 0.789062 0.839844 0.700000 0.835938
0 0.701562 0.726562 0.793750 0.734375 0.792188 0.777344 0.698438 0.771484
0 0.564063 0.884766 0.603125 0.888672 0.598437 1.000000 0.565625 0.998047
0 0.584375 0.675781 0.617188 0.677734 0.610938 0.794922 0.579688 0.792969
0 0.587500 0.396484 0.623437 0.398438 0.615625 0.509766 0.582812 0.505859
0 0.695312 0.486328 0.781250 0.492188 0.779687 0.537109 0.695312 0.533203
0 0.665625 0.365234 0.756250 0.376953 0.754687 0.416016 0.664062 0.416016
0 0.678125 0.304688 0.770312 0.304688 0.770312 0.357422 0.678125 0.357422
0 0.595313 0.199219 0.631250 0.203125 0.629687 0.314453 0.587500 0.308594
0 0.698438 0.220703 0.779687 0.230469 0.776563 0.267578 0.695312 0.257812
0 0.664062 0.076172 0.746875 0.080078 0.748437 0.115234 0.664062 0.113281
0 0.656250 0.015625 0.743750 0.017578 0.740625 0.060547 0.654687 0.052734
