0 0.417187 0.080078 0.445312 0.083984 0.443750 0.169922 0.415625 0.169922
0 0.137500 0.078125 0.170313 0.070312 0.176563 0.175781 0.140625 0.179688
0 0.046875 0.068359 0.081250 0.066406 0.082812 0.175781 0.048438 0.175781
0 0.351562 0.062500 0.382812 0.066406 0.376563 0.164062 0.348438 0.162109
4 0.534375 0.521484 0.626563 0.515625 0.629687 0.564453 0.537500 0.564453
0 0.570312 0.060547 0.654687 0.072266 0.651563 0.109375 0.567187 0.099609
0 0.584375 0.189453 0.660937 0.185547 0.664062 0.232422 0.585938 0.236328
0 0.584375 0.128906 0.654687 0.132812 0.653125 0.167969 0.582812 0.166016
0 0.487500 0.189453 0.571875 0.191406 0.571875 0.238281 0.485938 0.234375
1 0.423438 0.253906 0.542188 0.255859 0.542188 0.314453 0.423438 0.316406
0 0.542188 0.357422 0.625000 0.363281 0.623437 0.400391 0.540625 0.394531
0 0.501563 0.431641 0.592187 0.451172 0.582812 0.509766 0.492188 0.494141
0 0.260937 0.689453 0.290625 0.689453 0.289062 0.789062 0.257812 0.785156
0 0.185938 0.851562 0.220312 0.851562 0.215625 0.964844 0.182812 0.964844
2 0.687500 0.857422 0.734375 0.859375 0.742188 1.000000 0.689063 1.000000
0 0.753125 0.412109 0.784375 0.412109 0.784375 0.523438 0.753125 0.523438
1 0.456250 0.046875 0.487500 0.035156 0.514062 0.160156 0.479687 0.173828
0 0.510938 0.072266 0.540625 0.062500 0.560937 0.152344 0.531250 0.162109
0 0.570312 0.000000 0.657813 0.000000 0.660937 0.027344 0.571875 0.033203
