0 0.464062 0.695312 0.500000 0.693359 0.504687 0.802734 0.468750 0.808594
0 0.379688 0.710938 0.412500 0.687500 0.450000 0.796875 0.417187 0.818359
0 0.325000 0.693359 0.359375 0.679688 0.389062 0.792969 0.350000 0.804688
0 0.270313 0.716797 0.303125 0.701172 0.335938 0.806641 0.300000 0.824219
0 0.157812 0.708984 0.189062 0.693359 0.206250 0.785156 0.171875 0.796875
0 0.214062 0.697266 0.248438 0.683594 0.270313 0.800781 0.235937 0.812500
0 0.098437 0.634766 0.160938 0.574219 0.179688 0.603516 0.115625 0.667969
0 0.595313 0.384766 0.628125 0.394531 0.609375 0.503906 0.573438 0.494141
0 0.460938 0.494141 0.539062 0.437500 0.557813 0.476562 0.478125 0.533203
0 0.339062 0.480469 0.432812 0.449219 0.442188 0.498047 0.348438 0.525391
0 0.001563 0.250000 0.051562 0.332031 0.023438 0.361328 0.000000 0.277344
0 0.064062 0.472656 0.150000 0.513672 0.140625 0.550781 0.053125 0.513672
0 0.150000 0.357422 0.185938 0.351562 0.201563 0.462891 0.160938 0.468750
0 0.062500 0.339844 0.096875 0.345703 0.084375 0.455078 0.050000 0.447266
0 0.150000 0.000000 0.181250 0.000000 0.175000 0.050781 0.145313 0.048828
0 0.000000 0.082031 0.031250 0.072266 0.051562 0.185547 0.010937 0.193359
0 0.157812 0.132812 0.193750 0.132812 0.196875 0.246094 0.157812 0.244141
0 0.596875 0.025391 0.634375 0.029297 0.631250 0.154297 0.590625 0.150391
2 0.018750 0.699219 0.070312 0.699219 0.068750 0.933594 0.017188 0.935547
1 0.095312 0.707031 0.137500 0.705078 0.142187 0.888672 0.093750 0.888672
0 0.629687 0.677734 0.659375 0.671875 0.675000 0.777344 0.642188 0.785156
0 0.582812 0.734375 0.614062 0.728516 0.634375 0.843750 0.596875 0.849609
0 0.534375 0.703125 0.570312 0.699219 0.578125 0.820312 0.539062 0.826172
