0 0.743750 0.556641 0.826562 0.560547 0.825000 0.597656 0.745313 0.597656
0 0.851562 0.410156 0.882812 0.419922 0.859375 0.521484 0.823438 0.511719
0 0.739062 0.412109 0.807813 0.351562 0.829688 0.384766 0.760938 0.451172
0 0.942187 0.304688 0.979688 0.304688 0.979688 0.412109 0.942187 0.412109
0 0.810937 0.195312 0.881250 0.250000 0.862500 0.281250 0.792188 0.234375
0 0.787500 0.257812 0.864062 0.291016 0.851562 0.328125 0.773438 0.302734
0 0.834375 0.140625 0.895312 0.208984 0.875000 0.238281 0.814063 0.171875
0 0.393750 0.832031 0.439063 0.832031 0.439063 0.968750 0.393750 0.968750
0 0.848437 0.132812 0.876563 0.099609 0.932813 0.169922 0.909375 0.203125
0 0.959375 0.056641 0.990625 0.029297 1.000000 0.117188 1.000000 0.148438
0 0.901563 0.085938 0.934375 0.058594 0.990625 0.125000 0.959375 0.164062
0 0.767188 0.722656 0.829688 0.697266 0.837500 0.736328 0.776563 0.761719
