0 0.396875 0.537109 0.425000 0.566406 0.360938 0.669922 0.325000 0.638672
0 0.934375 0.744141 0.971875 0.712891 1.000000 0.824219 0.995313 0.859375
0 0.929688 0.474609 0.965625 0.501953 0.920312 0.619141 0.876563 0.589844
0 0.714063 0.716797 0.795312 0.638672 0.820312 0.681641 0.735938 0.753906
0 0.509375 0.880859 0.604688 0.804688 0.628125 0.849609 0.532813 0.927734
0 0.432812 0.816406 0.517188 0.744141 0.539062 0.779297 0.457813 0.855469
0 0.401562 0.759766 0.478125 0.685547 0.503125 0.718750 0.423438 0.794922
0 0.362500 0.673828 0.443750 0.605469 0.465625 0.644531 0.381250 0.712891
0 0.114062 1.000000 0.203125 0.923828 0.229687 0.972656 0.139063 1.000000
0 0.093750 0.917969 0.184375 0.855469 0.209375 0.902344 0.118750 0.968750
0 0.095312 0.816406 0.184375 0.775391 0.195312 0.820312 0.112500 0.865234
0 0.120313 0.667969 0.150000 0.630859 0.217188 0.720703 0.187500 0.755859
0 0.170313 0.605469 0.201563 0.580078 0.262500 0.675781 0.232813 0.705078
0 0.223438 0.527344 0.256250 0.505859 0.303125 0.607422 0.268750 0.630859
