0 0.503125 0.804688 0.581250 0.804688 0.581250 0.847656 0.503125 0.847656
0 0.700000 0.361328 0.739062 0.365234 0.734375 0.472656 0.696875 0.466797
0 0.603125 0.267578 0.632812 0.244141 0.689063 0.333984 0.659375 0.355469
0 0.745313 0.152344 0.781250 0.152344 0.781250 0.255859 0.745313 0.255859
0 0.821875 0.095703 0.900000 0.080078 0.904687 0.117188 0.829688 0.132812
0 0.653125 0.134766 0.690625 0.134766 0.687500 0.242188 0.651563 0.240234
0 0.465625 0.583984 0.551562 0.593750 0.546875 0.632812 0.460938 0.623047
0 0.045312 0.000000 0.131250 0.000000 0.131250 0.041016 0.045312 0.041016
0 0.048438 0.048828 0.129688 0.056641 0.126562 0.103516 0.040625 0.089844
0 0.040625 0.117188 0.125000 0.117188 0.125000 0.158203 0.040625 0.158203
0 0.039062 0.285156 0.129688 0.294922 0.126562 0.335938 0.035937 0.326172
0 0.020313 0.714844 0.103125 0.714844 0.103125 0.755859 0.020313 0.755859
0 0.018750 0.771484 0.103125 0.771484 0.103125 0.816406 0.018750 0.816406
0 0.010937 0.832031 0.093750 0.832031 0.093750 0.873047 0.010937 0.873047
0 0.698438 0.580078 0.737500 0.580078 0.737500 0.699219 0.698438 0.699219
0 0.484375 0.724609 0.567187 0.695312 0.579688 0.740234 0.492188 0.771484
0 0.534375 0.751953 0.628125 0.748047 0.629687 0.794922 0.535937 0.798828
0 0.479687 0.410156 0.565625 0.425781 0.559375 0.466797 0.471875 0.457031
0 0.451562 0.861328 0.546875 0.865234 0.545312 0.908203 0.450000 0.904297
0 0.550000 0.863281 0.632812 0.863281 0.632812 0.916016 0.550000 0.916016
0 0.639062 0.814453 0.676562 0.814453 0.676562 0.931641 0.639062 0.931641
0 0.015625 0.642578 0.104688 0.642578 0.100000 0.695312 0.012500 0.695312
0 0.475000 0.955078 0.557813 0.947266 0.560937 0.992188 0.479687 1.000000
4 0.476562 0.482422 0.573438 0.503906 0.567187 0.546875 0.468750 0.523438
0 0.531250 0.326172 0.617188 0.326172 0.617188 0.365234 0.531250 0.365234
