0 0.848437 0.296875 0.875000 0.320312 0.817187 0.396484 0.792188 0.369141
0 0.793750 0.179688 0.850000 0.117188 0.871875 0.144531 0.814063 0.208984
0 0.817187 0.931641 0.898438 0.917969 0.903125 0.962891 0.818750 0.968750
0 0.793750 0.726562 0.895312 0.710938 0.900000 0.759766 0.796875 0.773438
0 0.640625 0.722656 0.681250 0.722656 0.681250 0.824219 0.640625 0.824219
0 0.014063 0.798828 0.117188 0.798828 0.117188 0.849609 0.014063 0.849609
0 0.670312 0.087891 0.706250 0.087891 0.707812 0.195312 0.670312 0.193359
0 0.551562 0.253906 0.635938 0.259766 0.637500 0.306641 0.551562 0.298828
0 0.553125 0.322266 0.639062 0.330078 0.640625 0.371094 0.551562 0.365234
1 0.498437 0.443359 0.535937 0.443359 0.535937 0.580078 0.498437 0.580078
0 0.548438 0.498047 0.584375 0.500000 0.582812 0.582031 0.546875 0.582031
0 0.659375 0.552734 0.696875 0.552734 0.696875 0.675781 0.659375 0.675781
0 0.059375 0.050781 0.140625 0.050781 0.140625 0.099609 0.059375 0.099609
0 0.037500 0.509766 0.123438 0.509766 0.123438 0.558594 0.037500 0.558594
0 0.031250 0.566406 0.126562 0.566406 0.126562 0.615234 0.031250 0.615234
0 0.029687 0.628906 0.132812 0.628906 0.132812 0.681641 0.029687 0.681641
0 0.021875 0.681641 0.132812 0.681641 0.132812 0.734375 0.021875 0.734375
0 0.012500 0.744141 0.118750 0.744141 0.118750 0.791016 0.012500 0.791016
4 0.798438 0.257812 0.848437 0.203125 0.870313 0.230469 0.820312 0.291016
4 0.632812 0.472656 0.667188 0.498047 0.629687 0.603516 0.595313 0.583984
0 0.007812 0.851562 0.101562 0.869141 0.093750 0.916016 0.001563 0.906250
0 0.004687 0.931641 0.084375 0.937500 0.079687 0.988281 0.001563 0.982422
