0 0.850000 0.792969 0.932813 0.851562 0.914062 0.888672 0.834375 0.832031
0 0.817187 0.863281 0.890625 0.912109 0.871875 0.953125 0.800000 0.902344
0 0.787500 0.916016 0.864062 0.970703 0.846875 1.000000 0.768750 0.957031
0 0.551562 0.738281 0.587500 0.765625 0.537500 0.863281 0.509375 0.841797
0 0.214062 0.832031 0.253125 0.855469 0.206250 0.970703 0.167187 0.939453
0 0.346875 0.654297 0.389062 0.683594 0.337500 0.787109 0.300000 0.757812
0 0.554688 0.222656 0.600000 0.251953 0.540625 0.363281 0.509375 0.337891
0 0.814063 0.027344 0.853125 0.058594 0.801562 0.148438 0.765625 0.121094
0 0.940625 0.861328 1.000000 0.910156 1.000000 0.955078 0.929688 0.900391
0 0.821875 0.384766 0.904687 0.439453 0.887500 0.484375 0.801562 0.429688
0 0.800000 0.449219 0.882812 0.505859 0.865625 0.542969 0.782813 0.486328
0 0.768750 0.507812 0.848437 0.564453 0.829688 0.601562 0.754687 0.541016
0 0.745313 0.566406 0.829688 0.621094 0.809375 0.664062 0.726562 0.605469
0 0.879687 0.736328 0.962500 0.798828 0.946875 0.835938 0.856250 0.769531
0 0.710938 0.617188 0.803125 0.677734 0.781250 0.726562 0.692187 0.660156
0 0.693750 0.677734 0.778125 0.734375 0.757812 0.781250 0.673438 0.718750
0 0.667188 0.730469 0.748437 0.791016 0.731250 0.826172 0.650000 0.767578
0 0.646875 0.777344 0.728125 0.833984 0.710938 0.876953 0.625000 0.824219
0 0.606250 0.871094 0.631250 0.839844 0.707812 0.906250 0.685937 0.943359
0 0.593750 0.912109 0.675000 0.972656 0.656250 1.000000 0.575000 0.953125
0 0.910937 0.679688 0.996875 0.738281 0.984375 0.773438 0.895312 0.720703
0 0.439063 0.042969 0.468750 0.066406 0.421875 0.160156 0.387500 0.136719
0 0.146875 0.521484 0.179688 0.548828 0.131250 0.656250 0.093750 0.628906
