0 0.373437 0.484375 0.459375 0.558594 0.431250 0.597656 0.350000 0.519531
1 0.620313 0.265625 0.957812 0.265625 0.957812 0.339844 0.620313 0.339844
4 0.479687 0.261719 0.582812 0.259766 0.581250 0.316406 0.484375 0.320312
0 0.145313 0.271484 0.239063 0.271484 0.239063 0.316406 0.145313 0.316406
0 0.321875 0.269531 0.414062 0.257812 0.420312 0.310547 0.328125 0.322266
0 0.662500 0.658203 0.704688 0.667969 0.676562 0.777344 0.639062 0.759766
0 0.570312 0.582031 0.646875 0.496094 0.676562 0.531250 0.600000 0.615234
0 0.729688 0.533203 0.759375 0.564453 0.706250 0.646484 0.678125 0.613281
0 0.071875 0.433594 0.162500 0.433594 0.162500 0.484375 0.071875 0.484375
0 0.000000 0.439453 0.051562 0.439453 0.051562 0.486328 0.000000 0.486328
0 0.190625 0.439453 0.265625 0.429688 0.268750 0.470703 0.193750 0.476562
0 0.454688 0.632812 0.492188 0.611328 0.528125 0.710938 0.496875 0.730469
2 0.496875 0.746094 0.539062 0.736328 0.545312 0.859375 0.509375 0.861328
0 0.642188 0.869141 0.685937 0.869141 0.685937 0.986328 0.642188 0.986328
2 0.509375 0.906250 0.542188 0.906250 0.542188 1.000000 0.509375 1.000000
