0 0.306250 0.511719 0.384375 0.466797 0.400000 0.511719 0.317188 0.554688
2 0.201563 0.509766 0.292187 0.509766 0.293750 0.564453 0.201563 0.560547
0 0.000000 0.648438 0.050000 0.662109 0.043750 0.716797 0.000000 0.699219
0 0.087500 0.664062 0.171875 0.679688 0.167187 0.730469 0.076563 0.710938
0 0.259375 0.681641 0.340625 0.728516 0.326562 0.769531 0.248438 0.728516
0 0.351562 0.771484 0.371875 0.746094 0.431250 0.822266 0.406250 0.847656
2 0.604688 0.710938 0.660937 0.716797 0.626563 1.000000 0.570312 1.000000
0 0.645312 0.337891 0.681250 0.337891 0.681250 0.449219 0.645312 0.449219
0 0.659375 0.121094 0.696875 0.126953 0.685937 0.234375 0.653125 0.228516
0 0.535937 0.013672 0.573438 0.013672 0.573438 0.117188 0.535937 0.117188
0 0.532813 0.156250 0.562500 0.156250 0.564063 0.253906 0.528125 0.253906
0 0.482812 0.353516 0.504687 0.382812 0.435937 0.468750 0.417187 0.441406
0 0.071875 0.494141 0.157812 0.511719 0.151562 0.554688 0.065625 0.535156
4 0.631250 0.533203 0.670312 0.537109 0.660937 0.656250 0.618750 0.652344
