3 0.610938 0.466797 0.656250 0.466797 0.665625 0.753906 0.620313 0.757812
3 0.614062 0.158203 0.654687 0.160156 0.659375 0.408203 0.614062 0.412109
0 0.615625 0.000000 0.654687 0.000000 0.657813 0.089844 0.618750 0.089844
0 0.071875 0.978516 0.179688 0.925781 0.195312 0.972656 0.092188 1.000000
0 0.006250 0.808594 0.032813 0.939453 0.001563 0.960938 0.000000 0.830078
0 0.260937 0.617188 0.279687 0.634766 0.239063 0.714844 0.212500 0.695312
0 0.106250 0.650391 0.154688 0.593750 0.171875 0.621094 0.125000 0.671875
0 0.129688 0.511719 0.156250 0.537109 0.115625 0.601562 0.090625 0.574219
0 0.206250 0.542969 0.289062 0.486328 0.306250 0.521484 0.228125 0.583984
0 0.215625 0.417969 0.275000 0.359375 0.290625 0.400391 0.237500 0.455078
0 0.359375 0.154297 0.401562 0.156250 0.406250 0.277344 0.356250 0.277344
0 0.210938 0.154297 0.275000 0.107422 0.293750 0.152344 0.232813 0.195312
0 0.223438 0.326172 0.284375 0.269531 0.303125 0.306641 0.245312 0.363281
0 0.226562 0.070312 0.285938 0.015625 0.304688 0.056641 0.243750 0.095703
0 0.106250 0.064453 0.142187 0.066406 0.142187 0.164062 0.110937 0.166016
