3 0.535937 0.669922 0.590625 0.669922 0.590625 0.955078 0.531250 0.955078
0 0.089063 0.847656 0.125000 0.857422 0.101562 0.976562 0.065625 0.968750
0 0.135937 0.845703 0.167187 0.849609 0.159375 0.964844 0.126562 0.960938
0 0.181250 0.841797 0.215625 0.835938 0.218750 0.970703 0.184375 0.968750
0 0.225000 0.847656 0.260937 0.839844 0.270313 0.962891 0.235937 0.966797
0 0.492188 0.679688 0.518750 0.681641 0.515625 0.781250 0.484375 0.781250
0 0.078125 0.421875 0.112500 0.427734 0.115625 0.537109 0.078125 0.537109
0 0.123438 0.414062 0.160938 0.414062 0.170313 0.521484 0.132812 0.529297
0 0.173437 0.414062 0.214062 0.406250 0.217188 0.525391 0.168750 0.515625
0 0.446875 0.365234 0.490625 0.359375 0.489063 0.476562 0.454688 0.478516
0 0.089063 0.044922 0.123438 0.044922 0.132812 0.148438 0.098437 0.152344
0 0.132812 0.042969 0.170313 0.039062 0.179688 0.146484 0.142187 0.150391
3 0.490625 0.000000 0.528125 0.000000 0.548438 0.181641 0.506250 0.181641
3 0.514062 0.226562 0.557813 0.224609 0.570312 0.488281 0.526563 0.486328
0 0.967187 0.474609 1.000000 0.494141 1.000000 0.541016 0.957812 0.515625
0 0.943750 0.537109 1.000000 0.560547 1.000000 0.603516 0.935937 0.574219
0 0.901563 0.798828 0.987500 0.826172 0.982812 0.873047 0.896875 0.851562
0 0.900000 0.871094 0.992188 0.902344 0.982812 0.945312 0.892188 0.914062
