0 0.000000 0.591797 0.035937 0.587891 0.034375 0.628906 0.000000 0.634766
3 0.579688 0.732422 0.632812 0.726562 0.665625 1.000000 0.609375 1.000000
3 0.550000 0.408203 0.600000 0.394531 0.632812 0.673828 0.584375 0.687500
3 0.507812 0.095703 0.564063 0.087891 0.604688 0.345703 0.548438 0.353516
0 0.198437 0.388672 0.237500 0.392578 0.234375 0.503906 0.195312 0.501953
0 0.195312 0.546875 0.232813 0.541016 0.240625 0.644531 0.204687 0.652344
0 0.154688 0.558594 0.185938 0.548828 0.195312 0.654297 0.162500 0.662109
0 0.000000 0.646484 0.042188 0.642578 0.045312 0.681641 0.000000 0.685547
0 0.137500 0.953125 0.173437 0.951172 0.173437 1.000000 0.137500 1.000000
0 0.187500 0.931641 0.225000 0.929688 0.226562 1.000000 0.189062 1.000000
0 0.239063 0.935547 0.276562 0.931641 0.278125 1.000000 0.240625 1.000000
0 0.523438 0.884766 0.567187 0.880859 0.565625 0.996094 0.525000 0.998047
0 0.706250 0.451172 0.732812 0.484375 0.676562 0.560547 0.650000 0.531250
0 0.625000 0.439453 0.687500 0.384766 0.703125 0.416016 0.646875 0.470703
0 0.629687 0.253906 0.709375 0.261719 0.709375 0.304688 0.629687 0.296875
0 0.634375 0.158203 0.710938 0.179688 0.707812 0.222656 0.626563 0.205078
0 0.593750 0.058594 0.667188 0.000000 0.685937 0.031250 0.610938 0.095703
