0 0.460938 0.179688 0.495312 0.179688 0.496875 0.279297 0.464062 0.279297
0 0.145313 0.000000 0.182812 0.000000 0.195312 0.044922 0.160938 0.054688
0 0.098437 0.000000 0.135937 0.000000 0.148438 0.044922 0.109375 0.048828
0 0.860938 0.271484 0.951562 0.296875 0.948438 0.341797 0.857812 0.318359
0 0.904687 0.017578 0.995313 0.041016 0.989062 0.080078 0.895312 0.056641
0 0.810937 0.662109 0.895312 0.687500 0.890625 0.734375 0.801562 0.705078
1 0.785937 0.771484 0.898438 0.814453 0.890625 0.863281 0.773438 0.818359
0 0.790625 0.857422 0.884375 0.882812 0.876563 0.927734 0.782813 0.906250
3 0.520312 0.699219 0.567187 0.691406 0.584375 0.992188 0.535937 1.000000
0 0.165625 0.933594 0.189062 0.960938 0.145313 1.000000 0.121875 1.000000
0 0.120313 0.906250 0.185938 0.841797 0.206250 0.880859 0.140625 0.943359
0 0.121875 0.818359 0.173437 0.771484 0.196875 0.798828 0.139063 0.849609
0 0.132812 0.570312 0.228125 0.552734 0.234375 0.603516 0.135937 0.617188
0 0.050000 0.000000 0.084375 0.000000 0.093750 0.050781 0.059375 0.056641
0 0.862500 0.339844 0.946875 0.365234 0.942187 0.410156 0.859375 0.386719
0 0.126562 0.515625 0.203125 0.472656 0.217188 0.507812 0.140625 0.556641
0 0.842187 0.457031 0.940625 0.492188 0.932813 0.531250 0.832812 0.500000
0 0.214062 0.347656 0.246875 0.341797 0.262500 0.457031 0.228125 0.462891
0 0.164062 0.341797 0.204687 0.343750 0.210938 0.458984 0.173437 0.464844
0 0.128125 0.347656 0.162500 0.351562 0.159375 0.457031 0.117188 0.458984
0 0.084375 0.347656 0.120313 0.363281 0.101562 0.476562 0.062500 0.462891
0 0.529687 0.484375 0.565625 0.484375 0.578125 0.617188 0.542188 0.625000
3 0.509375 0.173828 0.559375 0.173828 0.568750 0.433594 0.517188 0.435547
