0 0.379688 0.179688 0.468750 0.183594 0.468750 0.228516 0.384375 0.228516
0 0.692187 0.039062 0.779687 0.031250 0.787500 0.076172 0.696875 0.087891
0 0.612500 0.117188 0.706250 0.103516 0.714063 0.142578 0.620313 0.158203
0 0.592187 0.363281 0.685937 0.349609 0.690625 0.392578 0.598437 0.408203
0 0.601562 0.439453 0.696875 0.445312 0.696875 0.496094 0.596875 0.490234
0 0.696875 0.673828 0.782813 0.662109 0.787500 0.703125 0.704688 0.716797
0 0.792188 0.871094 0.831250 0.853516 0.859375 0.974609 0.821875 0.994141
0 0.923438 0.638672 1.000000 0.613281 1.000000 0.666016 0.935937 0.689453
0 0.921875 0.544922 1.000000 0.529297 1.000000 0.585938 0.926562 0.597656
0 0.929688 0.466797 1.000000 0.443359 1.000000 0.492188 0.935937 0.511719
0 0.040625 0.564453 0.079687 0.572266 0.068750 0.683594 0.039062 0.681641
0 0.345313 0.667969 0.450000 0.654297 0.451562 0.712891 0.351562 0.722656
0 0.354687 0.537109 0.448437 0.546875 0.450000 0.619141 0.350000 0.613281
0 0.365625 0.310547 0.457813 0.318359 0.451562 0.365234 0.360938 0.355469
2 0.362500 0.220703 0.485938 0.240234 0.475000 0.304688 0.356250 0.281250
