0 0.812500 0.964844 0.892188 0.941406 0.900000 0.988281 0.818750 1.000000
0 0.773438 0.773438 0.865625 0.753906 0.875000 0.802734 0.779687 0.826172
0 0.639062 0.580078 0.726562 0.537109 0.743750 0.582031 0.654687 0.619141
0 0.631250 0.507812 0.715625 0.478516 0.731250 0.521484 0.640625 0.552734
0 0.734375 0.494141 0.821875 0.478516 0.832812 0.517578 0.742188 0.539062
0 0.048438 0.365234 0.084375 0.375000 0.073438 0.466797 0.039062 0.462891
0 0.000000 0.412109 0.035937 0.423828 0.021875 0.544922 0.000000 0.539062
0 0.484375 0.216797 0.571875 0.201172 0.578125 0.255859 0.490625 0.277344
2 0.431250 0.451172 0.535937 0.472656 0.528125 0.531250 0.420312 0.503906
4 0.454688 0.128906 0.542188 0.121094 0.545312 0.169922 0.462500 0.171875
4 0.645312 0.416016 0.726562 0.423828 0.731250 0.457031 0.645312 0.462891
4 0.718750 0.359375 0.801562 0.343750 0.804688 0.388672 0.725000 0.400391
0 0.440625 0.667969 0.542188 0.660156 0.542188 0.714844 0.445312 0.728516
0 0.423438 0.976562 0.509375 0.978516 0.509375 1.000000 0.420312 1.000000
0 0.093750 0.705078 0.132812 0.714844 0.121875 0.835938 0.089063 0.835938
0 0.126562 0.244141 0.171875 0.250000 0.160938 0.365234 0.121875 0.361328
0 0.692187 0.015625 0.790625 0.003906 0.793750 0.048828 0.700000 0.066406
0 0.712500 0.076172 0.795312 0.046875 0.804688 0.091797 0.720313 0.121094
0 0.726562 0.228516 0.810937 0.212891 0.817187 0.250000 0.735938 0.269531
0 0.571875 0.890625 0.610938 0.896484 0.610938 0.998047 0.570312 1.000000
0 0.696875 0.925781 0.787500 0.902344 0.795312 0.958984 0.707812 0.976562
