0 0.454688 0.076172 0.501563 0.076172 0.501563 0.193359 0.457813 0.195312
0 0.037500 0.656250 0.085938 0.646484 0.093750 0.771484 0.050000 0.781250
0 0.876563 0.240234 0.943750 0.162109 0.962500 0.191406 0.907813 0.265625
0 0.909375 0.066406 0.940625 0.087891 0.896875 0.189453 0.860938 0.166016
0 0.767188 0.201172 0.809375 0.195312 0.810937 0.304688 0.768750 0.308594
0 0.784375 0.488281 0.823438 0.488281 0.831250 0.597656 0.792188 0.607422
0 0.917188 0.683594 0.965625 0.685547 0.965625 0.798828 0.921875 0.798828
0 0.793750 0.632812 0.831250 0.628906 0.846875 0.744141 0.803125 0.748047
0 0.528125 0.888672 0.567187 0.878906 0.579688 1.000000 0.542188 1.000000
0 0.459375 0.826172 0.504687 0.816406 0.512500 0.923828 0.475000 0.933594
0 0.503125 0.605469 0.551562 0.597656 0.565625 0.728516 0.517188 0.734375
0 0.432812 0.548828 0.476562 0.542969 0.484375 0.664062 0.439063 0.667969
0 0.550000 0.160156 0.587500 0.160156 0.598437 0.277344 0.560937 0.279297
0 0.489063 0.267578 0.531250 0.259766 0.545312 0.375000 0.504687 0.380859
