0 0.787500 0.193359 0.871875 0.197266 0.871875 0.242188 0.784375 0.234375
0 0.796875 0.130859 0.875000 0.130859 0.873437 0.183594 0.795312 0.181641
0 0.781250 0.058594 0.868750 0.066406 0.867188 0.115234 0.781250 0.105469
0 0.781250 0.000000 0.860938 0.003906 0.859375 0.050781 0.781250 0.044922
0 0.001563 0.910156 0.039062 0.910156 0.032813 1.000000 0.000000 1.000000
0 0.000000 0.656250 0.046875 0.683594 0.025000 0.742188 0.000000 0.716797
3 0.129688 0.593750 0.190625 0.599609 0.178125 0.863281 0.117188 0.857422
0 0.304688 0.880859 0.403125 0.882812 0.403125 0.927734 0.306250 0.935547
0 0.759375 0.962891 0.853125 0.962891 0.857812 1.000000 0.757812 1.000000
0 0.765625 0.910156 0.854688 0.910156 0.853125 0.964844 0.764062 0.958984
0 0.762500 0.839844 0.845313 0.833984 0.850000 0.892578 0.764062 0.892578
0 0.771875 0.525391 0.864062 0.519531 0.870313 0.580078 0.773438 0.578125
0 0.757812 0.449219 0.856250 0.441406 0.862500 0.498047 0.762500 0.507812
0 0.782813 0.257812 0.873437 0.261719 0.873437 0.310547 0.781250 0.312500
0 0.787500 0.324219 0.871875 0.326172 0.871875 0.373047 0.789062 0.371094
0 0.931250 0.341797 1.000000 0.283203 1.000000 0.326172 0.959375 0.376953
0 0.968750 0.078125 1.000000 0.111328 1.000000 0.166016 0.940625 0.128906
0 0.960938 0.000000 1.000000 0.000000 0.982812 0.054688 0.950000 0.046875
0 0.759375 0.767578 0.842187 0.759766 0.848437 0.816406 0.760938 0.810547
0 0.535937 0.064453 0.579688 0.062500 0.573438 0.187500 0.532813 0.187500
0 0.415625 0.023438 0.471875 0.027344 0.465625 0.154297 0.418750 0.152344
0 0.287500 0.000000 0.332813 0.000000 0.334375 0.058594 0.287500 0.058594
0 0.207813 0.000000 0.251563 0.000000 0.251563 0.101562 0.200000 0.101562
0 0.034375 0.000000 0.076563 0.000000 0.081250 0.097656 0.023438 0.091797
0 0.612500 0.000000 0.659375 0.000000 0.657813 0.042969 0.606250 0.042969
