0 0.579688 0.222656 0.657813 0.285156 0.639062 0.318359 0.562500 0.263672
0 0.523438 0.472656 0.614062 0.458984 0.615625 0.505859 0.529687 0.519531
0 0.428125 0.343750 0.520312 0.355469 0.514062 0.406250 0.423438 0.390625
0 0.489063 0.300781 0.573438 0.277344 0.585938 0.332031 0.498437 0.355469
0 0.626563 0.125000 0.709375 0.162109 0.695312 0.207031 0.615625 0.175781
0 0.610938 0.058594 0.687500 0.083984 0.679688 0.128906 0.601562 0.097656
0 0.359375 0.082031 0.393750 0.076172 0.415625 0.201172 0.378125 0.210938
0 0.229687 0.000000 0.268750 0.000000 0.257812 0.082031 0.226562 0.076172
0 0.596875 0.000000 0.678125 0.007812 0.665625 0.050781 0.587500 0.021484
0 0.876563 0.349609 0.960938 0.330078 0.970313 0.369141 0.882812 0.388672
0 0.917188 0.533203 1.000000 0.511719 1.000000 0.554688 0.923438 0.580078
0 0.926562 0.603516 1.000000 0.580078 1.000000 0.625000 0.937500 0.650391
0 0.939063 0.656250 1.000000 0.634766 1.000000 0.677734 0.948438 0.705078
0 0.889062 0.710938 0.931250 0.689453 0.953125 0.810547 0.914062 0.826172
0 0.753125 0.886719 0.840625 0.912109 0.832812 0.964844 0.745313 0.931641
0 0.743750 0.736328 0.807813 0.781250 0.792188 0.818359 0.720313 0.777344
0 0.721875 0.669922 0.806250 0.705078 0.798438 0.746094 0.709375 0.716797
0 0.696875 0.605469 0.785937 0.615234 0.785937 0.664062 0.696875 0.656250
0 0.560937 0.542969 0.651563 0.552734 0.645312 0.607422 0.553125 0.593750
0 0.300000 0.597656 0.343750 0.582031 0.367188 0.701172 0.326562 0.716797
0 0.053125 0.511719 0.140625 0.564453 0.118750 0.613281 0.039062 0.558594
0 0.007812 0.650391 0.045312 0.630859 0.078125 0.750000 0.040625 0.771484
