0 0.523438 0.605469 0.564063 0.605469 0.560937 0.730469 0.521875 0.732422
4 0.900000 0.185547 0.931250 0.185547 0.925000 0.287109 0.893750 0.279297
0 0.554688 0.884766 0.637500 0.919922 0.620313 0.968750 0.535937 0.939453
0 0.615625 0.867188 0.707812 0.861328 0.709375 0.917969 0.615625 0.912109
0 0.710938 0.847656 0.743750 0.820312 0.790625 0.882812 0.762500 0.917969
0 0.773438 0.710938 0.859375 0.777344 0.837500 0.814453 0.754687 0.751953
0 0.779687 0.646484 0.853125 0.693359 0.837500 0.736328 0.767188 0.691406
0 0.779687 0.560547 0.851562 0.611328 0.835938 0.646484 0.762500 0.593750
0 0.784375 0.482422 0.851562 0.533203 0.834375 0.574219 0.764062 0.525391
0 0.773438 0.402344 0.851562 0.431641 0.843750 0.478516 0.760938 0.447266
0 0.781250 0.339844 0.846875 0.371094 0.831250 0.416016 0.768750 0.380859
0 0.773438 0.259766 0.850000 0.296875 0.837500 0.337891 0.760938 0.292969
0 0.928125 0.076172 0.957812 0.082031 0.950000 0.185547 0.920312 0.181641
0 0.764062 0.189453 0.845313 0.236328 0.831250 0.275391 0.750000 0.228516
0 0.770312 0.126953 0.854688 0.164062 0.839063 0.218750 0.757812 0.169922
0 0.785937 0.060547 0.853125 0.091797 0.839063 0.130859 0.773438 0.093750
0 0.790625 0.000000 0.854688 0.025391 0.843750 0.062500 0.781250 0.035156
0 0.525000 0.023438 0.560937 0.023438 0.562500 0.126953 0.526563 0.126953
