0 0.475000 0.773438 0.573438 0.800781 0.564063 0.855469 0.465625 0.826172
0 0.364063 0.746094 0.457813 0.775391 0.448437 0.826172 0.357812 0.802734
0 0.375000 0.673828 0.473438 0.701172 0.460938 0.750000 0.364063 0.724609
0 0.454688 0.611328 0.562500 0.644531 0.550000 0.693359 0.445312 0.667969
0 0.285938 0.550781 0.387500 0.587891 0.373437 0.640625 0.271875 0.611328
0 0.209375 0.619141 0.309375 0.648438 0.298438 0.705078 0.196875 0.669922
0 0.620313 0.820312 0.715625 0.845703 0.709375 0.896484 0.610938 0.876953
0 0.234375 0.705078 0.328125 0.730469 0.312500 0.781250 0.221875 0.755859
0 0.667188 0.753906 0.765625 0.777344 0.754687 0.832031 0.662500 0.806641
0 0.904687 0.812500 1.000000 0.843750 1.000000 0.894531 0.896875 0.878906
0 0.748437 0.847656 0.845313 0.880859 0.842187 0.931641 0.735938 0.916016
0 0.881250 0.720703 0.982812 0.753906 0.967187 0.812500 0.873437 0.791016
0 0.751563 0.687500 0.851562 0.722656 0.845313 0.765625 0.746875 0.742188
0 0.618750 0.652344 0.717187 0.681641 0.704688 0.738281 0.606250 0.707031
0 0.000000 0.710938 0.048438 0.734375 0.035937 0.777344 0.000000 0.765625
0 0.075000 0.507812 0.168750 0.537109 0.159375 0.582031 0.064062 0.556641
0 0.075000 0.572266 0.167187 0.603516 0.153125 0.656250 0.060937 0.630859
0 0.096875 0.662109 0.193750 0.693359 0.182812 0.746094 0.084375 0.718750
0 0.085938 0.742188 0.187500 0.773438 0.175000 0.824219 0.071875 0.791016
4 0.784375 0.792969 0.867188 0.822266 0.864062 0.871094 0.778125 0.847656
0 0.539062 0.714844 0.631250 0.740234 0.625000 0.796875 0.528125 0.771484
