0 0.003125 0.687500 0.050000 0.699219 0.029687 0.818359 0.000000 0.804688
4 0.314063 0.716797 0.354687 0.718750 0.343750 0.875000 0.306250 0.871094
0 0.362500 0.060547 0.407813 0.066406 0.392188 0.207031 0.343750 0.199219
1 0.695312 0.078125 0.729688 0.080078 0.726562 0.197266 0.690625 0.191406
0 0.750000 0.082031 0.792188 0.078125 0.801562 0.208984 0.759375 0.210938
0 0.915625 0.107422 0.967187 0.111328 0.959375 0.242188 0.917188 0.242188
0 0.982812 0.107422 1.000000 0.115234 1.000000 0.244141 0.975000 0.238281
0 0.035937 0.261719 0.082812 0.277344 0.054688 0.400391 0.010937 0.390625
0 0.089063 0.304688 0.134375 0.316406 0.110937 0.458984 0.070312 0.449219
0 0.207813 0.361328 0.253125 0.369141 0.237500 0.501953 0.196875 0.500000
0 0.384375 0.302734 0.431250 0.314453 0.415625 0.437500 0.376563 0.431641
0 0.279687 0.398438 0.320312 0.402344 0.307812 0.533203 0.271875 0.531250
0 0.467187 0.320312 0.504687 0.322266 0.498437 0.433594 0.462500 0.429688
0 0.370312 0.451172 0.415625 0.458984 0.400000 0.582031 0.357812 0.574219
0 0.443750 0.435547 0.489063 0.449219 0.475000 0.589844 0.431250 0.582031
0 0.509375 0.439453 0.553125 0.445312 0.540625 0.560547 0.503125 0.558594
0 0.567187 0.447266 0.609375 0.455078 0.596875 0.576172 0.557813 0.570312
0 0.625000 0.490234 0.665625 0.490234 0.659375 0.619141 0.618750 0.615234
0 0.685937 0.501953 0.731250 0.503906 0.723437 0.634766 0.684375 0.634766
0 0.746875 0.490234 0.792188 0.498047 0.770312 0.630859 0.735938 0.623047
0 0.767188 0.355469 0.807813 0.363281 0.795312 0.478516 0.757812 0.472656
0 0.826562 0.359375 0.873437 0.371094 0.859375 0.496094 0.821875 0.490234
0 0.878125 0.361328 0.926562 0.371094 0.914062 0.505859 0.871875 0.498047
0 0.807813 0.500000 0.850000 0.513672 0.831250 0.646484 0.793750 0.638672
0 0.860938 0.521484 0.904687 0.531250 0.896875 0.660156 0.850000 0.656250
0 0.921875 0.537109 0.967187 0.548828 0.948438 0.681641 0.910937 0.673828
0 0.267188 0.722656 0.304688 0.736328 0.287500 0.857422 0.250000 0.853516
0 0.206250 0.714844 0.246875 0.728516 0.228125 0.857422 0.193750 0.851562
0 0.153125 0.710938 0.195312 0.722656 0.175000 0.845703 0.137500 0.839844
0 0.067187 0.701172 0.109375 0.705078 0.096875 0.830078 0.053125 0.826172
