0 0.000000 0.000000 0.021875 0.000000 0.025000 0.068359 0.000000 0.072266
0 0.035937 0.000000 0.071875 0.000000 0.075000 0.056641 0.039062 0.060547
0 0.010937 0.175781 0.048438 0.177734 0.045312 0.287109 0.009375 0.289062
0 0.064062 0.224609 0.096875 0.220703 0.112500 0.345703 0.075000 0.353516
0 0.206250 0.269531 0.246875 0.267578 0.248438 0.375000 0.212500 0.375000
0 0.565625 0.238281 0.607812 0.244141 0.606250 0.355469 0.565625 0.359375
0 0.512500 0.259766 0.556250 0.257812 0.556250 0.373047 0.512500 0.369141
0 0.471875 0.255859 0.512500 0.261719 0.489063 0.375000 0.457813 0.367188
0 0.421875 0.255859 0.454688 0.261719 0.443750 0.359375 0.410938 0.351562
0 0.379688 0.259766 0.414062 0.273438 0.395313 0.373047 0.360938 0.359375
0 0.000000 0.515625 0.050000 0.513672 0.048438 0.568359 0.000000 0.572266
0 0.260937 0.253906 0.303125 0.255859 0.296875 0.373047 0.260937 0.367188
0 0.256250 0.687500 0.365625 0.687500 0.362500 0.742188 0.251563 0.744141
0 0.303125 0.605469 0.392188 0.613281 0.389062 0.658203 0.295312 0.658203
0 0.568750 0.585938 0.679688 0.583984 0.679688 0.642578 0.567187 0.644531
0 0.848437 0.259766 0.875000 0.275391 0.840625 0.363281 0.812500 0.347656
0 0.796875 0.228516 0.823438 0.250000 0.773438 0.343750 0.743750 0.330078
0 0.646875 0.246094 0.679688 0.257812 0.660937 0.357422 0.629687 0.343750
0 0.087500 0.000000 0.123438 0.000000 0.128125 0.044922 0.092188 0.048828
0 0.143750 0.000000 0.176563 0.000000 0.181250 0.064453 0.148438 0.068359
0 0.307812 0.255859 0.345313 0.255859 0.351562 0.378906 0.312500 0.382812
