0 0.921875 0.121094 1.000000 0.125000 1.000000 0.173828 0.923438 0.179688
0 0.931250 0.519531 1.000000 0.525391 1.000000 0.568359 0.937500 0.570312
0 0.240625 0.919922 0.340625 0.914062 0.343750 0.972656 0.239063 0.980469
0 0.045312 0.597656 0.139063 0.591797 0.140625 0.646484 0.046875 0.650391
0 0.365625 0.679688 0.465625 0.683594 0.464062 0.736328 0.367188 0.736328
0 0.821875 0.119141 0.896875 0.121094 0.896875 0.162109 0.820312 0.164062
0 0.668750 0.261719 0.695312 0.285156 0.659375 0.365234 0.631250 0.347656
0 0.610938 0.238281 0.642188 0.263672 0.590625 0.357422 0.557813 0.332031
0 0.464062 0.255859 0.496875 0.265625 0.478125 0.363281 0.445312 0.349609
0 0.384375 0.242188 0.420312 0.244141 0.417187 0.365234 0.379688 0.363281
0 0.329688 0.265625 0.371875 0.271484 0.364063 0.378906 0.326562 0.375000
0 0.287500 0.257812 0.321875 0.269531 0.306250 0.371094 0.270313 0.363281
0 0.235937 0.261719 0.275000 0.261719 0.260937 0.363281 0.228125 0.355469
0 0.195312 0.267578 0.231250 0.283203 0.212500 0.371094 0.178125 0.363281
0 0.128125 0.259766 0.164062 0.259766 0.171875 0.380859 0.132812 0.378906
0 0.085938 0.251953 0.123438 0.261719 0.115625 0.359375 0.079687 0.353516
0 0.023438 0.271484 0.059375 0.271484 0.067187 0.373047 0.026562 0.375000
