0 0.984375 0.390625 1.000000 0.396484 1.000000 0.505859 0.981250 0.505859
0 0.860938 0.531250 0.956250 0.521484 0.957812 0.566406 0.862500 0.576172
0 0.860938 0.609375 0.956250 0.597656 0.965625 0.652344 0.862500 0.671875
0 0.865625 0.671875 0.954688 0.673828 0.954688 0.716797 0.865625 0.716797
0 0.845313 0.736328 0.948438 0.742188 0.948438 0.796875 0.842187 0.787109
0 0.845313 0.798828 0.939063 0.800781 0.940625 0.847656 0.840625 0.853516
0 0.878125 0.921875 0.962500 0.873047 0.979688 0.929688 0.892188 0.968750
3 0.562500 0.798828 0.617188 0.792969 0.625000 1.000000 0.570312 1.000000
0 0.531250 0.529297 0.575000 0.533203 0.567187 0.656250 0.523438 0.656250
0 0.665625 0.482422 0.698438 0.488281 0.689063 0.611328 0.657813 0.607422
0 0.675000 0.271484 0.709375 0.277344 0.704688 0.390625 0.670312 0.386719
0 0.687500 0.093750 0.726562 0.101562 0.718750 0.220703 0.679688 0.210938
0 0.690625 0.000000 0.731250 0.000000 0.726562 0.072266 0.689063 0.066406
0 0.865625 0.386719 0.967187 0.386719 0.965625 0.431641 0.865625 0.433594
0 0.885938 0.326172 0.981250 0.328125 0.981250 0.369141 0.884375 0.373047
0 0.871875 0.253906 0.979688 0.255859 0.978125 0.310547 0.878125 0.310547
0 0.898438 0.171875 0.992188 0.185547 0.987500 0.228516 0.895312 0.220703
0 0.892188 0.080078 0.987500 0.089844 0.987500 0.146484 0.895312 0.136719
