0 0.782813 0.929688 0.879687 0.919922 0.881250 0.978516 0.787500 0.990234
0 0.654687 0.910156 0.690625 0.910156 0.690625 1.000000 0.657813 1.000000
0 0.795312 0.847656 0.887500 0.869141 0.876563 0.916016 0.779687 0.890625
0 0.792188 0.726562 0.887500 0.724609 0.889062 0.763672 0.795312 0.771484
0 0.800000 0.646484 0.889062 0.650391 0.887500 0.701172 0.796875 0.697266
0 0.659375 0.558594 0.700000 0.556641 0.704688 0.671875 0.667188 0.677734
0 0.801562 0.488281 0.896875 0.515625 0.887500 0.564453 0.790625 0.539062
0 0.684375 0.396484 0.728125 0.417969 0.700000 0.535156 0.654687 0.517578
0 0.800000 0.425781 0.893750 0.398438 0.907813 0.447266 0.810937 0.482422
0 0.809375 0.259766 0.906250 0.253906 0.906250 0.304688 0.804688 0.310547
0 0.829688 0.173828 0.918750 0.177734 0.917188 0.226562 0.829688 0.224609
0 0.823438 0.115234 0.906250 0.117188 0.912500 0.160156 0.823438 0.169922
0 0.725000 0.066406 0.750000 0.105469 0.695312 0.183594 0.665625 0.156250
0 0.717187 0.000000 0.746875 0.000000 0.703125 0.085938 0.673438 0.058594
0 0.093750 0.792969 0.175000 0.792969 0.176563 0.835938 0.095312 0.839844
0 0.195312 0.833984 0.267188 0.775391 0.285938 0.812500 0.212500 0.865234
0 0.148438 0.707031 0.173437 0.685547 0.225000 0.771484 0.201563 0.792969
0 0.089063 0.695312 0.115625 0.677734 0.156250 0.765625 0.125000 0.787109
0 0.000000 0.666016 0.046875 0.755859 0.018750 0.789062 0.000000 0.697266
0 0.015625 0.529297 0.115625 0.531250 0.112500 0.570312 0.018750 0.580078
