0 0.548438 0.863281 0.592187 0.865234 0.592187 0.988281 0.553125 0.988281
0 0.710938 0.843750 0.800000 0.867188 0.790625 0.917969 0.701562 0.886719
0 0.709375 0.791016 0.804688 0.787109 0.804688 0.828125 0.712500 0.835938
0 0.721875 0.728516 0.807813 0.730469 0.806250 0.775391 0.723437 0.775391
0 0.707812 0.656250 0.796875 0.656250 0.796875 0.705078 0.706250 0.705078
0 0.431250 0.687500 0.471875 0.689453 0.471875 0.804688 0.431250 0.804688
0 0.559375 0.593750 0.595313 0.591797 0.593750 0.710938 0.562500 0.710938
0 0.732812 0.490234 0.832812 0.492188 0.831250 0.535156 0.732812 0.539062
0 0.785937 0.423828 0.871875 0.423828 0.870313 0.464844 0.787500 0.466797
0 0.779687 0.359375 0.875000 0.363281 0.876563 0.410156 0.782813 0.410156
0 0.782813 0.304688 0.870313 0.296875 0.875000 0.345703 0.787500 0.353516
0 0.779687 0.244141 0.870313 0.244141 0.871875 0.294922 0.781250 0.291016
0 0.793750 0.189453 0.875000 0.181641 0.879687 0.228516 0.796875 0.234375
0 0.782813 0.109375 0.870313 0.109375 0.871875 0.158203 0.784375 0.162109
0 0.781250 0.044922 0.865625 0.046875 0.868750 0.093750 0.784375 0.097656
0 0.789062 0.000000 0.882812 0.000000 0.882812 0.021484 0.795312 0.027344
0 0.943750 0.412109 1.000000 0.398438 1.000000 0.439453 0.959375 0.453125
0 0.970313 0.130859 1.000000 0.201172 1.000000 0.244141 0.948438 0.173828
0 0.985938 0.000000 1.000000 0.000000 0.982812 0.089844 0.948438 0.072266
0 0.726562 0.908203 0.810937 0.923828 0.809375 0.972656 0.721875 0.951172
