3 0.582812 0.125000 0.625000 0.123047 0.629687 0.302734 0.593750 0.302734
0 0.634375 0.136719 0.668750 0.136719 0.670312 0.244141 0.635938 0.248047
0 0.726562 0.255859 0.823438 0.271484 0.818750 0.318359 0.721875 0.304688
0 0.731250 0.386719 0.820312 0.376953 0.818750 0.423828 0.734375 0.435547
0 0.729688 0.582031 0.823438 0.576172 0.823438 0.619141 0.731250 0.625000
0 0.740625 0.759766 0.826562 0.748047 0.826562 0.794922 0.746875 0.804688
0 0.731250 0.808594 0.832812 0.810547 0.831250 0.857422 0.735938 0.859375
0 0.742188 0.878906 0.831250 0.873047 0.828125 0.916016 0.743750 0.927734
0 0.734375 0.931641 0.826562 0.927734 0.825000 0.982422 0.729688 0.984375
1 0.460938 0.767578 0.575000 0.750000 0.575000 0.798828 0.460938 0.822266
1 0.475000 0.683594 0.570312 0.683594 0.570312 0.730469 0.470313 0.738281
0 0.470313 0.625000 0.560937 0.623047 0.559375 0.658203 0.470313 0.667969
0 0.476562 0.560547 0.567187 0.570312 0.567187 0.605469 0.478125 0.603516
0 0.473438 0.498047 0.573438 0.505859 0.570312 0.541016 0.475000 0.537109
1 0.470313 0.425781 0.584375 0.414062 0.587500 0.470703 0.471875 0.480469
0 0.454688 0.347656 0.542188 0.341797 0.542188 0.378906 0.457813 0.390625
1 0.062500 0.017578 0.157812 0.015625 0.156250 0.060547 0.064062 0.062500
0 0.453125 0.277344 0.535937 0.271484 0.535937 0.318359 0.457813 0.320312
0 0.539062 0.169922 0.568750 0.171875 0.573438 0.250000 0.543750 0.251953
4 0.457813 0.832031 0.585938 0.820312 0.585938 0.867188 0.453125 0.880859
