0 0.796875 0.048828 0.892188 0.037109 0.898438 0.080078 0.800000 0.097656
0 0.575000 0.035156 0.615625 0.039062 0.614062 0.152344 0.578125 0.152344
0 0.389062 0.042969 0.426563 0.039062 0.428125 0.150391 0.389062 0.150391
2 0.784375 0.171875 0.887500 0.171875 0.892188 0.214844 0.782813 0.214844
4 0.800000 0.236328 0.887500 0.238281 0.887500 0.269531 0.801562 0.271484
0 0.787500 0.289062 0.884375 0.291016 0.881250 0.337891 0.790625 0.337891
4 0.795312 0.667969 0.884375 0.664062 0.887500 0.708984 0.796875 0.712891
0 0.348438 0.812500 0.384375 0.804688 0.396875 0.914062 0.357812 0.923828
4 0.809375 0.000000 0.887500 0.000000 0.895312 0.017578 0.809375 0.031250
0 0.571875 0.359375 0.612500 0.367188 0.609375 0.484375 0.575000 0.482422
0 0.792188 0.933594 0.882812 0.916016 0.892188 0.968750 0.806250 0.976562
0 0.798438 0.865234 0.887500 0.863281 0.887500 0.912109 0.796875 0.910156
0 0.809375 0.816406 0.890625 0.798828 0.900000 0.843750 0.814063 0.859375
0 0.800000 0.730469 0.889062 0.726562 0.892188 0.773438 0.798438 0.779297
0 0.806250 0.601562 0.900000 0.605469 0.903125 0.642578 0.806250 0.652344
0 0.804688 0.484375 0.892188 0.482422 0.892188 0.525391 0.804688 0.527344
0 0.804688 0.427734 0.903125 0.419922 0.903125 0.462891 0.804688 0.466797
0 0.801562 0.365234 0.904687 0.353516 0.904687 0.398438 0.804688 0.414062
0 0.235937 0.482422 0.281250 0.488281 0.281250 0.619141 0.235937 0.621094
0 0.818750 0.115234 0.893750 0.117188 0.893750 0.164062 0.814063 0.164062
