4 0.495312 0.914062 0.567187 0.912109 0.568750 0.947266 0.496875 0.955078
0 0.479687 0.835938 0.565625 0.832031 0.571875 0.884766 0.479687 0.890625
0 0.485938 0.759766 0.576562 0.771484 0.576562 0.814453 0.485938 0.816406
0 0.495312 0.699219 0.582812 0.695312 0.582812 0.742188 0.500000 0.746094
4 0.509375 0.968750 0.584375 0.972656 0.584375 1.000000 0.509375 1.000000
0 0.493750 0.628906 0.581250 0.613281 0.589063 0.666016 0.501563 0.677734
0 0.490625 0.496094 0.579688 0.478516 0.587500 0.531250 0.493750 0.544922
0 0.489063 0.421875 0.579688 0.423828 0.576562 0.470703 0.489063 0.472656
0 0.484375 0.324219 0.578125 0.316406 0.587500 0.369141 0.485938 0.378906
0 0.492188 0.253906 0.576562 0.255859 0.579688 0.308594 0.490625 0.306641
0 0.496875 0.191406 0.584375 0.191406 0.589063 0.232422 0.500000 0.238281
0 0.484375 0.068359 0.570312 0.044922 0.576562 0.097656 0.492188 0.121094
0 0.607812 0.035156 0.639062 0.046875 0.634375 0.140625 0.595313 0.138672
0 0.484375 0.003906 0.573438 0.000000 0.582812 0.029297 0.496875 0.060547
