0 0.503125 0.882812 0.595313 0.890625 0.589063 0.947266 0.498437 0.935547
0 0.426563 0.611328 0.467187 0.609375 0.468750 0.726562 0.426563 0.730469
0 0.000000 0.750000 0.039062 0.753906 0.023438 0.892578 0.000000 0.886719
4 0.546875 0.367188 0.639062 0.373047 0.639062 0.427734 0.543750 0.431641
0 0.510938 0.812500 0.595313 0.826172 0.590625 0.867188 0.509375 0.859375
0 0.520312 0.707031 0.601562 0.707031 0.600000 0.761719 0.521875 0.761719
0 0.515625 0.640625 0.603125 0.648438 0.598437 0.697266 0.510938 0.689453
0 0.532813 0.574219 0.620313 0.599609 0.612500 0.642578 0.525000 0.619141
0 0.517188 0.509766 0.610938 0.511719 0.609375 0.564453 0.515625 0.558594
0 0.542188 0.296875 0.635938 0.306641 0.629687 0.355469 0.539062 0.343750
0 0.601562 0.109375 0.650000 0.109375 0.643750 0.218750 0.595313 0.216797
0 0.642188 0.046875 0.715625 0.058594 0.714063 0.109375 0.637500 0.097656
