0 0.232813 0.466797 0.268750 0.470703 0.259375 0.574219 0.225000 0.572266
0 1.000000 0.615234 1.000000 0.648438 0.975000 0.718750 0.946875 0.693359
0 0.725000 0.548828 0.753125 0.580078 0.695312 0.666016 0.667188 0.642578
0 0.620313 0.523438 0.646875 0.544922 0.606250 0.640625 0.576562 0.617188
0 0.570312 0.515625 0.592187 0.542969 0.546875 0.630859 0.518750 0.607422
0 0.073438 0.439453 0.104688 0.449219 0.092188 0.535156 0.064062 0.531250
1 0.132812 0.425781 0.176563 0.439453 0.156250 0.578125 0.110937 0.564453
0 0.189062 0.464844 0.220312 0.474609 0.200000 0.597656 0.162500 0.583984
0 0.937500 0.591797 0.964063 0.619141 0.906250 0.710938 0.881250 0.689453
0 0.807813 0.660156 0.870313 0.589844 0.898438 0.619141 0.831250 0.697266
0 0.790625 0.566406 0.815625 0.595703 0.762500 0.679688 0.734375 0.652344
