0 0.917188 0.699219 0.948438 0.712891 0.934375 0.791016 0.906250 0.783203
0 0.573438 0.585938 0.609375 0.603516 0.579688 0.710938 0.545312 0.695312
0 0.529687 0.871094 0.557813 0.888672 0.529687 0.980469 0.501563 0.968750
0 0.676562 0.835938 0.762500 0.847656 0.764062 0.892578 0.676562 0.878906
0 0.670312 0.753906 0.768750 0.787109 0.762500 0.830078 0.662500 0.798828
1 0.690625 0.685547 0.800000 0.728516 0.789062 0.777344 0.678125 0.744141
0 0.723437 0.626953 0.792188 0.656250 0.784375 0.693359 0.715625 0.667969
0 0.962500 0.705078 1.000000 0.722656 0.989062 0.841797 0.954688 0.835938
0 0.785937 0.322266 0.857812 0.353516 0.848437 0.390625 0.779687 0.365234
0 0.790625 0.255859 0.875000 0.292969 0.862500 0.330078 0.782813 0.298828
0 0.812500 0.177734 0.884375 0.199219 0.876563 0.238281 0.807813 0.222656
0 0.831250 0.109375 0.900000 0.130859 0.893750 0.173828 0.821875 0.154297
0 0.845313 0.039062 0.929688 0.066406 0.920312 0.109375 0.840625 0.082031
0 0.603125 0.304688 0.670312 0.326172 0.662500 0.361328 0.596875 0.339844
0 0.612500 0.240234 0.689063 0.271484 0.681250 0.304688 0.606250 0.279297
0 0.635938 0.181641 0.706250 0.212891 0.695312 0.248047 0.623437 0.216797
0 0.000000 0.855469 0.029687 0.861328 0.034375 0.910156 0.000000 0.906250
0 0.000000 0.642578 0.067187 0.681641 0.051562 0.722656 0.000000 0.693359
0 0.003125 0.576172 0.085938 0.611328 0.078125 0.652344 0.000000 0.623047
0 0.017188 0.507812 0.112500 0.539062 0.100000 0.589844 0.006250 0.558594
0 0.032813 0.414062 0.101562 0.443359 0.095312 0.478516 0.025000 0.455078
0 0.039062 0.355469 0.112500 0.361328 0.107813 0.408203 0.039062 0.400391
0 0.067187 0.224609 0.142187 0.234375 0.132812 0.283203 0.062500 0.273438
0 0.095312 0.154297 0.173437 0.175781 0.162500 0.216797 0.082812 0.195312
0 0.118750 0.082031 0.198437 0.115234 0.185938 0.158203 0.106250 0.130859
0 0.128125 0.019531 0.214062 0.044922 0.204687 0.093750 0.120313 0.062500
4 0.139063 0.005859 0.148438 0.000000 0.218750 0.000000 0.209375 0.023438
