0 0.840625 0.169922 0.914062 0.101562 0.937500 0.136719 0.865625 0.205078
0 0.981250 0.109375 1.000000 0.142578 0.939063 0.216797 0.910937 0.201172
0 0.771875 0.146484 0.840625 0.072266 0.862500 0.107422 0.801562 0.173828
0 0.707812 0.125000 0.775000 0.042969 0.803125 0.074219 0.739062 0.150391
0 0.664062 0.005859 0.696875 0.033203 0.651563 0.119141 0.623437 0.101562
0 0.617188 0.001953 0.642188 0.033203 0.592187 0.101562 0.562500 0.074219
0 0.684375 0.906250 0.723437 0.921875 0.704688 1.000000 0.667188 1.000000
3 0.579688 0.820312 0.623437 0.835938 0.570312 1.000000 0.528125 1.000000
0 0.506250 0.865234 0.540625 0.880859 0.514062 0.982422 0.479687 0.972656
0 0.475000 0.810547 0.506250 0.835938 0.464062 0.925781 0.437500 0.912109
0 0.406250 0.781250 0.448437 0.804688 0.415625 0.914062 0.382812 0.906250
0 0.253125 0.785156 0.296875 0.783203 0.296875 0.908203 0.251563 0.908203
0 0.164062 0.896484 0.232813 0.945312 0.215625 0.984375 0.146875 0.933594
0 0.206250 0.765625 0.253125 0.765625 0.237500 0.884766 0.200000 0.878906
0 0.110937 0.730469 0.148438 0.744141 0.123438 0.863281 0.084375 0.847656
0 0.053125 0.695312 0.093750 0.718750 0.062500 0.828125 0.018750 0.810547
0 0.001563 0.679688 0.045312 0.687500 0.018750 0.804688 0.000000 0.794922
