0 0.384375 0.125000 0.473438 0.125000 0.473438 0.167969 0.384375 0.167969
0 0.076563 0.738281 0.162500 0.734375 0.160938 0.775391 0.078125 0.777344
0 0.135937 0.943359 0.226562 0.943359 0.226562 0.980469 0.135937 0.980469
0 0.035937 0.806641 0.121875 0.806641 0.121875 0.847656 0.035937 0.847656
0 0.081250 0.685547 0.154688 0.685547 0.154688 0.724609 0.081250 0.724609
0 0.396875 0.978516 0.478125 0.978516 0.478125 1.000000 0.396875 1.000000
0 0.387500 0.000000 0.478125 0.000000 0.475000 0.041016 0.389062 0.041016
0 0.407813 0.900391 0.479687 0.908203 0.479687 0.955078 0.403125 0.935547
0 0.389062 0.785156 0.476562 0.785156 0.476562 0.833984 0.389062 0.833984
0 0.395313 0.691406 0.481250 0.691406 0.481250 0.734375 0.395313 0.734375
0 0.393750 0.621094 0.481250 0.621094 0.481250 0.664062 0.393750 0.664062
0 0.173437 0.681641 0.260937 0.675781 0.265625 0.714844 0.176563 0.726562
0 0.181250 0.759766 0.267188 0.759766 0.267188 0.794922 0.181250 0.794922
0 0.385937 0.529297 0.482812 0.529297 0.482812 0.583984 0.385937 0.583984
0 0.401562 0.449219 0.476562 0.457031 0.473438 0.500000 0.393750 0.486328
0 0.395313 0.193359 0.468750 0.193359 0.468750 0.228516 0.395313 0.228516
