0 0.039062 0.080078 0.112500 0.080078 0.112500 0.123047 0.039062 0.123047
0 0.362500 0.013672 0.442188 0.000000 0.454688 0.019531 0.373437 0.050781
0 0.851562 0.835938 0.871875 0.816406 0.912500 0.894531 0.889062 0.916016
0 0.864062 0.759766 0.889062 0.732422 0.931250 0.818359 0.906250 0.839844
0 0.890625 0.390625 0.940625 0.468750 0.915625 0.486328 0.868750 0.419922
0 0.348438 0.193359 0.443750 0.193359 0.443750 0.242188 0.348438 0.242188
0 0.357812 0.332031 0.439063 0.332031 0.439063 0.371094 0.357812 0.371094
0 0.350000 0.460938 0.432812 0.474609 0.431250 0.515625 0.345313 0.507812
0 0.350000 0.402344 0.432812 0.402344 0.432812 0.447266 0.350000 0.447266
0 0.343750 0.544922 0.426563 0.544922 0.426563 0.587891 0.343750 0.587891
0 0.342187 0.613281 0.423438 0.613281 0.423438 0.660156 0.342187 0.660156
0 0.332813 0.685547 0.415625 0.685547 0.415625 0.724609 0.332813 0.724609
0 0.332813 0.791016 0.410938 0.791016 0.410938 0.833984 0.332813 0.833984
0 0.318750 0.851562 0.415625 0.851562 0.415625 0.902344 0.318750 0.902344
0 0.323437 0.917969 0.409375 0.917969 0.409375 0.964844 0.323437 0.964844
0 0.142187 0.953125 0.168750 0.933594 0.212500 1.000000 0.184375 1.000000
0 0.153125 0.675781 0.179688 0.652344 0.221875 0.724609 0.200000 0.751953
0 0.160938 0.388672 0.185938 0.363281 0.234375 0.435547 0.210938 0.460938
0 0.162500 0.281250 0.189062 0.255859 0.239063 0.339844 0.214062 0.361328
2 0.951562 0.509766 1.000000 0.515625 0.996875 0.664062 0.946875 0.658203
