0 0.078125 0.509766 0.167187 0.531250 0.162500 0.572266 0.071875 0.554688
0 0.189062 0.304688 0.225000 0.287109 0.256250 0.390625 0.220312 0.406250
0 0.134375 0.273438 0.171875 0.265625 0.181250 0.382812 0.140625 0.384766
0 0.082812 0.279297 0.112500 0.269531 0.129688 0.371094 0.096875 0.378906
0 0.032813 0.253906 0.067187 0.253906 0.067187 0.361328 0.032813 0.361328
0 0.051562 0.130859 0.081250 0.142578 0.057813 0.242188 0.021875 0.226562
0 0.084375 0.134766 0.118750 0.142578 0.110937 0.251953 0.073438 0.246094
0 0.146875 0.130859 0.181250 0.134766 0.171875 0.244141 0.137500 0.240234
0 0.312500 0.191406 0.343750 0.191406 0.343750 0.283203 0.312500 0.283203
0 0.307812 0.304688 0.334375 0.304688 0.334375 0.378906 0.307812 0.378906
0 0.328125 0.056641 0.357812 0.068359 0.335938 0.167969 0.300000 0.148438
0 0.193750 0.158203 0.226562 0.144531 0.259375 0.265625 0.226562 0.277344
0 0.481250 0.900391 0.520312 0.900391 0.520312 1.000000 0.481250 1.000000
0 0.498437 0.568359 0.532813 0.568359 0.532813 0.675781 0.498437 0.675781
0 0.593750 0.583984 0.625000 0.583984 0.625000 0.689453 0.593750 0.689453
0 0.696875 0.621094 0.737500 0.621094 0.737500 0.750000 0.696875 0.750000
0 0.645312 0.589844 0.681250 0.589844 0.681250 0.707031 0.645312 0.707031
0 0.506250 0.044922 0.539062 0.044922 0.539062 0.152344 0.506250 0.152344
0 0.629687 0.046875 0.664062 0.046875 0.664062 0.142578 0.629687 0.142578
0 0.493750 0.298828 0.528125 0.300781 0.531250 0.400391 0.496875 0.398438
0 0.501563 0.427734 0.531250 0.443359 0.500000 0.546875 0.468750 0.527344
0 0.723437 0.849609 0.798438 0.849609 0.798438 0.890625 0.723437 0.890625
0 0.837500 0.644531 0.870313 0.644531 0.870313 0.753906 0.837500 0.753906
0 0.890625 0.761719 0.915625 0.730469 0.978125 0.810547 0.946875 0.843750
0 0.951562 0.642578 0.987500 0.642578 0.987500 0.746094 0.951562 0.746094
0 0.812500 0.021484 0.868750 0.021484 0.868750 0.052734 0.812500 0.052734
0 0.682813 0.085938 0.715625 0.085938 0.715625 0.183594 0.682813 0.183594
0 0.735938 0.039062 0.773438 0.039062 0.773438 0.154297 0.735938 0.154297
0 0.228125 0.556641 0.262500 0.556641 0.262500 0.662109 0.228125 0.662109
0 0.506250 0.169922 0.542188 0.175781 0.535937 0.277344 0.501563 0.273438
0 0.293750 0.617188 0.326562 0.623047 0.318750 0.736328 0.284375 0.730469
0 0.285938 0.751953 0.317188 0.755859 0.312500 0.865234 0.279687 0.859375
0 0.289062 0.925781 0.323437 0.935547 0.310937 1.000000 0.276562 1.000000
