0 0.887500 0.621094 0.956250 0.621094 0.956250 0.656250 0.887500 0.656250
4 0.512500 0.462891 0.590625 0.462891 0.590625 0.498047 0.512500 0.498047
0 0.145313 0.228516 0.237500 0.228516 0.237500 0.271484 0.145313 0.271484
0 0.143750 0.289062 0.228125 0.289062 0.228125 0.324219 0.143750 0.324219
0 0.125000 0.396484 0.220312 0.396484 0.220312 0.437500 0.125000 0.437500
0 0.134375 0.472656 0.210938 0.472656 0.210938 0.505859 0.134375 0.505859
0 0.031250 0.351562 0.057813 0.349609 0.056250 0.449219 0.023438 0.451172
0 0.021875 0.638672 0.057813 0.638672 0.057813 0.748047 0.021875 0.748047
0 0.139063 0.644531 0.179688 0.644531 0.179688 0.746094 0.139063 0.746094
0 0.026562 0.763672 0.056250 0.767578 0.048438 0.876953 0.015625 0.873047
0 0.007812 0.894531 0.040625 0.888672 0.046875 0.990234 0.014063 0.996094
0 0.207813 0.669922 0.240625 0.669922 0.240625 0.771484 0.207813 0.771484
0 0.256250 0.623047 0.289062 0.623047 0.289062 0.744141 0.256250 0.744141
0 0.325000 0.619141 0.404687 0.619141 0.404687 0.667969 0.325000 0.667969
0 0.490625 0.605469 0.576562 0.605469 0.576562 0.648438 0.490625 0.648438
0 0.589063 0.609375 0.679688 0.609375 0.679688 0.658203 0.589063 0.658203
0 0.712500 0.548828 0.804688 0.548828 0.804688 0.589844 0.712500 0.589844
0 0.670312 0.458984 0.756250 0.462891 0.754687 0.505859 0.667188 0.492188
0 0.785937 0.457031 0.871875 0.457031 0.871875 0.501953 0.785937 0.501953
0 0.957812 0.472656 1.000000 0.472656 1.000000 0.515625 0.957812 0.515625
0 0.896875 0.296875 0.925000 0.285156 0.948438 0.373047 0.921875 0.386719
0 0.381250 0.333984 0.417187 0.341797 0.407813 0.449219 0.371875 0.441406
4 0.407813 0.480469 0.487500 0.480469 0.487500 0.513672 0.407813 0.513672
0 0.500000 0.169922 0.578125 0.169922 0.578125 0.207031 0.500000 0.207031
0 0.329688 0.330078 0.367188 0.332031 0.360938 0.443359 0.323437 0.437500
0 0.279687 0.322266 0.310937 0.324219 0.310937 0.431641 0.273438 0.427734
0 0.473438 0.302734 0.554688 0.314453 0.551562 0.357422 0.465625 0.345703
0 0.596875 0.300781 0.685937 0.302734 0.684375 0.351562 0.596875 0.347656
0 0.817187 0.302734 0.885938 0.318359 0.881250 0.359375 0.810937 0.345703
0 0.703125 0.318359 0.770312 0.271484 0.784375 0.308594 0.721875 0.353516
0 0.870313 0.166016 0.951562 0.166016 0.951562 0.201172 0.870313 0.201172
0 0.782813 0.615234 0.868750 0.615234 0.868750 0.658203 0.782813 0.658203
