0 0.521875 0.089844 0.562500 0.068359 0.593750 0.169922 0.548438 0.189453
0 0.401562 0.425781 0.434375 0.410156 0.465625 0.513672 0.429688 0.531250
3 0.293750 0.109375 0.332813 0.091797 0.396875 0.292969 0.343750 0.312500
4 0.804688 0.816406 0.885938 0.798828 0.893750 0.835938 0.815625 0.857422
0 0.451562 0.357422 0.482812 0.339844 0.518750 0.447266 0.482812 0.460938
0 0.348438 0.853516 0.432812 0.814453 0.445312 0.857422 0.357812 0.888672
0 0.470313 0.886719 0.553125 0.847656 0.568750 0.888672 0.482812 0.925781
0 0.600000 0.990234 0.673438 0.937500 0.698438 0.984375 0.621875 1.000000
0 0.806250 0.990234 0.892188 0.941406 0.910937 0.980469 0.823438 1.000000
0 0.803125 0.742188 0.903125 0.728516 0.910937 0.769531 0.807813 0.789062
0 0.740625 0.919922 0.817187 0.869141 0.835938 0.910156 0.757812 0.958984
0 0.525000 0.345703 0.557813 0.328125 0.590625 0.437500 0.559375 0.451172
0 0.557813 0.216797 0.590625 0.197266 0.623437 0.304688 0.585938 0.320312
0 0.604688 0.371094 0.639062 0.351562 0.670312 0.457031 0.637500 0.472656
1 0.351562 0.078125 0.401562 0.052734 0.484375 0.302734 0.437500 0.328125
0 0.412500 0.000000 0.456250 0.000000 0.481250 0.080078 0.443750 0.091797
