0 0.464062 0.863281 0.546875 0.835938 0.559375 0.873047 0.468750 0.904297
2 0.504687 0.154297 0.546875 0.154297 0.546875 0.285156 0.504687 0.285156
1 0.596875 0.242188 0.640625 0.242188 0.640625 0.388672 0.596875 0.388672
1 0.496875 0.292969 0.545312 0.292969 0.545312 0.437500 0.496875 0.437500
1 0.425000 0.382812 0.521875 0.449219 0.504687 0.494141 0.403125 0.433594
1 0.262500 0.500000 0.293750 0.464844 0.373437 0.566406 0.343750 0.601562
4 0.171875 0.830078 0.250000 0.830078 0.250000 0.871094 0.171875 0.871094
0 0.000000 0.679688 0.034375 0.679688 0.034375 0.707031 0.000000 0.707031
2 0.965625 0.603516 0.995313 0.615234 0.962500 0.724609 0.929688 0.707031
0 0.932813 0.207031 0.970313 0.207031 0.970313 0.314453 0.932813 0.314453
0 0.931250 0.000000 0.965625 0.000000 0.965625 0.052734 0.931250 0.052734
0 0.673438 0.007812 0.685937 0.000000 0.764062 0.000000 0.751563 0.041016
0 0.664062 0.453125 0.735938 0.402344 0.754687 0.435547 0.678125 0.492188
0 0.678125 0.500000 0.715625 0.500000 0.715625 0.611328 0.678125 0.611328
0 0.620313 0.408203 0.654687 0.410156 0.657813 0.523438 0.617188 0.521484
0 0.615625 0.527344 0.646875 0.542969 0.615625 0.636719 0.582812 0.619141
0 0.275000 0.839844 0.360938 0.849609 0.360938 0.888672 0.271875 0.878906
