0 0.495312 0.503906 0.578125 0.531250 0.567187 0.566406 0.489063 0.541016
0 0.950000 0.583984 0.976562 0.589844 0.968750 0.687500 0.943750 0.671875
0 0.540625 0.128906 0.565625 0.134766 0.548438 0.244141 0.517188 0.232422
0 0.301563 0.947266 0.389062 0.968750 0.385937 1.000000 0.289062 0.984375
0 0.234375 0.781250 0.331250 0.796875 0.331250 0.841797 0.231250 0.820312
0 0.020313 0.656250 0.121875 0.656250 0.121875 0.716797 0.020313 0.716797
0 0.028125 0.382812 0.068750 0.384766 0.051562 0.503906 0.010937 0.488281
0 0.085938 0.396484 0.115625 0.396484 0.104688 0.507812 0.068750 0.494141
0 0.189062 0.419922 0.218750 0.427734 0.206250 0.537109 0.167187 0.527344
0 0.103125 0.205078 0.193750 0.228516 0.185938 0.263672 0.096875 0.246094
