0 0.601562 0.251953 0.693750 0.265625 0.690625 0.310547 0.593750 0.294922
0 0.581250 0.566406 0.665625 0.585938 0.660937 0.626953 0.573438 0.601562
0 0.579688 0.634766 0.659375 0.650391 0.657813 0.685547 0.573438 0.666016
0 0.865625 0.488281 0.892188 0.466797 0.939063 0.535156 0.921875 0.560547
0 0.568750 0.697266 0.645312 0.710938 0.646875 0.748047 0.560937 0.728516
0 0.565625 0.751953 0.642188 0.773438 0.642188 0.802734 0.559375 0.781250
0 0.553125 0.810547 0.639062 0.822266 0.637500 0.869141 0.548438 0.845703
0 0.542188 0.869141 0.621875 0.886719 0.617188 0.929688 0.535937 0.914062
0 0.537500 0.937500 0.615625 0.953125 0.609375 0.992188 0.532813 0.976562
0 0.665625 0.017578 0.753125 0.042969 0.743750 0.080078 0.660937 0.058594
