0 0.350000 0.000000 0.365625 0.000000 0.421875 0.037109 0.406250 0.058594
0 0.531250 0.177734 0.565625 0.156250 0.584375 0.279297 0.550000 0.281250
0 0.682813 0.582031 0.756250 0.548828 0.765625 0.583984 0.692187 0.619141
0 0.414062 0.378906 0.465625 0.318359 0.489063 0.343750 0.437500 0.408203
0 0.665625 0.527344 0.745313 0.492188 0.753125 0.525391 0.673438 0.562500
0 0.640625 0.464844 0.723437 0.435547 0.729688 0.464844 0.646875 0.501953
0 0.625000 0.371094 0.703125 0.339844 0.712500 0.375000 0.637500 0.408203
0 0.539062 0.689453 0.567187 0.701172 0.548438 0.800781 0.515625 0.792969
0 0.098437 0.804688 0.142187 0.804688 0.142187 0.921875 0.098437 0.921875
0 0.017188 0.791016 0.056250 0.763672 0.085938 0.875000 0.042188 0.890625
0 0.593750 0.294922 0.679688 0.267578 0.687500 0.320312 0.609375 0.343750
0 0.489063 0.417969 0.520312 0.402344 0.534375 0.496094 0.506250 0.500000
0 0.546875 0.103516 0.635938 0.062500 0.640625 0.101562 0.556250 0.140625
0 0.543750 0.041016 0.615625 0.005859 0.625000 0.042969 0.553125 0.078125
0 0.395313 0.121094 0.423438 0.099609 0.451562 0.187500 0.420312 0.207031
