0 0.489063 0.580078 0.568750 0.580078 0.568750 0.617188 0.489063 0.617188
0 0.914062 0.916016 1.000000 0.916016 1.000000 0.962891 0.914062 0.962891
0 0.257812 0.275391 0.348438 0.275391 0.348438 0.318359 0.257812 0.318359
0 0.492188 0.046875 0.568750 0.046875 0.568750 0.089844 0.492188 0.089844
0 0.495312 0.099609 0.576562 0.113281 0.571875 0.152344 0.489063 0.142578
0 0.489063 0.177734 0.570312 0.177734 0.570312 0.218750 0.489063 0.218750
0 0.256250 0.554688 0.335938 0.554688 0.335938 0.593750 0.256250 0.593750
0 0.487500 0.386719 0.570312 0.386719 0.570312 0.425781 0.487500 0.425781
0 0.489063 0.453125 0.565625 0.453125 0.565625 0.490234 0.489063 0.490234
0 0.487500 0.511719 0.570312 0.511719 0.570312 0.556641 0.487500 0.556641
