0 0.376563 0.652344 0.404687 0.681641 0.351562 0.775391 0.321875 0.750000
2 0.378125 0.349609 0.421875 0.376953 0.332813 0.544922 0.295312 0.521484
0 0.207813 0.380859 0.237500 0.400391 0.200000 0.501953 0.171875 0.484375
0 0.000000 0.740234 0.068750 0.802734 0.050000 0.839844 0.000000 0.777344
0 0.745313 0.427734 0.775000 0.453125 0.720313 0.537109 0.696875 0.513672
4 0.168750 0.345703 0.203125 0.361328 0.156250 0.476562 0.125000 0.458984
0 0.646875 0.013672 0.681250 0.001953 0.707812 0.103516 0.665625 0.113281
0 0.793750 0.208984 0.823438 0.240234 0.771875 0.320312 0.742188 0.289062
2 0.704688 0.339844 0.742188 0.371094 0.673438 0.486328 0.637500 0.451172
0 0.620313 0.195312 0.653125 0.218750 0.606250 0.310547 0.573438 0.285156
0 0.607812 0.500000 0.639062 0.527344 0.581250 0.617188 0.554688 0.589844
0 0.525000 0.623047 0.556250 0.654297 0.493750 0.742188 0.464062 0.710938
0 0.445312 0.742188 0.475000 0.771484 0.418750 0.857422 0.390625 0.826172
0 0.364063 0.867188 0.395313 0.902344 0.332813 0.986328 0.303125 0.958984
