2 0.334375 0.542969 0.375000 0.570312 0.303125 0.750000 0.259375 0.728516
0 0.425000 0.927734 0.454688 0.955078 0.404687 1.000000 0.376563 1.000000
0 0.351562 0.767578 0.384375 0.796875 0.334375 0.890625 0.300000 0.865234
0 0.496875 0.806641 0.526563 0.833984 0.471875 0.925781 0.440625 0.900391
0 0.571875 0.669922 0.604688 0.695312 0.551562 0.787109 0.523438 0.765625
2 0.659375 0.498047 0.698438 0.519531 0.637500 0.648438 0.596875 0.613281
0 0.543750 0.476562 0.570312 0.490234 0.531250 0.582031 0.504687 0.566406
0 0.739062 0.357422 0.768750 0.376953 0.725000 0.466797 0.696875 0.441406
0 0.839063 0.285156 0.871875 0.302734 0.834375 0.394531 0.803125 0.376953
0 0.462500 0.009766 0.532813 0.062500 0.514062 0.103516 0.442188 0.048828
0 0.285938 0.000000 0.365625 0.000000 0.365625 0.033203 0.282813 0.027344
0 0.106250 0.000000 0.192188 0.000000 0.195312 0.025391 0.106250 0.019531
4 0.126562 0.552734 0.159375 0.570312 0.120313 0.689453 0.085938 0.675781
4 0.578125 0.000000 0.639062 0.056641 0.614062 0.089844 0.556250 0.035156
0 0.162500 0.589844 0.195312 0.599609 0.165625 0.712891 0.134375 0.703125
