0 0.654687 0.925781 0.692187 0.900391 0.732812 1.000000 0.701562 1.000000
4 0.262500 0.154297 0.320312 0.197266 0.303125 0.236328 0.240625 0.187500
4 0.490625 0.570312 0.525000 0.542969 0.576562 0.621094 0.546875 0.656250
4 0.712500 0.470703 0.757812 0.457031 0.775000 0.591797 0.731250 0.599609
0 0.598437 0.550781 0.637500 0.539062 0.651563 0.656250 0.615625 0.660156
0 0.365625 0.681641 0.398438 0.658203 0.450000 0.755859 0.417187 0.783203
0 0.593750 0.113281 0.631250 0.109375 0.637500 0.220703 0.598437 0.222656
0 0.537500 0.203125 0.576562 0.199219 0.584375 0.306641 0.540625 0.312500
0 0.465625 0.207031 0.496875 0.205078 0.507812 0.310547 0.471875 0.316406
0 0.465625 0.000000 0.501563 0.000000 0.501563 0.095703 0.465625 0.095703
0 0.375000 0.285156 0.440625 0.355469 0.420312 0.388672 0.353125 0.318359
0 0.164062 0.216797 0.239063 0.261719 0.220312 0.296875 0.150000 0.253906
0 0.053125 0.240234 0.135937 0.294922 0.110937 0.337891 0.032813 0.283203
0 0.035937 0.000000 0.109375 0.023438 0.089063 0.064453 0.020313 0.023438
1 0.026562 0.125000 0.123438 0.191406 0.103125 0.238281 0.003125 0.171875
0 0.531250 0.373047 0.568750 0.373047 0.571875 0.474609 0.537500 0.478516
1 0.717187 0.201172 0.770312 0.197266 0.782813 0.343750 0.726562 0.349609
0 0.789062 0.093750 0.823438 0.087891 0.829688 0.181641 0.793750 0.183594
0 0.592187 0.732422 0.618750 0.699219 0.681250 0.792969 0.650000 0.822266
3 0.793750 0.417969 0.851562 0.417969 0.867188 0.615234 0.815625 0.619141
2 0.792188 0.878906 0.835938 0.865234 0.856250 1.000000 0.815625 1.000000
0 0.856250 0.878906 0.901563 0.873047 0.912500 0.992188 0.876563 0.996094
