3 0.781250 0.468750 0.835938 0.468750 0.835938 0.666016 0.781250 0.666016
0 0.778125 0.945312 0.814063 0.945312 0.814063 1.000000 0.778125 1.000000
0 0.771875 0.736328 0.812500 0.736328 0.812500 0.855469 0.771875 0.855469
0 0.562500 0.753906 0.600000 0.753906 0.600000 0.861328 0.562500 0.861328
0 0.565625 0.431641 0.603125 0.431641 0.603125 0.542969 0.565625 0.542969
0 0.571875 0.267578 0.607812 0.267578 0.607812 0.376953 0.571875 0.376953
0 0.571875 0.099609 0.609375 0.105469 0.603125 0.208984 0.564063 0.207031
0 0.506250 0.099609 0.539062 0.099609 0.539062 0.207031 0.506250 0.207031
0 0.506250 0.273438 0.540625 0.273438 0.540625 0.365234 0.506250 0.365234
0 0.504687 0.388672 0.543750 0.388672 0.543750 0.503906 0.504687 0.503906
0 0.490625 0.531250 0.528125 0.531250 0.528125 0.644531 0.490625 0.644531
0 0.493750 0.703125 0.529687 0.703125 0.529687 0.810547 0.493750 0.810547
3 0.439063 0.000000 0.490625 0.000000 0.476562 0.187500 0.426563 0.181641
0 0.664062 0.046875 0.695312 0.046875 0.695312 0.146484 0.664062 0.146484
3 0.803125 0.000000 0.856250 0.000000 0.835938 0.226562 0.785937 0.214844
0 0.806250 0.337891 0.840625 0.337891 0.840625 0.433594 0.806250 0.433594
2 0.710938 0.222656 0.754687 0.222656 0.754687 0.363281 0.710938 0.363281
0 0.659375 0.458984 0.693750 0.447266 0.715625 0.554688 0.678125 0.560547
4 0.560937 0.601562 0.596875 0.601562 0.596875 0.697266 0.560937 0.697266
1 0.728125 0.021484 0.779687 0.027344 0.771875 0.160156 0.721875 0.156250
