0 0.376563 0.892578 0.417187 0.892578 0.417187 1.000000 0.376563 1.000000
0 0.732812 0.037109 0.765625 0.037109 0.765625 0.134766 0.732812 0.134766
0 0.714063 0.373047 0.750000 0.373047 0.750000 0.476562 0.714063 0.476562
0 0.748437 0.541016 0.784375 0.548828 0.771875 0.662109 0.739062 0.654297
0 0.629687 0.548828 0.664062 0.548828 0.664062 0.669922 0.629687 0.669922
0 0.662500 0.949219 0.701562 0.949219 0.701562 1.000000 0.662500 1.000000
2 0.782813 0.029297 0.825000 0.029297 0.825000 0.164062 0.782813 0.164062
4 0.784375 0.306641 0.818750 0.306641 0.818750 0.398438 0.784375 0.398438
4 0.539062 0.595703 0.575000 0.595703 0.575000 0.695312 0.539062 0.695312
3 0.765625 0.771484 0.823438 0.773438 0.817187 1.000000 0.756250 1.000000
0 0.696875 0.755859 0.737500 0.755859 0.737500 0.876953 0.696875 0.876953
0 0.626563 0.738281 0.662500 0.742188 0.656250 0.849609 0.620313 0.843750
0 0.437500 0.783203 0.478125 0.783203 0.478125 0.896484 0.437500 0.896484
0 0.468750 0.328125 0.504687 0.328125 0.504687 0.439453 0.468750 0.439453
0 0.500000 0.011719 0.534375 0.011719 0.534375 0.126953 0.500000 0.126953
