3 0.828125 0.056641 0.878125 0.062500 0.854688 0.343750 0.803125 0.337891
3 0.778125 0.787109 0.834375 0.792969 0.810937 1.000000 0.759375 1.000000
1 0.695312 0.867188 0.748437 0.875000 0.740625 1.000000 0.681250 1.000000
0 0.634375 0.833984 0.675000 0.837891 0.665625 0.951172 0.626563 0.947266
0 0.710938 0.640625 0.753125 0.644531 0.740625 0.769531 0.695312 0.761719
3 0.787500 0.517578 0.845313 0.523438 0.829688 0.728516 0.776563 0.722656
0 0.720313 0.486328 0.757812 0.486328 0.753125 0.591797 0.715625 0.585938
0 0.807813 0.382812 0.846875 0.386719 0.840625 0.494141 0.801562 0.494141
0 0.745313 0.359375 0.782813 0.359375 0.782813 0.460938 0.745313 0.460938
0 0.723437 0.214844 0.765625 0.220703 0.757812 0.332031 0.710938 0.322266
0 0.757812 0.103516 0.798438 0.109375 0.789062 0.214844 0.750000 0.208984
0 0.770312 0.000000 0.804688 0.000000 0.792188 0.083984 0.756250 0.082031
0 0.665625 0.310547 0.701562 0.314453 0.698438 0.423828 0.659375 0.417969
0 0.682813 0.121094 0.721875 0.128906 0.707812 0.236328 0.667188 0.224609
0 0.709375 0.000000 0.740625 0.000000 0.729688 0.058594 0.696875 0.048828
0 0.589063 0.232422 0.625000 0.236328 0.618750 0.359375 0.578125 0.355469
0 0.575000 0.414062 0.615625 0.417969 0.606250 0.533203 0.565625 0.529297
0 0.562500 0.597656 0.600000 0.603516 0.598437 0.720703 0.554688 0.720703
0 0.548438 0.796875 0.587500 0.798828 0.581250 0.910156 0.543750 0.910156
0 0.478125 0.751953 0.515625 0.751953 0.515625 0.861328 0.478125 0.861328
0 0.476562 0.583984 0.515625 0.587891 0.507812 0.705078 0.467187 0.703125
0 0.501563 0.394531 0.540625 0.400391 0.528125 0.511719 0.492188 0.507812
0 0.528125 0.238281 0.559375 0.244141 0.553125 0.351562 0.517188 0.351562
0 0.531250 0.099609 0.571875 0.101562 0.559375 0.218750 0.523438 0.214844
0 0.484375 0.000000 0.521875 0.000000 0.517188 0.099609 0.479687 0.099609
