0 0.429688 0.802734 0.471875 0.806641 0.459375 0.919922 0.418750 0.914062
0 0.723437 0.003906 0.768750 0.003906 0.768750 0.115234 0.723437 0.115234
0 0.668750 0.105469 0.710938 0.105469 0.710938 0.222656 0.668750 0.222656
0 0.560937 0.000000 0.603125 0.000000 0.603125 0.130859 0.560937 0.130859
3 0.792188 0.160156 0.846875 0.164062 0.831250 0.460938 0.775000 0.455078
0 0.634375 0.279297 0.675000 0.279297 0.675000 0.396484 0.634375 0.396484
0 0.484375 0.201172 0.525000 0.201172 0.525000 0.332031 0.484375 0.332031
0 0.770312 0.566406 0.814063 0.566406 0.814063 0.679688 0.770312 0.679688
3 0.756250 0.843750 0.810937 0.853516 0.798438 1.000000 0.745313 1.000000
0 0.612500 0.939453 0.653125 0.939453 0.653125 1.000000 0.612500 1.000000
0 0.518750 0.867188 0.556250 0.867188 0.556250 0.962891 0.518750 0.962891
0 0.703125 0.759766 0.740625 0.759766 0.740625 0.865234 0.703125 0.865234
0 0.453125 0.494141 0.493750 0.494141 0.493750 0.603516 0.453125 0.603516
