3 0.300000 0.353516 0.356250 0.353516 0.356250 0.630859 0.300000 0.630859
0 0.676562 0.574219 0.717187 0.574219 0.717187 0.691406 0.676562 0.691406
0 0.689063 0.806641 0.725000 0.806641 0.725000 0.921875 0.689063 0.921875
4 0.614062 0.080078 0.648438 0.080078 0.648438 0.205078 0.614062 0.205078
0 0.678125 0.253906 0.714063 0.253906 0.714063 0.367188 0.678125 0.367188
0 0.600000 0.693359 0.635938 0.693359 0.635938 0.802734 0.600000 0.802734
0 0.609375 0.384766 0.650000 0.384766 0.650000 0.490234 0.609375 0.490234
0 0.454688 0.490234 0.498437 0.490234 0.498437 0.603516 0.454688 0.603516
0 0.398438 0.730469 0.431250 0.730469 0.431250 0.826172 0.398438 0.826172
0 0.392188 0.414062 0.431250 0.414062 0.431250 0.527344 0.392188 0.527344
0 0.385937 0.201172 0.423438 0.201172 0.423438 0.310547 0.385937 0.310547
0 0.384375 0.007812 0.418750 0.007812 0.418750 0.119141 0.384375 0.119141
0 0.457813 0.000000 0.496875 0.000000 0.496875 0.062500 0.457813 0.062500
0 0.329688 0.000000 0.367188 0.000000 0.367188 0.080078 0.329688 0.080078
