0 0.687500 0.265625 0.723437 0.265625 0.723437 0.376953 0.687500 0.376953
0 0.687500 0.099609 0.726562 0.099609 0.726562 0.212891 0.687500 0.212891
0 0.678125 0.595703 0.718750 0.595703 0.718750 0.703125 0.678125 0.703125
0 0.612500 0.468750 0.650000 0.468750 0.650000 0.580078 0.612500 0.580078
0 0.606250 0.326172 0.645312 0.326172 0.645312 0.431641 0.606250 0.431641
0 0.593750 0.162109 0.628125 0.162109 0.635938 0.277344 0.596875 0.277344
0 0.609375 0.626953 0.650000 0.626953 0.650000 0.740234 0.609375 0.740234
0 0.556250 0.640625 0.590625 0.640625 0.590625 0.742188 0.556250 0.742188
0 0.559375 0.498047 0.593750 0.500000 0.590625 0.572266 0.557813 0.568359
0 0.556250 0.359375 0.589063 0.359375 0.589063 0.453125 0.556250 0.453125
0 0.548438 0.216797 0.582812 0.216797 0.582812 0.328125 0.548438 0.328125
0 0.571875 0.000000 0.607812 0.000000 0.614062 0.083984 0.579688 0.085938
0 0.951562 0.316406 0.987500 0.316406 0.987500 0.429688 0.951562 0.429688
0 0.896875 0.304688 0.932813 0.304688 0.932813 0.396484 0.896875 0.396484
0 0.960938 0.457031 1.000000 0.457031 1.000000 0.564453 0.960938 0.564453
0 0.957812 0.625000 0.993750 0.625000 0.993750 0.718750 0.957812 0.718750
0 0.887500 0.603516 0.926562 0.603516 0.926562 0.720703 0.887500 0.720703
0 0.892188 0.435547 0.928125 0.435547 0.928125 0.542969 0.892188 0.542969
0 0.821875 0.568359 0.854688 0.568359 0.854688 0.673828 0.821875 0.673828
0 0.820312 0.373047 0.859375 0.373047 0.859375 0.480469 0.820312 0.480469
0 0.821875 0.226562 0.860938 0.226562 0.860938 0.341797 0.821875 0.341797
0 0.821875 0.048828 0.864062 0.048828 0.864062 0.164062 0.821875 0.164062
0 0.757812 0.031250 0.792188 0.031250 0.792188 0.128906 0.757812 0.128906
0 0.759375 0.203125 0.796875 0.203125 0.796875 0.310547 0.759375 0.310547
0 0.756250 0.406250 0.795312 0.406250 0.795312 0.509766 0.756250 0.509766
0 0.751563 0.587891 0.789062 0.587891 0.789062 0.707031 0.751563 0.707031
0 0.690625 0.417969 0.725000 0.417969 0.725000 0.525391 0.690625 0.525391
0 0.951562 0.152344 0.984375 0.152344 0.984375 0.259766 0.951562 0.259766
0 0.946875 0.013672 0.987500 0.013672 0.987500 0.121094 0.946875 0.121094
0 0.893750 0.126953 0.932813 0.126953 0.932813 0.246094 0.893750 0.246094
