0 0.842187 0.119141 0.887500 0.115234 0.896875 0.228516 0.851562 0.234375
0 0.851562 0.000000 0.893750 0.000000 0.928125 0.064453 0.885938 0.082031
0 0.818750 0.000000 0.859375 0.000000 0.871875 0.093750 0.832812 0.097656
0 0.885938 0.089844 0.929688 0.087891 0.935937 0.205078 0.900000 0.207031
0 0.743750 0.078125 0.785937 0.074219 0.792188 0.189453 0.745313 0.191406
0 0.896875 0.250000 0.937500 0.244141 0.946875 0.355469 0.904687 0.365234
0 0.846875 0.273438 0.893750 0.267578 0.898438 0.390625 0.854688 0.398438
0 0.906250 0.390625 0.951562 0.388672 0.957812 0.496094 0.915625 0.505859
0 0.859375 0.447266 0.898438 0.443359 0.909375 0.558594 0.867188 0.562500
0 0.914062 0.554688 0.957812 0.546875 0.968750 0.664062 0.923438 0.669922
0 0.928125 0.712891 0.967187 0.703125 0.978125 0.820312 0.937500 0.828125
0 0.878125 0.751953 0.918750 0.751953 0.918750 0.851562 0.878125 0.851562
0 0.864062 0.603516 0.907813 0.601562 0.914062 0.728516 0.868750 0.732422
0 0.678125 0.511719 0.721875 0.511719 0.721875 0.634766 0.678125 0.634766
0 0.739062 0.714844 0.776563 0.714844 0.776563 0.826172 0.739062 0.826172
0 0.929688 0.865234 0.973437 0.865234 0.973437 0.982422 0.929688 0.982422
0 0.873437 0.875000 0.917188 0.875000 0.917188 0.976562 0.873437 0.976562
0 0.803125 0.867188 0.850000 0.871094 0.842187 0.982422 0.796875 0.982422
0 0.753125 0.900391 0.787500 0.900391 0.787500 1.000000 0.753125 1.000000
0 0.660937 0.906250 0.695312 0.906250 0.695312 1.000000 0.660937 1.000000
0 0.551562 0.830078 0.592187 0.830078 0.592187 0.941406 0.551562 0.941406
0 0.478125 0.730469 0.517188 0.730469 0.517188 0.845703 0.478125 0.845703
0 0.557813 0.097656 0.596875 0.097656 0.596875 0.207031 0.557813 0.207031
0 0.484375 0.255859 0.528125 0.255859 0.528125 0.384766 0.484375 0.384766
4 0.803125 0.589844 0.845313 0.589844 0.850000 0.722656 0.803125 0.726562
