0 0.756250 0.566406 0.840625 0.566406 0.840625 0.617188 0.756250 0.617188
0 0.925000 0.171875 1.000000 0.171875 1.000000 0.228516 0.925000 0.228516
3 0.475000 0.169922 0.706250 0.156250 0.707812 0.232422 0.476562 0.246094
3 0.332813 0.906250 0.579688 0.892578 0.581250 0.960938 0.329688 0.976562
0 0.835938 0.648438 0.937500 0.648438 0.937500 0.699219 0.835938 0.699219
0 0.871875 0.564453 0.968750 0.564453 0.968750 0.613281 0.871875 0.613281
0 0.667188 0.656250 0.762500 0.656250 0.762500 0.708984 0.667188 0.708984
0 0.606250 0.574219 0.704688 0.574219 0.704688 0.623047 0.606250 0.623047
0 0.512500 0.652344 0.603125 0.652344 0.603125 0.701172 0.512500 0.701172
0 0.315625 0.656250 0.404687 0.656250 0.404687 0.703125 0.315625 0.703125
0 0.025000 0.658203 0.118750 0.658203 0.118750 0.703125 0.025000 0.703125
0 0.401562 0.408203 0.473438 0.408203 0.473438 0.451172 0.401562 0.451172
0 0.090625 0.583984 0.187500 0.583984 0.187500 0.634766 0.090625 0.634766
0 0.225000 0.406250 0.307812 0.406250 0.307812 0.458984 0.225000 0.458984
0 0.103125 0.406250 0.190625 0.406250 0.190625 0.457031 0.103125 0.457031
0 0.079687 0.324219 0.175000 0.324219 0.175000 0.375000 0.079687 0.375000
0 0.134375 0.238281 0.217188 0.228516 0.220312 0.279297 0.135937 0.285156
