0 0.198437 0.541016 0.235937 0.546875 0.221875 0.656250 0.182812 0.648438
0 0.035937 0.722656 0.081250 0.714844 0.096875 0.830078 0.054688 0.841797
3 0.692187 0.226562 0.743750 0.236328 0.720313 0.509766 0.665625 0.503906
4 0.556250 0.839844 0.590625 0.843750 0.579688 0.957031 0.543750 0.949219
0 0.181250 0.195312 0.223438 0.203125 0.207813 0.312500 0.170313 0.304688
0 0.273438 0.140625 0.310937 0.150391 0.290625 0.261719 0.251563 0.253906
0 0.707812 0.000000 0.743750 0.000000 0.743750 0.093750 0.707812 0.093750
0 0.643750 0.005859 0.689063 0.005859 0.689063 0.111328 0.643750 0.111328
0 0.803125 0.205078 0.840625 0.205078 0.840625 0.312500 0.803125 0.312500
0 0.621875 0.275391 0.664062 0.281250 0.659375 0.380859 0.621875 0.378906
0 0.562500 0.152344 0.603125 0.156250 0.593750 0.263672 0.556250 0.259766
0 0.290625 0.388672 0.328125 0.394531 0.307812 0.494141 0.273438 0.486328
0 0.700000 0.914062 0.739062 0.917969 0.728125 1.000000 0.689063 1.000000
0 0.718750 0.769531 0.759375 0.775391 0.750000 0.888672 0.710938 0.882812
0 0.648438 0.730469 0.687500 0.736328 0.673438 0.849609 0.634375 0.841797
0 0.592187 0.582031 0.637500 0.587891 0.621875 0.707031 0.581250 0.697266
0 0.503125 0.716797 0.540625 0.724609 0.525000 0.843750 0.490625 0.835938
0 0.440625 0.630859 0.476562 0.634766 0.468750 0.738281 0.431250 0.730469
0 0.370312 0.689453 0.410938 0.697266 0.393750 0.814453 0.357812 0.808594
0 0.426563 0.767578 0.467187 0.771484 0.454688 0.865234 0.415625 0.861328
0 0.395313 0.882812 0.440625 0.890625 0.425000 1.000000 0.385937 1.000000
0 0.345313 0.859375 0.384375 0.869141 0.368750 0.978516 0.331250 0.968750
0 0.206250 0.863281 0.246875 0.871094 0.226562 0.988281 0.187500 0.978516
