0 0.532813 0.000000 0.571875 0.000000 0.570312 0.105469 0.531250 0.109375
0 0.673438 0.501953 0.714063 0.503906 0.712500 0.630859 0.673438 0.632812
0 0.512500 0.712891 0.554688 0.714844 0.559375 0.828125 0.517188 0.833984
0 0.428125 0.734375 0.467187 0.734375 0.467187 0.849609 0.428125 0.849609
0 0.412500 0.605469 0.453125 0.599609 0.465625 0.712891 0.421875 0.714844
0 0.365625 0.677734 0.410938 0.673828 0.415625 0.775391 0.373437 0.779297
0 0.446875 0.445312 0.487500 0.445312 0.487500 0.562500 0.446875 0.564453
0 0.392188 0.375000 0.435937 0.373047 0.437500 0.482422 0.392188 0.484375
0 0.526563 0.310547 0.567187 0.310547 0.568750 0.416016 0.526563 0.416016
0 0.454688 0.298828 0.492188 0.296875 0.490625 0.406250 0.454688 0.406250
0 0.671875 0.250000 0.707812 0.248047 0.707812 0.341797 0.671875 0.343750
0 0.393750 0.060547 0.434375 0.060547 0.435937 0.183594 0.392188 0.183594
0 0.456250 0.035156 0.496875 0.037109 0.493750 0.146484 0.454688 0.150391
0 0.618750 0.033203 0.653125 0.033203 0.656250 0.134766 0.620313 0.136719
