3 0.712500 0.412109 0.853125 0.384766 0.862500 0.439453 0.721875 0.468750
0 0.734375 0.496094 0.826562 0.482422 0.832812 0.525391 0.743750 0.548828
0 0.937500 0.468750 1.000000 0.457031 1.000000 0.500000 0.945312 0.519531
0 0.168750 0.583984 0.248438 0.554688 0.264062 0.601562 0.178125 0.634766
0 0.273438 0.527344 0.360938 0.501953 0.371875 0.556641 0.284375 0.580078
0 0.287500 0.585938 0.379688 0.572266 0.387500 0.619141 0.295312 0.642578
0 0.850000 0.482422 0.914062 0.466797 0.921875 0.515625 0.856250 0.527344
0 0.592187 0.525391 0.685937 0.511719 0.693750 0.558594 0.601562 0.580078
0 0.562500 0.457031 0.653125 0.443359 0.660937 0.486328 0.568750 0.503906
0 0.509375 0.841797 0.600000 0.816406 0.606250 0.867188 0.517188 0.890625
0 0.406250 0.501953 0.493750 0.474609 0.506250 0.527344 0.415625 0.552734
0 0.417187 0.570312 0.501563 0.550781 0.506250 0.597656 0.421875 0.617188
0 0.073438 0.546875 0.151562 0.525391 0.160938 0.572266 0.079687 0.599609
0 0.871875 0.570312 0.956250 0.554688 0.960938 0.599609 0.876563 0.619141
0 0.384375 0.658203 0.476562 0.640625 0.482812 0.691406 0.392188 0.707031
0 0.067187 0.619141 0.148438 0.599609 0.156250 0.640625 0.073438 0.658203
