0 0.126562 0.351562 0.207813 0.353516 0.206250 0.400391 0.125000 0.396484
0 0.100000 0.445312 0.192188 0.443359 0.190625 0.496094 0.100000 0.494141
0 0.464062 0.445312 0.553125 0.445312 0.553125 0.488281 0.464062 0.488281
0 0.434375 0.478516 0.523438 0.505859 0.510938 0.556641 0.425000 0.533203
0 0.710938 0.439453 0.801562 0.439453 0.801562 0.496094 0.709375 0.494141
0 0.785937 0.341797 0.873437 0.343750 0.875000 0.390625 0.785937 0.390625
2 0.600000 0.347656 0.710938 0.341797 0.710938 0.394531 0.600000 0.398438
0 0.584375 0.437500 0.685937 0.439453 0.684375 0.486328 0.585938 0.488281
0 0.551562 0.531250 0.642188 0.523438 0.646875 0.576172 0.550000 0.580078
0 0.904687 0.353516 0.996875 0.347656 0.996875 0.400391 0.906250 0.400391
0 0.946875 0.435547 1.000000 0.435547 1.000000 0.490234 0.948438 0.488281
0 0.859375 0.519531 0.946875 0.515625 0.950000 0.564453 0.860938 0.572266
0 0.373437 0.345703 0.475000 0.343750 0.473438 0.398438 0.368750 0.392578
0 0.339062 0.443359 0.420312 0.447266 0.420312 0.492188 0.334375 0.496094
0 0.253125 0.337891 0.346875 0.337891 0.345313 0.388672 0.253125 0.388672
0 0.000000 0.443359 0.056250 0.447266 0.053125 0.492188 0.000000 0.492188
4 0.207813 0.447266 0.289062 0.445312 0.287500 0.486328 0.206250 0.486328
0 0.835938 0.433594 0.926562 0.429688 0.926562 0.486328 0.835938 0.484375
0 0.706250 0.527344 0.798438 0.525391 0.801562 0.582031 0.706250 0.582031
