0 0.670312 0.369141 0.768750 0.373047 0.768750 0.419922 0.673438 0.419922
4 0.156250 0.292969 0.231250 0.291016 0.231250 0.335938 0.154688 0.337891
0 0.917188 0.386719 1.000000 0.382812 1.000000 0.435547 0.925000 0.437500
0 0.839063 0.302734 0.928125 0.300781 0.928125 0.345703 0.839063 0.353516
0 0.807813 0.386719 0.893750 0.386719 0.890625 0.441406 0.804688 0.435547
0 0.720313 0.298828 0.809375 0.300781 0.809375 0.351562 0.720313 0.351562
3 0.670312 0.472656 0.834375 0.470703 0.832812 0.533203 0.668750 0.531250
0 0.543750 0.476562 0.637500 0.478516 0.637500 0.529297 0.543750 0.529297
0 0.540625 0.390625 0.639062 0.388672 0.637500 0.439453 0.539062 0.437500
0 0.528125 0.316406 0.629687 0.316406 0.629687 0.367188 0.526563 0.363281
0 0.426563 0.392578 0.501563 0.394531 0.501563 0.447266 0.426563 0.447266
0 0.367188 0.433594 0.440625 0.453125 0.429688 0.496094 0.359375 0.474609
0 0.326562 0.490234 0.420312 0.492188 0.420312 0.541016 0.328125 0.541016
0 0.373437 0.304688 0.492188 0.302734 0.492188 0.355469 0.373437 0.355469
0 0.246875 0.412109 0.350000 0.421875 0.342187 0.470703 0.245312 0.460938
0 0.260937 0.298828 0.351562 0.300781 0.350000 0.347656 0.257812 0.347656
0 0.126562 0.410156 0.212500 0.408203 0.212500 0.453125 0.123438 0.458984
0 0.056250 0.320312 0.139063 0.333984 0.134375 0.378906 0.046875 0.365234
0 0.006250 0.396484 0.090625 0.392578 0.087500 0.441406 0.003125 0.441406
