0 0.856250 0.886719 0.937500 0.935547 0.917188 0.986328 0.829688 0.943359
0 0.956250 0.873047 1.000000 0.921875 1.000000 0.962891 0.942187 0.916016
0 0.154688 0.419922 0.235937 0.474609 0.215625 0.517578 0.137500 0.464844
0 0.260937 0.382812 0.339062 0.439453 0.320312 0.478516 0.243750 0.425781
0 0.315625 0.312500 0.395313 0.376953 0.371875 0.416016 0.290625 0.361328
2 0.298438 0.519531 0.395313 0.580078 0.375000 0.628906 0.281250 0.562500
3 0.093750 0.160156 0.273438 0.279297 0.245312 0.339844 0.064062 0.220703
0 0.000000 0.115234 0.059375 0.164062 0.042188 0.205078 0.000000 0.154297
0 0.365625 0.464844 0.432812 0.511719 0.410938 0.552734 0.345313 0.511719
0 0.398438 0.945312 0.482812 1.000000 0.456250 1.000000 0.376563 0.992188
0 0.425000 0.414062 0.504687 0.464844 0.484375 0.507812 0.409375 0.458984
0 0.557813 0.490234 0.642188 0.546875 0.626563 0.593750 0.540625 0.533203
0 0.485938 0.531250 0.567187 0.589844 0.543750 0.634766 0.465625 0.578125
0 0.132812 0.308594 0.226562 0.369141 0.203125 0.414062 0.112500 0.355469
0 0.059375 0.339844 0.128125 0.386719 0.107813 0.423828 0.040625 0.378906
0 0.014063 0.228516 0.090625 0.277344 0.070312 0.318359 0.000000 0.273438
0 0.460938 0.632812 0.529687 0.677734 0.509375 0.722656 0.445312 0.675781
0 0.600000 0.632812 0.679688 0.681641 0.665625 0.726562 0.584375 0.679688
0 0.678125 0.562500 0.760938 0.625000 0.737500 0.667969 0.656250 0.617188
0 0.743750 0.710938 0.828125 0.771484 0.806250 0.810547 0.726562 0.755859
0 0.806250 0.660156 0.885938 0.712891 0.865625 0.757812 0.787500 0.705078
0 0.864062 0.789062 0.939063 0.845703 0.918750 0.892578 0.840625 0.830078
