0 0.204687 0.519531 0.245312 0.505859 0.265625 0.621094 0.225000 0.636719
0 0.000000 0.908203 0.025000 0.906250 0.035937 1.000000 0.000000 1.000000
0 0.068750 0.912109 0.110937 0.902344 0.125000 1.000000 0.085938 1.000000
0 0.170313 0.935547 0.206250 0.931641 0.226562 1.000000 0.184375 1.000000
0 0.407813 0.876953 0.451562 0.869141 0.467187 0.982422 0.421875 0.992188
0 0.454688 0.875000 0.501563 0.869141 0.510938 0.970703 0.471875 0.976562
0 0.670312 0.837891 0.707812 0.828125 0.721875 0.943359 0.682813 0.947266
0 0.720313 0.826172 0.764062 0.826172 0.770312 0.935547 0.731250 0.939453
0 0.975000 0.039062 1.000000 0.070312 0.953125 0.148438 0.925000 0.119141
0 0.337500 0.488281 0.375000 0.474609 0.400000 0.578125 0.368750 0.591797
0 0.381250 0.455078 0.425000 0.439453 0.446875 0.554688 0.409375 0.562500
0 0.510938 0.462891 0.551562 0.443359 0.584375 0.556641 0.543750 0.572266
4 0.823438 0.951172 0.904687 0.929688 0.907813 0.970703 0.832812 0.990234
0 0.098437 0.310547 0.192188 0.314453 0.192188 0.359375 0.096875 0.357422
0 0.000000 0.376953 0.014063 0.376953 0.017188 0.484375 0.000000 0.484375
0 0.000000 0.511719 0.039062 0.609375 0.004687 0.640625 0.000000 0.541016
0 0.798438 0.119141 0.879687 0.177734 0.859375 0.218750 0.775000 0.160156
0 0.281250 0.525391 0.318750 0.507812 0.350000 0.619141 0.312500 0.636719
0 0.548438 0.423828 0.579688 0.390625 0.645312 0.478516 0.615625 0.513672
0 0.592187 0.378906 0.618750 0.345703 0.685937 0.423828 0.653125 0.464844
0 0.656250 0.298828 0.726562 0.375000 0.703125 0.412109 0.631250 0.341797
0 0.715625 0.242188 0.765625 0.306641 0.742188 0.341797 0.685937 0.281250
