0 0.178125 0.255859 0.217188 0.253906 0.214062 0.371094 0.175000 0.367188
4 0.484375 0.716797 0.518750 0.718750 0.518750 0.820312 0.482812 0.822266
4 0.092188 0.263672 0.126562 0.265625 0.126562 0.357422 0.092188 0.357422
0 0.489063 0.240234 0.532813 0.238281 0.529687 0.361328 0.489063 0.361328
0 0.545312 0.250000 0.585938 0.250000 0.589063 0.347656 0.545312 0.347656
3 0.371875 0.607422 0.429688 0.607422 0.431250 0.832031 0.370312 0.833984
0 0.537500 0.712891 0.579688 0.712891 0.582812 0.830078 0.539062 0.832031
0 0.587500 0.701172 0.625000 0.699219 0.631250 0.824219 0.589063 0.824219
2 0.640625 0.714844 0.678125 0.716797 0.679688 0.837891 0.645312 0.835938
0 0.684375 0.593750 0.726562 0.593750 0.726562 0.705078 0.685937 0.703125
0 0.737500 0.718750 0.781250 0.722656 0.781250 0.812500 0.742188 0.814453
0 0.843750 0.705078 0.882812 0.707031 0.882812 0.826172 0.843750 0.822266
