0 0.304688 0.523438 0.343750 0.515625 0.348438 0.640625 0.309375 0.642578
0 1.000000 0.011719 1.000000 0.041016 0.979688 0.107422 0.959375 0.072266
1 0.845313 0.546875 0.895312 0.544922 0.907813 0.693359 0.859375 0.703125
4 0.489063 0.167969 0.525000 0.166016 0.528125 0.261719 0.496875 0.259766
4 0.353125 0.537109 0.390625 0.537109 0.396875 0.642578 0.362500 0.644531
0 0.542188 0.044922 0.629687 0.046875 0.629687 0.099609 0.540625 0.095703
0 0.540625 0.000000 0.629687 0.000000 0.629687 0.035156 0.540625 0.035156
0 0.440625 0.173828 0.485938 0.171875 0.484375 0.283203 0.445312 0.283203
0 0.393750 0.167969 0.429688 0.167969 0.431250 0.279297 0.393750 0.279297
0 0.059375 0.201172 0.098437 0.201172 0.098437 0.312500 0.060937 0.310547
0 0.920312 0.015625 0.984375 0.000000 1.000000 0.000000 0.945312 0.048828
