0 0.704688 0.056641 0.787500 0.060547 0.787500 0.103516 0.706250 0.099609
2 0.460938 0.787109 0.509375 0.789062 0.509375 0.939453 0.460938 0.937500
0 0.473438 0.484375 0.510938 0.488281 0.510938 0.597656 0.473438 0.595703
1 0.373437 0.611328 0.412500 0.607422 0.417187 0.779297 0.375000 0.781250
0 0.373437 0.466797 0.420312 0.470703 0.420312 0.591797 0.376563 0.591797
0 0.382812 0.000000 0.420312 0.000000 0.417187 0.078125 0.376563 0.072266
0 0.739062 0.134766 0.812500 0.152344 0.801562 0.201172 0.728125 0.171875
4 0.779687 0.580078 0.854688 0.572266 0.857812 0.615234 0.784375 0.623047
4 0.682813 0.765625 0.715625 0.763672 0.720313 0.876953 0.682813 0.878906
4 0.715625 0.927734 0.809375 0.982422 0.796875 1.000000 0.703125 0.968750
0 0.707812 0.314453 0.796875 0.333984 0.790625 0.380859 0.701562 0.361328
0 0.729688 0.703125 0.826562 0.699219 0.826562 0.748047 0.729688 0.750000
0 0.728125 0.767578 0.765625 0.767578 0.764062 0.869141 0.726562 0.865234
0 0.778125 0.781250 0.812500 0.775391 0.823438 0.876953 0.787500 0.882812
0 0.712500 0.441406 0.798438 0.447266 0.796875 0.496094 0.714063 0.490234
0 0.918750 0.705078 1.000000 0.687500 1.000000 0.736328 0.920312 0.750000
