0 0.412500 0.226562 0.496875 0.236328 0.493750 0.281250 0.409375 0.271484
0 0.395313 0.419922 0.479687 0.417969 0.481250 0.468750 0.396875 0.474609
0 0.415625 0.582031 0.507812 0.632812 0.493750 0.671875 0.398438 0.626953
0 0.539062 0.623047 0.585938 0.630859 0.578125 0.734375 0.531250 0.732422
0 0.118750 0.880859 0.210938 0.878906 0.214062 0.929688 0.123438 0.933594
0 0.265625 0.810547 0.303125 0.812500 0.301563 0.914062 0.265625 0.914062
1 0.390625 0.884766 0.492188 0.841797 0.504687 0.890625 0.403125 0.923828
0 0.517188 0.769531 0.557813 0.769531 0.557813 0.882812 0.521875 0.888672
0 0.607812 0.808594 0.653125 0.806641 0.648438 0.896484 0.610938 0.898438
4 0.310937 0.796875 0.343750 0.783203 0.365625 0.878906 0.332813 0.894531
4 0.667188 0.876953 0.701562 0.875000 0.703125 0.968750 0.671875 0.974609
4 0.759375 0.732422 0.798438 0.734375 0.796875 0.859375 0.757812 0.857422
0 0.756250 0.529297 0.796875 0.529297 0.796875 0.640625 0.760938 0.642578
0 0.714063 0.669922 0.750000 0.667969 0.748437 0.779297 0.714063 0.783203
0 0.660937 0.509766 0.701562 0.509766 0.695312 0.619141 0.660937 0.611328
0 0.506250 0.457031 0.553125 0.455078 0.550000 0.566406 0.506250 0.572266
0 0.759375 0.384766 0.792188 0.384766 0.792188 0.480469 0.759375 0.482422
0 0.835938 0.289062 0.907813 0.285156 0.910937 0.332031 0.835938 0.333984
0 0.651563 0.236328 0.696875 0.236328 0.696875 0.339844 0.654687 0.339844
0 0.857812 0.068359 0.896875 0.068359 0.896875 0.179688 0.860938 0.177734
0 0.745313 0.060547 0.779687 0.062500 0.784375 0.162109 0.745313 0.162109
0 0.603125 0.150391 0.640625 0.152344 0.639062 0.253906 0.603125 0.253906
0 0.518750 0.275391 0.556250 0.275391 0.553125 0.394531 0.512500 0.392578
0 0.498437 0.142578 0.529687 0.121094 0.576562 0.212891 0.543750 0.236328
0 0.521875 0.000000 0.562500 0.000000 0.554688 0.109375 0.517188 0.109375
0 0.409375 0.035156 0.496875 0.033203 0.495312 0.080078 0.412500 0.078125
0 0.406250 0.097656 0.495312 0.083984 0.498437 0.138672 0.412500 0.144531
0 0.417187 0.150391 0.500000 0.156250 0.503125 0.201172 0.414062 0.197266
0 0.393750 0.351562 0.475000 0.347656 0.475000 0.398438 0.392188 0.400391
