0 0.792188 0.853516 0.831250 0.851562 0.840625 0.966797 0.800000 0.970703
0 0.846875 0.707031 0.892188 0.708984 0.896875 0.820312 0.856250 0.832031
0 0.765625 0.712891 0.812500 0.703125 0.821875 0.822266 0.778125 0.826172
0 0.821875 0.410156 0.853125 0.378906 0.910937 0.466797 0.878125 0.500000
0 0.785937 0.464844 0.821875 0.441406 0.859375 0.548828 0.823438 0.570312
0 0.829688 0.298828 0.901563 0.339844 0.890625 0.384766 0.815625 0.345703
0 0.757812 0.189453 0.839063 0.248047 0.820312 0.291016 0.740625 0.226562
0 0.698438 0.275391 0.737500 0.253906 0.779687 0.339844 0.743750 0.369141
0 0.917188 0.595703 0.953125 0.589844 0.962500 0.701172 0.926562 0.710938
0 0.925000 0.757812 0.967187 0.750000 0.978125 0.869141 0.937500 0.875000
0 0.890625 0.275391 0.970313 0.326172 0.948438 0.371094 0.871875 0.312500
0 0.965625 0.376953 1.000000 0.402344 1.000000 0.455078 0.953125 0.425781
