0 0.914062 0.537109 0.954688 0.537109 0.959375 0.644531 0.917188 0.644531
2 0.684375 0.056641 0.731250 0.054688 0.734375 0.212891 0.689063 0.214844
4 0.693750 0.244141 0.725000 0.244141 0.723437 0.333984 0.692187 0.335938
0 0.000000 0.437500 0.067187 0.445312 0.064062 0.486328 0.000000 0.486328
0 0.101562 0.445312 0.189062 0.449219 0.181250 0.494141 0.098437 0.494141
0 0.301563 0.501953 0.392188 0.501953 0.395313 0.542969 0.300000 0.539062
0 0.382812 0.458984 0.473438 0.462891 0.473438 0.513672 0.381250 0.503906
0 0.614062 0.369141 0.703125 0.369141 0.704688 0.414062 0.614062 0.421875
0 0.685937 0.542969 0.726562 0.544922 0.721875 0.671875 0.684375 0.669922
0 0.728125 0.621094 0.768750 0.623047 0.765625 0.732422 0.726562 0.732422
0 0.676562 0.757812 0.715625 0.757812 0.714063 0.867188 0.675000 0.869141
0 0.670312 0.919922 0.707812 0.921875 0.709375 1.000000 0.670312 1.000000
0 0.920312 0.837891 0.965625 0.839844 0.957812 0.957031 0.917188 0.953125
0 0.870313 0.728516 0.901563 0.695312 0.954688 0.771484 0.929688 0.806641
0 0.825000 0.585938 0.867188 0.583984 0.862500 0.685547 0.825000 0.689453
0 0.828125 0.353516 0.867188 0.355469 0.865625 0.460938 0.828125 0.462891
0 0.925000 0.283203 0.960938 0.285156 0.962500 0.390625 0.923438 0.386719
0 0.831250 0.138672 0.871875 0.140625 0.876563 0.242188 0.832812 0.242188
1 0.921875 0.152344 0.959375 0.154297 0.962500 0.261719 0.923438 0.261719
0 0.765625 0.070312 0.806250 0.070312 0.804688 0.171875 0.764062 0.169922
0 0.839063 0.000000 0.879687 0.000000 0.878125 0.046875 0.842187 0.042969
0 0.920312 0.031250 0.957812 0.031250 0.959375 0.130859 0.921875 0.128906
0 0.696875 0.000000 0.732812 0.000000 0.732812 0.035156 0.701562 0.031250
