0 0.789062 0.306641 0.828125 0.310547 0.829688 0.423828 0.792188 0.423828
4 0.581250 0.716797 0.604688 0.736328 0.560937 0.814453 0.534375 0.789062
4 0.540625 0.673828 0.607812 0.623047 0.628125 0.656250 0.559375 0.712891
0 0.839063 0.707031 0.896875 0.650391 0.921875 0.683594 0.856250 0.736328
0 0.837500 0.775391 0.912500 0.708984 0.935937 0.742188 0.859375 0.808594
0 0.831250 0.554688 0.893750 0.488281 0.917188 0.525391 0.854688 0.587891
0 0.878125 0.388672 0.903125 0.419922 0.843750 0.496094 0.820312 0.470703
0 0.706250 0.458984 0.743750 0.455078 0.754687 0.570312 0.715625 0.580078
0 0.576562 0.455078 0.615625 0.464844 0.609375 0.578125 0.562500 0.576172
0 0.576562 0.271484 0.656250 0.302734 0.643750 0.341797 0.560937 0.306641
0 0.796875 0.113281 0.840625 0.115234 0.832812 0.222656 0.793750 0.218750
0 0.707812 0.005859 0.748437 0.005859 0.746875 0.097656 0.712500 0.099609
0 0.575000 0.000000 0.609375 0.000000 0.610938 0.103516 0.571875 0.105469
0 0.467187 0.253906 0.565625 0.265625 0.564063 0.312500 0.468750 0.304688
0 0.339062 0.253906 0.428125 0.255859 0.426563 0.298828 0.340625 0.298828
0 0.239063 0.244141 0.325000 0.238281 0.328125 0.302734 0.242188 0.306641
0 0.128125 0.242188 0.217188 0.244141 0.215625 0.289062 0.129688 0.283203
0 0.189062 0.109375 0.279687 0.128906 0.271875 0.169922 0.182812 0.158203
0 0.000000 0.251953 0.042188 0.257812 0.040625 0.300781 0.000000 0.296875
0 0.900000 0.035156 0.928125 0.041016 0.909375 0.146484 0.881250 0.134766
0 0.535937 0.933594 0.612500 0.886719 0.631250 0.935547 0.548438 0.976562
0 0.595313 0.783203 0.623437 0.814453 0.565625 0.904297 0.531250 0.871094
0 0.850000 0.933594 0.926562 0.892578 0.945312 0.935547 0.864062 0.974609
0 0.842187 0.847656 0.918750 0.796875 0.939063 0.839844 0.860938 0.892578
