0 0.664062 0.000000 0.704688 0.000000 0.704688 0.070312 0.670312 0.074219
0 0.757812 0.000000 0.790625 0.000000 0.795312 0.060547 0.759375 0.064453
0 0.667188 0.154297 0.715625 0.156250 0.712500 0.273438 0.670312 0.265625
0 0.620313 0.203125 0.665625 0.205078 0.670312 0.318359 0.623437 0.320312
0 0.575000 0.298828 0.610938 0.291016 0.618750 0.386719 0.582812 0.394531
0 0.762500 0.330078 0.800000 0.330078 0.804688 0.445312 0.764062 0.445312
0 0.717187 0.332031 0.757812 0.330078 0.756250 0.439453 0.720313 0.435547
0 0.579688 0.394531 0.618750 0.392578 0.618750 0.509766 0.578125 0.511719
0 0.676562 0.457031 0.707812 0.458984 0.707812 0.542969 0.676562 0.546875
0 0.731250 0.484375 0.767188 0.478516 0.770312 0.558594 0.737500 0.564453
0 0.707812 0.671875 0.735938 0.640625 0.781250 0.716797 0.754687 0.742188
0 0.784375 0.878906 0.831250 0.880859 0.831250 1.000000 0.792188 1.000000
2 0.582812 0.898438 0.632812 0.900391 0.628125 1.000000 0.582812 1.000000
0 0.539062 0.683594 0.575000 0.683594 0.575000 0.792969 0.534375 0.792969
0 0.532813 0.541016 0.573438 0.539062 0.575000 0.652344 0.537500 0.652344
0 0.534375 0.281250 0.570312 0.277344 0.579688 0.384766 0.537500 0.390625
0 0.617188 0.015625 0.654687 0.013672 0.662500 0.117188 0.625000 0.121094
0 0.518750 0.128906 0.560937 0.126953 0.562500 0.236328 0.518750 0.236328
0 0.517188 0.000000 0.557813 0.000000 0.557813 0.105469 0.517188 0.107422
0 0.443750 0.451172 0.479687 0.445312 0.495312 0.554688 0.456250 0.566406
0 0.445312 0.318359 0.484375 0.310547 0.492188 0.419922 0.453125 0.423828
4 0.937500 0.064453 0.970313 0.060547 0.975000 0.171875 0.940625 0.173828
4 0.875000 0.023438 0.912500 0.011719 0.934375 0.150391 0.898438 0.156250
4 0.853125 0.044922 0.887500 0.042969 0.887500 0.138672 0.851562 0.138672
4 0.757812 0.087891 0.790625 0.083984 0.795312 0.166016 0.765625 0.167969
4 0.628125 0.472656 0.665625 0.468750 0.667188 0.568359 0.631250 0.572266
4 0.779687 0.511719 0.817187 0.509766 0.817187 0.611328 0.781250 0.613281
4 0.529687 0.410156 0.564063 0.406250 0.564063 0.505859 0.531250 0.507812
4 0.575000 0.144531 0.610938 0.144531 0.612500 0.240234 0.575000 0.240234
