0 0.685937 0.417969 0.726562 0.419922 0.725000 0.525391 0.687500 0.523438
0 0.464062 0.414062 0.506250 0.414062 0.501563 0.519531 0.462500 0.515625
0 0.692187 0.099609 0.725000 0.101562 0.726562 0.183594 0.692187 0.179688
0 0.164062 0.230469 0.231250 0.230469 0.232813 0.267578 0.160938 0.269531
4 0.781250 0.814453 0.817187 0.818359 0.815625 0.912109 0.782813 0.910156
4 0.760938 0.646484 0.795312 0.644531 0.795312 0.746094 0.753125 0.744141
4 0.900000 0.417969 0.965625 0.457031 0.953125 0.496094 0.887500 0.457031
0 0.532813 0.556641 0.571875 0.552734 0.571875 0.664062 0.532813 0.664062
0 0.526563 0.730469 0.565625 0.732422 0.560937 0.839844 0.526563 0.841797
0 0.573438 0.843750 0.617188 0.849609 0.609375 0.960938 0.565625 0.957031
0 0.676562 0.716797 0.721875 0.716797 0.717187 0.826172 0.678125 0.826172
0 0.864062 0.910156 0.957812 0.892578 0.962500 0.935547 0.865625 0.957031
0 0.864062 0.798828 0.951562 0.798828 0.951562 0.851562 0.860938 0.851562
0 0.882812 0.744141 0.937500 0.746094 0.937500 0.789062 0.882812 0.787109
0 0.884375 0.650391 0.975000 0.650391 0.975000 0.699219 0.884375 0.697266
0 0.873437 0.535156 0.956250 0.503906 0.970313 0.552734 0.884375 0.585938
0 0.876563 0.359375 0.948438 0.310547 0.965625 0.343750 0.895312 0.398438
2 0.820312 0.257812 0.909375 0.244141 0.914062 0.287109 0.828125 0.304688
0 0.770312 0.937500 0.809375 0.937500 0.809375 1.000000 0.770312 1.000000
0 0.537500 0.396484 0.581250 0.398438 0.578125 0.515625 0.534375 0.515625
0 0.768750 0.363281 0.804688 0.361328 0.806250 0.468750 0.771875 0.470703
4 0.887500 0.115234 0.971875 0.123047 0.970313 0.162109 0.885938 0.160156
4 0.781250 0.513672 0.818750 0.513672 0.817187 0.625000 0.782813 0.625000
4 0.526563 0.847656 0.562500 0.845703 0.559375 0.945312 0.525000 0.943359
