0 0.781250 0.818359 0.871875 0.800781 0.882812 0.853516 0.789062 0.875000
0 0.906250 0.267578 1.000000 0.248047 1.000000 0.292969 0.917188 0.328125
0 0.895312 0.357422 0.981250 0.337891 0.989062 0.380859 0.907813 0.406250
0 0.937500 0.517578 1.000000 0.501953 1.000000 0.558594 0.943750 0.574219
0 0.934375 0.658203 1.000000 0.642578 1.000000 0.689453 0.939063 0.705078
0 0.504687 0.744141 0.609375 0.712891 0.615625 0.777344 0.512500 0.796875
0 0.376563 0.896484 0.475000 0.878906 0.481250 0.935547 0.381250 0.951172
0 0.201563 0.865234 0.306250 0.857422 0.306250 0.921875 0.204687 0.925781
0 0.126562 0.791016 0.221875 0.777344 0.228125 0.835938 0.131250 0.849609
1 0.776563 0.548828 0.901563 0.525391 0.910937 0.585938 0.781250 0.617188
3 0.481250 0.595703 0.682813 0.562500 0.690625 0.630859 0.487500 0.667969
0 0.350000 0.628906 0.446875 0.609375 0.457813 0.667969 0.354687 0.687500
0 0.371875 0.541016 0.460938 0.525391 0.471875 0.578125 0.371875 0.595703
0 0.498437 0.513672 0.592187 0.501953 0.596875 0.554688 0.503125 0.570312
0 0.396875 0.457031 0.490625 0.443359 0.493750 0.496094 0.396875 0.515625
0 0.523438 0.421875 0.626563 0.400391 0.632812 0.458984 0.531250 0.478516
0 0.631250 0.488281 0.734375 0.470703 0.745313 0.519531 0.642188 0.542969
0 0.645312 0.406250 0.728125 0.390625 0.735938 0.435547 0.653125 0.457031
0 0.773438 0.464844 0.860938 0.447266 0.870313 0.494141 0.782813 0.517578
0 0.771875 0.390625 0.857812 0.375000 0.871875 0.423828 0.781250 0.445312
0 0.748437 0.302734 0.842187 0.283203 0.853125 0.333984 0.757812 0.357422
0 0.628125 0.324219 0.728125 0.306641 0.732812 0.357422 0.639062 0.376953
0 0.493750 0.355469 0.595313 0.335938 0.600000 0.384766 0.498437 0.400391
0 0.375000 0.375000 0.471875 0.363281 0.478125 0.412109 0.384375 0.431641
0 0.745313 0.218750 0.848437 0.193359 0.862500 0.250000 0.759375 0.271484
0 0.621875 0.238281 0.725000 0.218750 0.735938 0.273438 0.637500 0.298828
0 0.479687 0.263672 0.582812 0.246094 0.593750 0.304688 0.492188 0.322266
0 0.365625 0.289062 0.464062 0.269531 0.473438 0.324219 0.375000 0.343750
0 0.173437 0.080078 0.203125 0.048828 0.259375 0.130859 0.228125 0.158203
0 0.064062 0.214844 0.109375 0.226562 0.070312 0.341797 0.029687 0.322266
