0 0.500000 0.324219 0.604688 0.320312 0.610938 0.363281 0.507812 0.386719
0 0.370312 0.515625 0.471875 0.503906 0.481250 0.558594 0.379688 0.582031
0 0.503125 0.492188 0.601562 0.482422 0.610938 0.533203 0.512500 0.554688
0 0.640625 0.466797 0.746875 0.453125 0.754687 0.507812 0.642188 0.521484
0 0.781250 0.439453 0.873437 0.429688 0.881250 0.480469 0.793750 0.496094
0 0.907813 0.332031 0.990625 0.324219 0.996875 0.371094 0.912500 0.388672
0 0.790625 0.375000 0.868750 0.357422 0.878125 0.400391 0.796875 0.417969
0 0.653125 0.382812 0.740625 0.375000 0.748437 0.416016 0.664062 0.433594
0 0.528125 0.392578 0.635938 0.384766 0.640625 0.437500 0.534375 0.457031
0 0.403125 0.427734 0.500000 0.423828 0.510938 0.472656 0.404687 0.488281
0 0.381250 0.347656 0.481250 0.339844 0.489063 0.390625 0.385937 0.404297
0 0.632812 0.300781 0.737500 0.283203 0.750000 0.339844 0.646875 0.353516
0 0.764062 0.285156 0.853125 0.269531 0.860938 0.312500 0.768750 0.333984
0 0.917188 0.261719 1.000000 0.234375 1.000000 0.283203 0.921875 0.308594
0 0.904687 0.177734 1.000000 0.160156 1.000000 0.208984 0.914062 0.224609
0 0.754687 0.197266 0.865625 0.173828 0.873437 0.232422 0.764062 0.251953
0 0.637500 0.214844 0.732812 0.205078 0.740625 0.253906 0.640625 0.277344
0 0.496875 0.250000 0.590625 0.232422 0.598437 0.275391 0.506250 0.298828
0 0.370312 0.267578 0.476562 0.251953 0.484375 0.300781 0.379688 0.316406
0 0.082812 0.275391 0.132812 0.312500 0.087500 0.419922 0.042188 0.386719
0 0.079687 0.132812 0.123438 0.160156 0.089063 0.257812 0.051562 0.240234
0 0.940625 0.501953 1.000000 0.486328 1.000000 0.533203 0.951562 0.556641
3 0.103125 0.966797 0.318750 0.947266 0.317188 1.000000 0.104688 1.000000
0 0.639062 0.816406 0.743750 0.806641 0.750000 0.871094 0.643750 0.876953
0 0.442188 0.916016 0.551562 0.906250 0.557813 0.966797 0.448437 0.972656
0 0.118750 0.845703 0.207813 0.835938 0.214062 0.886719 0.115625 0.898438
0 0.446875 0.777344 0.537500 0.773438 0.540625 0.832031 0.451562 0.839844
0 0.667188 0.683594 0.770312 0.667969 0.776563 0.730469 0.675000 0.746094
1 0.785937 0.529297 0.915625 0.509766 0.925000 0.568359 0.792188 0.591797
3 0.492188 0.574219 0.695312 0.541016 0.709375 0.601562 0.496875 0.646484
0 0.354687 0.601562 0.459375 0.593750 0.465625 0.646484 0.359375 0.667969
