0 0.235937 0.878906 0.290625 0.812500 0.315625 0.849609 0.254688 0.906250
0 0.307812 0.810547 0.367188 0.755859 0.387500 0.787109 0.325000 0.837891
0 0.401562 0.792969 0.429688 0.775391 0.478125 0.867188 0.451562 0.884766
0 0.562500 0.654297 0.626563 0.609375 0.635938 0.642578 0.575000 0.681641
0 0.612500 0.476562 0.679688 0.412109 0.704688 0.441406 0.629687 0.511719
0 0.693750 0.394531 0.760938 0.326172 0.784375 0.361328 0.715625 0.427734
0 0.268750 0.998047 0.340625 0.931641 0.362500 0.964844 0.285938 1.000000
0 0.246875 0.933594 0.314063 0.875000 0.334375 0.910156 0.264062 0.966797
0 0.548438 0.787109 0.578125 0.771484 0.614062 0.871094 0.582812 0.886719
0 0.007812 0.945312 0.079687 0.880859 0.101562 0.910156 0.026562 0.982422
0 0.000000 0.791016 0.054688 0.880859 0.023438 0.900391 0.000000 0.814453
0 0.018750 0.783203 0.042188 0.757812 0.090625 0.833984 0.057813 0.861328
0 0.053125 0.742188 0.082812 0.716797 0.132812 0.802734 0.101562 0.826172
0 0.087500 0.691406 0.117188 0.666016 0.168750 0.751953 0.140625 0.777344
0 0.132812 0.654297 0.165625 0.625000 0.218750 0.716797 0.185938 0.746094
0 0.182812 0.626953 0.206250 0.609375 0.246875 0.671875 0.221875 0.693359
