0 0.215625 0.570312 0.315625 0.587891 0.306250 0.646484 0.204687 0.619141
0 0.226562 0.505859 0.318750 0.519531 0.310937 0.574219 0.218750 0.546875
0 0.248438 0.369141 0.334375 0.373047 0.329688 0.427734 0.243750 0.417969
0 0.254688 0.298828 0.345313 0.314453 0.340625 0.363281 0.248438 0.351562
0 0.151562 0.291016 0.234375 0.300781 0.226562 0.347656 0.148438 0.335938
0 0.906250 0.294922 0.959375 0.302734 0.939063 0.453125 0.892188 0.447266
0 0.767188 0.382812 0.878125 0.402344 0.876563 0.458984 0.759375 0.437500
0 0.776563 0.296875 0.884375 0.318359 0.879687 0.369141 0.770312 0.353516
0 0.778125 0.218750 0.889062 0.238281 0.881250 0.285156 0.773438 0.277344
0 0.804688 0.919922 0.909375 0.943359 0.906250 1.000000 0.796875 0.972656
0 0.790625 0.134766 0.898438 0.148438 0.893750 0.201172 0.784375 0.193359
0 0.575000 0.019531 0.693750 0.039062 0.682813 0.103516 0.567187 0.074219
0 0.671875 0.898438 0.781250 0.916016 0.781250 0.972656 0.665625 0.957031
0 0.475000 0.876953 0.589063 0.900391 0.584375 0.957031 0.468750 0.935547
0 0.185938 0.863281 0.276562 0.876953 0.273438 0.933594 0.176563 0.916016
0 0.207813 0.646484 0.295312 0.666016 0.293750 0.707031 0.200000 0.697266
0 0.684375 0.806641 0.790625 0.835938 0.787500 0.888672 0.675000 0.867188
0 0.481250 0.796875 0.589063 0.810547 0.585938 0.863281 0.476562 0.849609
0 0.489063 0.720703 0.603125 0.738281 0.603125 0.794922 0.479687 0.777344
0 0.495312 0.634766 0.600000 0.652344 0.593750 0.708984 0.487500 0.685547
0 0.507812 0.558594 0.625000 0.578125 0.618750 0.632812 0.498437 0.607422
0 0.514062 0.486328 0.631250 0.505859 0.623437 0.560547 0.507812 0.539062
0 0.521875 0.400391 0.637500 0.421875 0.632812 0.478516 0.514062 0.453125
0 0.525000 0.324219 0.625000 0.345703 0.617188 0.398438 0.518750 0.376953
0 0.539062 0.261719 0.642188 0.275391 0.637500 0.332031 0.532813 0.312500
0 0.543750 0.171875 0.660937 0.181641 0.656250 0.246094 0.539062 0.232422
0 0.559375 0.101562 0.664062 0.119141 0.662500 0.173828 0.554688 0.158203
