0 0.954688 0.320312 0.992188 0.314453 0.995313 0.414062 0.959375 0.417969
0 0.910937 0.318359 0.946875 0.316406 0.951562 0.425781 0.912500 0.423828
0 0.962500 0.427734 1.000000 0.425781 1.000000 0.523438 0.964063 0.527344
0 0.917188 0.429688 0.950000 0.423828 0.951562 0.529297 0.917188 0.533203
0 0.962500 0.646484 1.000000 0.638672 1.000000 0.744141 0.979688 0.753906
0 0.740625 0.794922 0.825000 0.781250 0.828125 0.830078 0.745313 0.847656
0 0.732812 0.658203 0.770312 0.658203 0.771875 0.767578 0.735938 0.765625
0 0.684375 0.662109 0.720313 0.658203 0.723437 0.755859 0.685937 0.761719
0 0.629687 0.664062 0.668750 0.660156 0.675000 0.767578 0.634375 0.777344
0 0.531250 0.640625 0.562500 0.656250 0.523438 0.757812 0.489063 0.740234
0 0.321875 0.654297 0.356250 0.664062 0.326562 0.773438 0.292187 0.757812
0 0.182812 0.660156 0.220312 0.662109 0.223438 0.775391 0.185938 0.771484
0 0.129688 0.658203 0.167187 0.662109 0.170313 0.781250 0.131250 0.781250
0 0.081250 0.658203 0.118750 0.660156 0.117188 0.783203 0.081250 0.783203
0 0.025000 0.724609 0.065625 0.720703 0.068750 0.835938 0.023438 0.841797
0 0.828125 0.074219 0.864062 0.072266 0.873437 0.181641 0.834375 0.187500
0 0.773438 0.224609 0.807813 0.199219 0.846875 0.296875 0.821875 0.320312
0 0.667188 0.228516 0.756250 0.230469 0.757812 0.271484 0.667188 0.277344
0 0.665625 0.298828 0.753125 0.283203 0.759375 0.330078 0.671875 0.345703
0 0.834375 0.355469 0.870313 0.355469 0.875000 0.468750 0.840625 0.472656
0 0.790625 0.375000 0.825000 0.375000 0.826562 0.488281 0.789062 0.488281
0 0.742188 0.373047 0.776563 0.371094 0.778125 0.484375 0.742188 0.480469
0 0.696875 0.365234 0.732812 0.367188 0.734375 0.476562 0.695312 0.476562
0 0.646875 0.369141 0.682813 0.369141 0.685937 0.482422 0.648438 0.484375
0 0.598437 0.375000 0.631250 0.375000 0.632812 0.480469 0.600000 0.480469
0 0.496875 0.519531 0.575000 0.511719 0.581250 0.558594 0.498437 0.568359
0 0.496875 0.460938 0.589063 0.455078 0.590625 0.492188 0.498437 0.507812
0 0.489063 0.410156 0.571875 0.400391 0.575000 0.443359 0.489063 0.447266
0 0.500000 0.343750 0.582812 0.332031 0.585938 0.371094 0.501563 0.382812
0 0.498437 0.275391 0.582812 0.271484 0.587500 0.316406 0.496875 0.322266
0 0.453125 0.269531 0.490625 0.269531 0.484375 0.386719 0.451562 0.388672
0 0.493750 0.167969 0.589063 0.154297 0.592187 0.201172 0.493750 0.210938
0 0.450000 0.101562 0.487500 0.105469 0.481250 0.218750 0.445312 0.212891
0 0.337500 0.000000 0.373437 0.000000 0.418750 0.037109 0.379688 0.072266
0 0.142187 0.134766 0.223438 0.162109 0.212500 0.203125 0.126562 0.173828
0 0.278125 0.468750 0.351562 0.462891 0.353125 0.501953 0.278125 0.511719
0 0.268750 0.408203 0.356250 0.404297 0.356250 0.449219 0.267188 0.455078
0 0.268750 0.347656 0.340625 0.339844 0.345313 0.376953 0.267188 0.390625
0 0.218750 0.398438 0.254688 0.402344 0.254688 0.509766 0.215625 0.507812
0 0.164062 0.400391 0.200000 0.400391 0.209375 0.507812 0.173437 0.513672
0 0.115625 0.408203 0.150000 0.402344 0.159375 0.505859 0.123438 0.513672
0 0.007812 0.531250 0.103125 0.527344 0.107813 0.572266 0.009375 0.578125
0 0.071875 0.408203 0.104688 0.400391 0.112500 0.507812 0.071875 0.511719
0 0.025000 0.406250 0.062500 0.406250 0.067187 0.521484 0.026562 0.525391
