0 0.740625 0.210938 0.832812 0.210938 0.834375 0.253906 0.740625 0.255859
0 0.912500 0.058594 0.943750 0.058594 0.948438 0.167969 0.915625 0.169922
0 0.854688 0.201172 0.885938 0.185547 0.926562 0.283203 0.896875 0.302734
0 0.740625 0.277344 0.823438 0.265625 0.834375 0.306641 0.745313 0.324219
0 0.912500 0.339844 0.945312 0.337891 0.950000 0.455078 0.914062 0.458984
0 0.864062 0.353516 0.900000 0.355469 0.900000 0.466797 0.860938 0.468750
0 0.818750 0.357422 0.850000 0.357422 0.853125 0.464844 0.817187 0.464844
0 0.771875 0.351562 0.810937 0.351562 0.807813 0.458984 0.768750 0.458984
0 0.721875 0.355469 0.754687 0.351562 0.759375 0.462891 0.723437 0.464844
0 0.673438 0.357422 0.707812 0.353516 0.709375 0.460938 0.673438 0.460938
0 0.806250 0.642578 0.840625 0.642578 0.839063 0.730469 0.806250 0.736328
0 0.759375 0.642578 0.792188 0.640625 0.793750 0.736328 0.759375 0.740234
0 0.704688 0.644531 0.737500 0.642578 0.742188 0.744141 0.704688 0.744141
0 0.604688 0.615234 0.632812 0.638672 0.596875 0.742188 0.560937 0.724609
0 0.396875 0.630859 0.428125 0.644531 0.401562 0.748047 0.368750 0.732422
0 0.259375 0.632812 0.296875 0.636719 0.293750 0.742188 0.259375 0.742188
0 0.206250 0.636719 0.243750 0.634766 0.239063 0.744141 0.204687 0.742188
0 0.153125 0.630859 0.198437 0.632812 0.189062 0.753906 0.154688 0.753906
0 0.103125 0.689453 0.137500 0.689453 0.140625 0.812500 0.100000 0.814453
0 0.085938 0.503906 0.181250 0.500000 0.181250 0.544922 0.085938 0.552734
0 0.103125 0.378906 0.137500 0.376953 0.143750 0.492188 0.103125 0.494141
0 0.146875 0.378906 0.181250 0.378906 0.185938 0.482422 0.150000 0.484375
0 0.190625 0.378906 0.220312 0.378906 0.234375 0.482422 0.196875 0.482422
0 0.242188 0.375000 0.273438 0.376953 0.282813 0.484375 0.246875 0.486328
0 0.293750 0.376953 0.328125 0.376953 0.326562 0.484375 0.285938 0.484375
0 0.351562 0.447266 0.425000 0.443359 0.426563 0.478516 0.351562 0.486328
0 0.342187 0.384766 0.428125 0.376953 0.428125 0.421875 0.340625 0.431641
0 0.342187 0.322266 0.418750 0.316406 0.420312 0.355469 0.343750 0.365234
0 0.571875 0.494141 0.646875 0.486328 0.656250 0.537109 0.573438 0.546875
0 0.570312 0.437500 0.660937 0.427734 0.667188 0.474609 0.575000 0.486328
0 0.565625 0.384766 0.648438 0.378906 0.648438 0.423828 0.567187 0.423828
0 0.576562 0.316406 0.657813 0.310547 0.659375 0.353516 0.576562 0.363281
0 0.575000 0.248047 0.659375 0.246094 0.662500 0.292969 0.571875 0.298828
0 0.526563 0.246094 0.568750 0.248047 0.559375 0.365234 0.525000 0.367188
0 0.571875 0.144531 0.662500 0.128906 0.665625 0.173828 0.576562 0.193359
0 0.526563 0.083984 0.564063 0.089844 0.557813 0.193359 0.521875 0.193359
0 0.220312 0.107422 0.303125 0.138672 0.293750 0.171875 0.203125 0.142578
