0 0.435937 0.550781 0.520312 0.544922 0.523438 0.587891 0.434375 0.595703
0 0.268750 0.021484 0.301563 0.021484 0.309375 0.132812 0.275000 0.138672
0 0.367188 0.015625 0.403125 0.007812 0.412500 0.125000 0.371875 0.130859
0 0.415625 0.011719 0.500000 0.013672 0.501563 0.056641 0.409375 0.054688
0 0.639062 0.017578 0.726562 0.007812 0.729688 0.048828 0.640625 0.056641
0 0.643750 0.072266 0.729688 0.066406 0.734375 0.107422 0.640625 0.121094
0 0.770312 0.101562 0.851562 0.041016 0.870313 0.078125 0.795312 0.138672
0 0.879687 0.115234 0.971875 0.097656 0.976562 0.138672 0.885938 0.158203
0 0.653125 0.136719 0.742188 0.119141 0.746875 0.160156 0.653125 0.175781
0 0.609375 0.230469 0.687500 0.218750 0.690625 0.257812 0.612500 0.267578
0 0.701562 0.214844 0.779687 0.212891 0.779687 0.251953 0.701562 0.253906
0 0.446875 0.298828 0.526563 0.294922 0.526563 0.337891 0.446875 0.341797
0 0.620313 0.283203 0.692187 0.277344 0.695312 0.316406 0.617188 0.328125
0 0.704688 0.271484 0.781250 0.267578 0.782813 0.308594 0.703125 0.314453
0 0.703125 0.332031 0.779687 0.322266 0.785937 0.373047 0.706250 0.375000
0 0.434375 0.361328 0.525000 0.355469 0.525000 0.404297 0.437500 0.412109
0 0.439063 0.433594 0.531250 0.419922 0.532813 0.458984 0.442188 0.478516
0 0.609375 0.410156 0.695312 0.396484 0.701562 0.439453 0.614062 0.453125
0 0.707812 0.390625 0.801562 0.382812 0.806250 0.427734 0.710938 0.435547
0 0.618750 0.468750 0.706250 0.457031 0.712500 0.501953 0.621875 0.519531
0 0.717187 0.457031 0.795312 0.449219 0.796875 0.492188 0.720313 0.498047
0 0.717187 0.519531 0.806250 0.505859 0.809375 0.552734 0.720313 0.562500
0 0.729688 0.583984 0.818750 0.570312 0.821875 0.607422 0.734375 0.626953
0 0.737500 0.642578 0.831250 0.632812 0.834375 0.681641 0.745313 0.687500
0 0.914062 0.695312 0.953125 0.685547 0.967187 0.810547 0.926562 0.816406
0 0.743750 0.771484 0.821875 0.763672 0.828125 0.808594 0.746875 0.816406
0 0.632812 0.779297 0.728125 0.771484 0.732812 0.822266 0.637500 0.833984
0 0.640625 0.716797 0.721875 0.712891 0.721875 0.759766 0.643750 0.761719
0 0.640625 0.648438 0.723437 0.648438 0.728125 0.697266 0.634375 0.699219
0 0.625000 0.595703 0.715625 0.580078 0.720313 0.628906 0.629687 0.640625
0 0.620313 0.527344 0.707812 0.525391 0.709375 0.572266 0.617188 0.578125
0 0.435937 0.492188 0.529687 0.480469 0.529687 0.527344 0.440625 0.537109
0 0.456250 0.605469 0.532813 0.597656 0.532813 0.646484 0.456250 0.646484
0 0.448437 0.662109 0.540625 0.656250 0.540625 0.705078 0.446875 0.705078
0 0.484375 0.904297 0.571875 0.892578 0.575000 0.945312 0.479687 0.955078
0 0.478125 0.966797 0.573438 0.960938 0.576562 1.000000 0.479687 1.000000
