0 0.431250 0.269531 0.457813 0.292969 0.409375 0.388672 0.379688 0.363281
0 0.234375 0.492188 0.264062 0.513672 0.228125 0.593750 0.200000 0.580078
0 0.928125 0.847656 1.000000 0.917969 1.000000 0.972656 0.900000 0.894531
0 0.885938 0.904297 0.995313 0.984375 0.975000 1.000000 0.865625 0.951172
0 0.967187 0.115234 1.000000 0.148438 0.953125 0.248047 0.917188 0.216797
0 0.801562 0.267578 0.889062 0.335938 0.867188 0.382812 0.778125 0.312500
0 0.039062 0.357422 0.070312 0.380859 0.020313 0.458984 0.000000 0.429688
0 0.081250 0.376953 0.114062 0.396484 0.065625 0.482422 0.032813 0.462891
0 0.118750 0.402344 0.153125 0.429688 0.106250 0.511719 0.076563 0.484375
0 0.167187 0.423828 0.193750 0.447266 0.142187 0.544922 0.117188 0.521484
0 0.198437 0.443359 0.235937 0.460938 0.193750 0.560547 0.159375 0.542969
0 0.759375 0.322266 0.864062 0.398438 0.839063 0.443359 0.739062 0.367188
0 0.626563 0.609375 0.729688 0.683594 0.710938 0.726562 0.606250 0.654297
0 0.584375 0.681641 0.681250 0.748047 0.657813 0.796875 0.565625 0.722656
0 0.350000 0.746094 0.375000 0.773438 0.325000 0.876953 0.293750 0.851562
0 0.039062 0.097656 0.078125 0.095703 0.082812 0.207031 0.043750 0.214844
0 0.342187 0.291016 0.376563 0.308594 0.332813 0.402344 0.300000 0.382812
0 0.485938 0.144531 0.512500 0.164062 0.467187 0.259766 0.437500 0.246094
0 0.714063 0.076172 0.743750 0.095703 0.710938 0.181641 0.676562 0.160156
