0 0.453125 0.820312 0.482812 0.826172 0.481250 0.933594 0.445312 0.933594
0 0.807813 0.873047 0.837500 0.875000 0.839063 0.992188 0.801562 0.992188
0 0.809375 0.746094 0.843750 0.746094 0.843750 0.863281 0.804688 0.861328
0 0.473438 0.439453 0.506250 0.445312 0.496875 0.558594 0.460938 0.556641
0 0.815625 0.609375 0.853125 0.611328 0.846875 0.716797 0.812500 0.718750
0 0.826562 0.457031 0.864062 0.460938 0.856250 0.580078 0.815625 0.576172
0 0.835938 0.332031 0.867188 0.333984 0.867188 0.429688 0.832812 0.427734
0 0.484375 0.312500 0.523438 0.320312 0.515625 0.431641 0.471875 0.433594
0 0.839063 0.189453 0.878125 0.189453 0.870313 0.298828 0.840625 0.298828
0 0.851562 0.046875 0.885938 0.048828 0.876563 0.148438 0.843750 0.146484
0 0.492188 0.179688 0.525000 0.183594 0.521875 0.291016 0.485938 0.291016
0 0.503125 0.048828 0.534375 0.054688 0.528125 0.169922 0.490625 0.162109
