0 0.517188 0.396484 0.592187 0.343750 0.607812 0.382812 0.537500 0.439453
0 0.267188 0.326172 0.350000 0.283203 0.368750 0.322266 0.285938 0.375000
0 0.346875 0.490234 0.434375 0.443359 0.450000 0.486328 0.359375 0.531250
0 0.092188 0.769531 0.125000 0.751953 0.150000 0.851562 0.115625 0.863281
0 0.873437 0.123047 0.951562 0.078125 0.964063 0.119141 0.885938 0.167969
0 0.023438 0.671875 0.057813 0.666016 0.076563 0.771484 0.035937 0.783203
0 0.060937 0.636719 0.095312 0.630859 0.115625 0.740234 0.081250 0.757812
0 0.134375 0.623047 0.170313 0.611328 0.193750 0.714844 0.156250 0.728516
0 0.782813 0.267578 0.867188 0.250000 0.873437 0.294922 0.792188 0.310547
0 0.659375 0.292969 0.746875 0.269531 0.762500 0.316406 0.670312 0.343750
0 0.615625 0.492188 0.643750 0.484375 0.662500 0.576172 0.631250 0.583984
0 0.631250 0.392578 0.668750 0.376953 0.681250 0.470703 0.648438 0.480469
