0 0.320312 0.521484 0.393750 0.455078 0.418750 0.492188 0.345313 0.554688
0 0.421875 0.537109 0.501563 0.468750 0.531250 0.509766 0.446875 0.587891
0 0.462500 0.593750 0.542188 0.519531 0.571875 0.570312 0.484375 0.638672
0 0.562500 0.621094 0.606250 0.626953 0.603125 0.753906 0.567187 0.753906
0 0.490625 0.669922 0.526563 0.648438 0.565625 0.750000 0.529687 0.773438
0 0.640625 0.609375 0.667188 0.580078 0.737500 0.667969 0.704688 0.703125
0 0.621875 0.449219 0.673438 0.468750 0.646875 0.589844 0.598437 0.582031
0 0.731250 0.451172 0.762500 0.419922 0.795312 0.505859 0.768750 0.533203
0 0.617188 0.021484 0.704688 0.078125 0.687500 0.128906 0.598437 0.082031
0 0.743750 0.154297 0.779687 0.179688 0.740625 0.275391 0.704688 0.248047
0 0.565625 0.283203 0.651563 0.220703 0.673438 0.267578 0.589063 0.333984
0 0.587500 0.359375 0.660937 0.285156 0.689063 0.320312 0.621875 0.412109
0 0.976562 0.011719 1.000000 0.042969 1.000000 0.076172 0.965625 0.041016
0 0.939063 0.382812 0.981250 0.384766 0.981250 0.494141 0.943750 0.494141
0 0.946875 0.783203 1.000000 0.718750 1.000000 0.755859 0.971875 0.826172
0 0.921875 0.720703 0.996875 0.660156 1.000000 0.697266 0.946875 0.755859
3 0.909375 0.589844 0.984375 0.525391 0.996875 0.568359 0.928125 0.621094
0 0.906250 0.667969 0.976562 0.587891 1.000000 0.638672 0.928125 0.703125
4 0.642188 0.000000 0.717187 0.025391 0.701562 0.074219 0.629687 0.037109
0 0.821875 0.435547 0.862500 0.416016 0.896875 0.521484 0.859375 0.544922
0 0.079687 0.966797 0.157812 1.000000 0.148438 1.000000 0.068750 1.000000
0 0.801562 0.000000 0.845313 0.025391 0.803125 0.138672 0.762500 0.105469
0 0.103125 0.882812 0.187500 0.923828 0.179688 0.982422 0.084375 0.939453
0 0.179688 0.878906 0.214062 0.873047 0.221875 0.976562 0.187500 0.978516
0 0.229687 0.820312 0.325000 0.837891 0.317188 0.886719 0.223438 0.869141
0 0.359375 0.767578 0.428125 0.826172 0.409375 0.873047 0.337500 0.814453
0 0.393750 0.757812 0.420312 0.726562 0.471875 0.820312 0.437500 0.849609
0 0.460938 0.697266 0.518750 0.792969 0.487500 0.822266 0.432812 0.734375
0 0.295312 0.755859 0.379688 0.714844 0.390625 0.755859 0.303125 0.796875
0 0.039062 0.570312 0.073438 0.535156 0.134375 0.648438 0.092188 0.669922
0 0.000000 0.599609 0.023438 0.582031 0.068750 0.675781 0.031250 0.701172
0 0.100000 0.529297 0.129688 0.501953 0.179688 0.599609 0.146875 0.625000
0 0.179688 0.441406 0.248438 0.521484 0.225000 0.562500 0.151562 0.484375
0 0.212500 0.435547 0.243750 0.412109 0.287500 0.501953 0.260937 0.527344
0 0.256250 0.396484 0.290625 0.363281 0.334375 0.472656 0.304688 0.496094
0 0.304688 0.384766 0.332813 0.359375 0.379688 0.445312 0.351562 0.468750
0 0.335938 0.335938 0.368750 0.310547 0.428125 0.406250 0.393750 0.439453
0 0.432812 0.308594 0.496875 0.361328 0.481250 0.392578 0.414062 0.339844
0 0.457813 0.253906 0.534375 0.306641 0.517188 0.349609 0.442188 0.296875
