2 0.381250 0.078125 0.404687 0.103516 0.337500 0.195312 0.314063 0.166016
2 0.289062 0.453125 0.314063 0.480469 0.248438 0.576172 0.221875 0.546875
2 0.307812 0.171875 0.331250 0.199219 0.267188 0.287109 0.242188 0.259766
2 0.393750 0.068359 0.459375 0.000000 0.485938 0.000000 0.418750 0.093750
0 0.871875 0.658203 0.895312 0.628906 0.962500 0.703125 0.942187 0.736328
0 0.928125 0.589844 0.995313 0.662109 0.975000 0.695312 0.907813 0.619141
0 0.959375 0.546875 1.000000 0.617188 1.000000 0.652344 0.937500 0.578125
0 0.923438 0.421875 0.985938 0.488281 0.964063 0.521484 0.900000 0.455078
0 0.887500 0.462891 0.953125 0.537109 0.931250 0.566406 0.865625 0.494141
0 0.853125 0.503906 0.918750 0.576172 0.895312 0.609375 0.831250 0.537109
0 0.820312 0.548828 0.885938 0.621094 0.862500 0.654297 0.798438 0.580078
0 0.787500 0.587891 0.850000 0.660156 0.828125 0.691406 0.765625 0.619141
0 0.859375 0.416016 0.884375 0.443359 0.828125 0.525391 0.803125 0.498047
0 0.792188 0.501953 0.817187 0.527344 0.759375 0.609375 0.734375 0.582031
0 0.720313 0.593750 0.748437 0.621094 0.689063 0.703125 0.662500 0.669922
0 0.650000 0.677734 0.675000 0.703125 0.618750 0.785156 0.593750 0.761719
0 0.865625 0.669922 0.931250 0.746094 0.910937 0.777344 0.843750 0.701172
0 0.734375 0.658203 0.759375 0.628906 0.823438 0.699219 0.796875 0.730469
0 0.826562 0.708984 0.893750 0.785156 0.871875 0.814453 0.807813 0.736328
0 0.721875 0.675781 0.785937 0.744141 0.764062 0.779297 0.700000 0.707031
0 0.796875 0.753906 0.864062 0.826172 0.845313 0.859375 0.776563 0.785156
0 0.667188 0.746094 0.690625 0.716797 0.751563 0.792969 0.731250 0.824219
0 0.748437 0.830078 0.771875 0.800781 0.835938 0.878906 0.817187 0.912109
0 0.651563 0.761719 0.720313 0.832031 0.700000 0.865234 0.629687 0.792969
0 0.729688 0.837891 0.796875 0.916016 0.775000 0.947266 0.709375 0.869141
0 0.684375 0.904297 0.706250 0.878906 0.768750 0.962891 0.745313 0.990234
0 0.648438 0.955078 0.673438 0.927734 0.732812 1.000000 0.709375 1.000000
0 0.595313 0.841797 0.620313 0.812500 0.684375 0.890625 0.659375 0.919922
0 0.582812 0.771484 0.607812 0.796875 0.553125 0.880859 0.526563 0.853516
0 0.550000 0.898438 0.617188 0.978516 0.595313 1.000000 0.528125 0.929688
0 0.489063 0.980469 0.514062 0.949219 0.570312 1.000000 0.545312 1.000000
0 0.401562 0.904297 0.428125 0.933594 0.368750 1.000000 0.340625 0.986328
0 0.468750 0.822266 0.495312 0.847656 0.435937 0.927734 0.410938 0.896484
0 0.535937 0.736328 0.560937 0.765625 0.504687 0.843750 0.476562 0.814453
0 0.600000 0.652344 0.623437 0.681641 0.568750 0.759766 0.542188 0.732422
0 0.665625 0.572266 0.690625 0.599609 0.631250 0.675781 0.607812 0.648438
0 0.734375 0.486328 0.760938 0.509766 0.703125 0.591797 0.676562 0.562500
0 0.807813 0.394531 0.832812 0.425781 0.771875 0.501953 0.746875 0.472656
0 0.748437 0.287109 0.773438 0.255859 0.835938 0.326172 0.814063 0.357422
0 0.717187 0.330078 0.742188 0.300781 0.804688 0.373047 0.782813 0.406250
0 0.685937 0.375000 0.710938 0.345703 0.771875 0.416016 0.748437 0.445312
0 0.645312 0.419922 0.668750 0.390625 0.734375 0.460938 0.712500 0.494141
0 0.635938 0.431641 0.700000 0.505859 0.679688 0.535156 0.614062 0.462891
0 0.548438 0.533203 0.573438 0.507812 0.631250 0.582031 0.607812 0.613281
0 0.514062 0.578125 0.537500 0.548828 0.600000 0.619141 0.579688 0.648438
0 0.503125 0.587891 0.567187 0.658203 0.548438 0.689453 0.482812 0.619141
0 0.473438 0.630859 0.539062 0.703125 0.517188 0.732422 0.454688 0.662109
0 0.439063 0.667969 0.504687 0.736328 0.485938 0.769531 0.417187 0.699219
0 0.385937 0.751953 0.407813 0.724609 0.471875 0.798828 0.450000 0.830078
0 0.348438 0.792969 0.371875 0.763672 0.434375 0.835938 0.414062 0.865234
0 0.340625 0.802734 0.403125 0.880859 0.378125 0.912109 0.317188 0.833984
0 0.282813 0.865234 0.306250 0.837891 0.365625 0.914062 0.343750 0.943359
0 0.248438 0.906250 0.271875 0.876953 0.334375 0.953125 0.314063 0.984375
0 0.210938 0.943359 0.235937 0.916016 0.301563 0.994141 0.278125 1.000000
0 0.204687 0.958984 0.254688 1.000000 0.229687 1.000000 0.179688 0.992188
0 0.129688 0.878906 0.154688 0.847656 0.212500 0.925781 0.187500 0.957031
0 0.170313 0.824219 0.198437 0.792969 0.254688 0.875000 0.229687 0.906250
0 0.207813 0.791016 0.232813 0.759766 0.293750 0.837891 0.267188 0.867188
0 0.264062 0.724609 0.326562 0.794922 0.304688 0.828125 0.242188 0.755859
0 0.293750 0.681641 0.356250 0.753906 0.332813 0.783203 0.273438 0.712891
0 0.350000 0.625000 0.417187 0.689453 0.396875 0.720703 0.329688 0.660156
0 0.384375 0.574219 0.450000 0.640625 0.428125 0.671875 0.364063 0.609375
0 0.404687 0.546875 0.428125 0.517578 0.487500 0.587891 0.465625 0.615234
0 0.440625 0.505859 0.464062 0.476562 0.525000 0.548828 0.503125 0.578125
0 0.500000 0.431641 0.557813 0.498047 0.537500 0.529297 0.476562 0.462891
0 0.506250 0.416016 0.528125 0.388672 0.590625 0.458984 0.570312 0.486328
0 0.540625 0.376953 0.564063 0.347656 0.625000 0.416016 0.601562 0.447266
0 0.596875 0.304688 0.651563 0.376953 0.628125 0.404297 0.573438 0.337891
0 0.604688 0.294922 0.628125 0.267578 0.687500 0.335938 0.664062 0.365234
0 0.637500 0.255859 0.660937 0.226562 0.720313 0.300781 0.696875 0.330078
0 0.673438 0.205078 0.701562 0.175781 0.759375 0.253906 0.732812 0.283203
0 0.593750 0.224609 0.620313 0.253906 0.567187 0.335938 0.537500 0.304688
0 0.596875 0.148438 0.620313 0.177734 0.557813 0.253906 0.535937 0.224609
0 0.526563 0.238281 0.551562 0.263672 0.495312 0.341797 0.468750 0.314453
0 0.531250 0.310547 0.556250 0.335938 0.500000 0.414062 0.475000 0.384766
0 0.465625 0.392578 0.490625 0.421875 0.432812 0.496094 0.410938 0.466797
0 0.457813 0.322266 0.482812 0.347656 0.428125 0.425781 0.404687 0.400391
0 0.403125 0.472656 0.428125 0.498047 0.370312 0.578125 0.345313 0.546875
0 0.393750 0.408203 0.420312 0.435547 0.362500 0.513672 0.337500 0.488281
0 0.337500 0.554688 0.362500 0.582031 0.306250 0.662109 0.279687 0.630859
0 0.271875 0.634766 0.296875 0.664062 0.237500 0.738281 0.212500 0.710938
0 0.237500 0.601562 0.260937 0.628906 0.203125 0.707031 0.178125 0.675781
0 0.153125 0.626953 0.214062 0.554688 0.239063 0.583984 0.176563 0.660156
0 0.365625 0.359375 0.390625 0.384766 0.329688 0.460938 0.309375 0.431641
0 0.431250 0.265625 0.457813 0.292969 0.400000 0.369141 0.376563 0.345703
0 0.507812 0.179688 0.531250 0.207031 0.473438 0.279297 0.450000 0.251953
0 0.543750 0.140625 0.604688 0.070312 0.626563 0.097656 0.567187 0.171875
0 0.510938 0.005859 0.535937 0.000000 0.596875 0.048828 0.573438 0.078125
0 0.475000 0.050781 0.500000 0.023438 0.554688 0.099609 0.532813 0.125000
0 0.443750 0.087891 0.467187 0.060547 0.529687 0.136719 0.506250 0.166016
0 0.439063 0.103516 0.500000 0.175781 0.479687 0.205078 0.417187 0.132812
0 0.384375 0.167969 0.407813 0.138672 0.468750 0.210938 0.446875 0.238281
0 0.346875 0.191406 0.370312 0.166016 0.429688 0.242188 0.407813 0.269531
0 0.334375 0.210938 0.396875 0.281250 0.378125 0.310547 0.312500 0.240234
0 0.307812 0.261719 0.368750 0.322266 0.348438 0.355469 0.287500 0.291016
0 0.271875 0.306641 0.331250 0.373047 0.309375 0.402344 0.248438 0.337891
0 0.243750 0.347656 0.303125 0.421875 0.284375 0.449219 0.220312 0.378906
0 0.184375 0.417969 0.209375 0.390625 0.270313 0.460938 0.248438 0.494141
0 0.170313 0.433594 0.239063 0.503906 0.217188 0.535156 0.151562 0.464844
0 0.120313 0.498047 0.145313 0.470703 0.201563 0.542969 0.175000 0.570312
0 0.089063 0.537109 0.114062 0.513672 0.167187 0.585938 0.145313 0.611328
0 0.046875 0.572266 0.068750 0.546875 0.126562 0.625000 0.100000 0.650391
0 0.143750 0.791016 0.204687 0.716797 0.228125 0.746094 0.167187 0.822266
0 0.165625 0.675781 0.189062 0.707031 0.131250 0.789062 0.106250 0.759766
0 0.075000 0.738281 0.131250 0.816406 0.109375 0.841797 0.053125 0.767578
0 0.031250 0.781250 0.092188 0.857422 0.070312 0.886719 0.009375 0.812500
0 0.035937 0.597656 0.095312 0.673828 0.071875 0.705078 0.012500 0.632812
0 0.004687 0.437500 0.071875 0.517578 0.046875 0.546875 0.000000 0.470703
0 0.017188 0.414062 0.040625 0.390625 0.092188 0.464844 0.070312 0.490234
0 0.056250 0.349609 0.117188 0.412109 0.100000 0.441406 0.035937 0.378906
0 0.085938 0.318359 0.146875 0.378906 0.129688 0.408203 0.068750 0.343750
0 0.104688 0.281250 0.164062 0.341797 0.145313 0.369141 0.085938 0.312500
1 0.156250 0.251953 0.228125 0.337891 0.207813 0.367188 0.129688 0.287109
0 0.164062 0.238281 0.185938 0.210938 0.246875 0.283203 0.228125 0.310547
0 0.250000 0.000000 0.270313 0.000000 0.334375 0.031250 0.314063 0.060547
0 0.201563 0.021484 0.221875 0.000000 0.284375 0.060547 0.265625 0.085938
0 0.193750 0.042969 0.256250 0.117188 0.232813 0.144531 0.170313 0.074219
0 0.167187 0.093750 0.228125 0.162109 0.207813 0.193359 0.146875 0.121094
0 0.000000 0.277344 0.051562 0.335938 0.031250 0.367188 0.000000 0.308594
0 0.012500 0.212891 0.078125 0.285156 0.054688 0.318359 0.000000 0.248047
0 0.093750 0.150391 0.115625 0.125000 0.175000 0.195312 0.154688 0.222656
0 0.043750 0.183594 0.068750 0.152344 0.140625 0.240234 0.117188 0.271484
0 0.078125 0.019531 0.100000 0.000000 0.167187 0.056641 0.146875 0.085938
0 0.026562 0.056641 0.051562 0.033203 0.109375 0.111328 0.085938 0.136719
