2 0.489063 0.117188 0.515625 0.091797 0.568750 0.191406 0.546875 0.212891
2 0.714063 0.181641 0.742188 0.154297 0.801562 0.251953 0.775000 0.277344
2 0.423438 0.009766 0.451562 0.000000 0.506250 0.082031 0.482812 0.105469
0 1.000000 0.005859 1.000000 0.037109 0.970313 0.105469 0.946875 0.072266
0 0.906250 0.021484 0.970313 0.000000 0.998437 0.000000 0.934375 0.056641
0 0.784375 0.025391 0.840625 0.000000 0.865625 0.000000 0.806250 0.052734
0 0.823438 0.083984 0.887500 0.005859 0.912500 0.037109 0.845313 0.115234
0 0.854688 0.132812 0.920312 0.054688 0.950000 0.076172 0.881250 0.164062
0 0.892188 0.201172 0.965625 0.138672 0.987500 0.171875 0.910937 0.244141
0 0.918750 0.253906 0.996875 0.181641 1.000000 0.214844 0.945312 0.285156
0 0.945312 0.296875 1.000000 0.230469 1.000000 0.263672 0.968750 0.333984
0 0.909375 0.322266 0.935937 0.296875 0.990625 0.382812 0.965625 0.412109
0 0.821875 0.263672 0.848437 0.240234 0.900000 0.326172 0.873437 0.349609
0 0.857812 0.230469 0.882812 0.203125 0.932813 0.287109 0.907813 0.312500
0 0.798438 0.136719 0.826562 0.109375 0.881250 0.193359 0.853125 0.222656
0 0.745313 0.041016 0.771875 0.015625 0.825000 0.101562 0.796875 0.128906
0 0.690625 0.041016 0.720313 0.015625 0.773438 0.103516 0.745313 0.128906
0 0.584375 0.000000 0.610938 0.000000 0.660937 0.031250 0.634375 0.056641
0 0.645312 0.070312 0.670312 0.046875 0.723437 0.132812 0.696875 0.156250
0 0.781250 0.289062 0.809375 0.265625 0.857812 0.351562 0.832812 0.376953
0 0.871875 0.367188 0.900000 0.337891 0.954688 0.419922 0.929688 0.447266
0 0.731250 0.410156 0.793750 0.353516 0.812500 0.384766 0.746875 0.439453
0 0.703125 0.367188 0.762500 0.310547 0.782813 0.339844 0.720313 0.398438
0 0.676562 0.324219 0.740625 0.257812 0.762500 0.291016 0.695312 0.355469
0 0.645312 0.273438 0.712500 0.208984 0.734375 0.242188 0.665625 0.306641
0 0.618750 0.482422 0.681250 0.431641 0.698438 0.460938 0.632812 0.513672
0 0.592187 0.455078 0.645312 0.394531 0.667188 0.419922 0.610938 0.482422
0 0.568750 0.416016 0.626563 0.351562 0.643750 0.375000 0.587500 0.441406
0 0.542188 0.388672 0.600000 0.326172 0.618750 0.349609 0.560937 0.414062
1 0.532813 0.314453 0.604688 0.246094 0.626563 0.275391 0.554688 0.349609
0 0.498437 0.277344 0.564063 0.210938 0.584375 0.242188 0.517188 0.308594
0 0.617188 0.230469 0.684375 0.160156 0.704688 0.191406 0.637500 0.259766
0 0.592187 0.181641 0.648438 0.123047 0.670312 0.154297 0.610938 0.210938
0 0.560937 0.132812 0.617188 0.070312 0.637500 0.099609 0.582812 0.162109
0 0.525000 0.091797 0.587500 0.023438 0.609375 0.054688 0.545312 0.123047
0 0.492188 0.035156 0.560937 0.000000 0.581250 0.009766 0.510938 0.072266
0 0.245312 0.246094 0.312500 0.187500 0.334375 0.216797 0.262500 0.279297
0 0.221875 0.201172 0.304688 0.130859 0.326562 0.160156 0.243750 0.232422
0 0.196875 0.142578 0.265625 0.080078 0.285938 0.115234 0.215625 0.179688
0 0.154688 0.037109 0.218750 0.000000 0.237500 0.005859 0.173437 0.066406
0 0.176563 0.089844 0.239063 0.027344 0.262500 0.058594 0.196875 0.119141
0 0.271875 0.072266 0.346875 0.005859 0.370312 0.041016 0.296875 0.109375
0 0.315625 0.123047 0.378125 0.060547 0.401562 0.091797 0.335938 0.154297
0 0.328125 0.197266 0.390625 0.126953 0.414062 0.158203 0.353125 0.228516
0 0.367188 0.240234 0.429688 0.177734 0.450000 0.210938 0.387500 0.271484
0 0.282813 0.285156 0.342187 0.224609 0.364063 0.253906 0.303125 0.316406
0 0.401562 0.281250 0.465625 0.220703 0.484375 0.250000 0.421875 0.312500
0 0.310937 0.343750 0.373437 0.275391 0.395313 0.304688 0.332813 0.375000
0 0.418750 0.347656 0.481250 0.287109 0.501563 0.318359 0.435937 0.376953
0 0.339062 0.412109 0.404687 0.355469 0.425000 0.388672 0.356250 0.443359
0 0.443750 0.404297 0.509375 0.333984 0.535937 0.367188 0.465625 0.437500
0 0.473438 0.476562 0.542188 0.419922 0.567187 0.447266 0.504687 0.521484
0 0.575000 0.455078 0.603125 0.486328 0.540625 0.562500 0.515625 0.533203
0 0.748437 0.470703 0.820312 0.408203 0.840625 0.441406 0.767188 0.503906
0 0.657813 0.525391 0.723437 0.458984 0.746875 0.490234 0.679688 0.562500
0 0.787500 0.517578 0.853125 0.451172 0.881250 0.482422 0.809375 0.550781
0 0.904687 0.482422 0.979688 0.423828 0.996875 0.458984 0.918750 0.515625
0 0.928125 0.535156 1.000000 0.474609 1.000000 0.509766 0.954688 0.570312
0 0.862500 0.642578 0.895312 0.642578 0.898438 0.746094 0.864062 0.746094
0 0.812500 0.662109 0.842187 0.664062 0.839063 0.769531 0.809375 0.767578
0 0.770312 0.656250 0.798438 0.654297 0.801562 0.755859 0.771875 0.753906
0 0.806250 0.781250 0.837500 0.783203 0.835938 0.898438 0.801562 0.894531
0 0.757812 0.791016 0.792188 0.794922 0.787500 0.910156 0.754687 0.904297
0 0.721875 0.671875 0.753125 0.669922 0.754687 0.775391 0.723437 0.773438
0 0.681250 0.675781 0.712500 0.675781 0.717187 0.777344 0.684375 0.775391
0 0.640625 0.664062 0.670312 0.666016 0.670312 0.767578 0.639062 0.767578
0 0.648438 0.800781 0.682813 0.802734 0.681250 0.912109 0.648438 0.910156
0 0.587500 0.824219 0.621875 0.814453 0.635938 0.927734 0.601562 0.933594
0 0.593750 0.666016 0.623437 0.664062 0.626563 0.767578 0.601562 0.767578
0 0.548438 0.683594 0.575000 0.671875 0.596875 0.767578 0.571875 0.779297
0 0.514062 0.671875 0.543750 0.673828 0.543750 0.771484 0.510938 0.771484
0 0.471875 0.687500 0.501563 0.697266 0.485938 0.794922 0.457813 0.783203
0 0.420312 0.683594 0.445312 0.683594 0.446875 0.781250 0.418750 0.779297
0 0.385937 0.677734 0.415625 0.681641 0.412500 0.779297 0.382812 0.775391
0 0.343750 0.666016 0.375000 0.666016 0.373437 0.761719 0.340625 0.761719
0 0.301563 0.664062 0.332813 0.664062 0.329688 0.761719 0.300000 0.759766
0 0.357812 0.628906 0.432812 0.642578 0.431250 0.677734 0.353125 0.666016
