4 0.306250 0.818359 0.376563 0.826172 0.376563 0.863281 0.303125 0.851562
4 0.300000 0.666016 0.376563 0.654297 0.382812 0.699219 0.306250 0.703125
4 0.315625 0.537109 0.396875 0.552734 0.393750 0.585938 0.312500 0.578125
4 0.320312 0.488281 0.393750 0.498047 0.390625 0.541016 0.318750 0.529297
4 0.557813 0.589844 0.626563 0.589844 0.625000 0.625000 0.556250 0.625000
4 0.559375 0.703125 0.631250 0.703125 0.629687 0.738281 0.557813 0.738281
4 0.553125 0.757812 0.645312 0.763672 0.643750 0.812500 0.551562 0.812500
4 0.553125 0.941406 0.629687 0.947266 0.629687 0.984375 0.553125 0.980469
4 0.300000 0.939453 0.373437 0.951172 0.368750 0.990234 0.295312 0.976562
4 0.300000 0.880859 0.373437 0.880859 0.373437 0.916016 0.300000 0.916016
4 0.323437 0.427734 0.398438 0.443359 0.396875 0.486328 0.321875 0.470703
0 0.698438 0.933594 0.785937 0.931641 0.785937 0.980469 0.696875 0.978516
0 0.671875 0.167969 0.764062 0.167969 0.765625 0.212891 0.675000 0.216797
0 0.551562 0.000000 0.640625 0.000000 0.642188 0.046875 0.550000 0.046875
0 0.551562 0.060547 0.632812 0.060547 0.632812 0.101562 0.554688 0.101562
0 0.554688 0.111328 0.631250 0.115234 0.632812 0.160156 0.554688 0.154297
0 0.554688 0.175781 0.639062 0.166016 0.639062 0.208984 0.559375 0.212891
0 0.553125 0.230469 0.639062 0.224609 0.642188 0.263672 0.559375 0.271484
0 0.550000 0.291016 0.615625 0.281250 0.617188 0.324219 0.554688 0.330078
0 0.551562 0.345703 0.637500 0.343750 0.643750 0.380859 0.554688 0.390625
0 0.557813 0.402344 0.640625 0.396484 0.642188 0.433594 0.562500 0.441406
0 0.562500 0.445312 0.635938 0.449219 0.639062 0.486328 0.562500 0.488281
0 0.553125 0.517578 0.632812 0.517578 0.632812 0.560547 0.554688 0.558594
0 0.548438 0.818359 0.640625 0.828125 0.640625 0.878906 0.545312 0.869141
0 0.298438 0.765625 0.378125 0.771484 0.378125 0.808594 0.301563 0.806641
0 0.298438 0.710938 0.371875 0.714844 0.371875 0.753906 0.296875 0.751953
0 0.312500 0.597656 0.389062 0.607422 0.382812 0.646484 0.309375 0.636719
0 0.323437 0.363281 0.421875 0.365234 0.421875 0.414062 0.328125 0.416016
0 0.340625 0.298828 0.428125 0.308594 0.426563 0.347656 0.340625 0.345703
0 0.350000 0.226562 0.432812 0.242188 0.428125 0.292969 0.340625 0.275391
0 0.350000 0.117188 0.435937 0.121094 0.434375 0.160156 0.345313 0.160156
0 0.362500 0.052734 0.451562 0.058594 0.453125 0.107422 0.357812 0.099609
0 0.365625 0.000000 0.462500 0.009766 0.459375 0.050781 0.362500 0.044922
