1 0.317188 0.798828 0.426563 0.962891 0.385937 1.000000 0.279687 0.849609
0 0.039062 0.517578 0.067187 0.550781 0.000000 0.640625 0.000000 0.603516
0 0.073438 0.562500 0.098437 0.591797 0.032813 0.677734 0.009375 0.644531
0 0.106250 0.601562 0.131250 0.630859 0.071875 0.716797 0.045312 0.687500
0 0.137500 0.642578 0.167187 0.673828 0.106250 0.761719 0.075000 0.728516
0 0.171875 0.683594 0.200000 0.705078 0.137500 0.800781 0.110937 0.769531
4 0.820312 1.000000 0.878125 0.949219 0.901563 0.976562 0.845313 1.000000
4 0.845313 0.902344 0.868750 0.927734 0.810937 1.000000 0.785937 0.976562
4 0.753125 0.925781 0.812500 0.855469 0.835938 0.882812 0.776563 0.955078
4 0.720313 0.888672 0.779687 0.830078 0.798438 0.855469 0.743750 0.917969
4 0.698438 0.849609 0.760938 0.796875 0.773438 0.833984 0.714063 0.882812
4 0.664062 0.802734 0.728125 0.744141 0.746875 0.773438 0.684375 0.835938
4 0.684375 0.679688 0.706250 0.701172 0.656250 0.783203 0.632812 0.757812
4 0.653125 0.632812 0.684375 0.666016 0.625000 0.751953 0.592187 0.716797
4 0.562500 0.671875 0.631250 0.593750 0.651563 0.623047 0.584375 0.705078
4 0.525000 0.625000 0.590625 0.554688 0.610938 0.582031 0.546875 0.658203
4 0.490625 0.589844 0.560937 0.511719 0.579688 0.541016 0.510938 0.621094
4 0.520312 0.464844 0.545312 0.492188 0.481250 0.583984 0.457813 0.548828
4 0.485938 0.429688 0.512500 0.457031 0.453125 0.544922 0.425000 0.513672
4 0.454688 0.380859 0.476562 0.406250 0.415625 0.492188 0.390625 0.460938
4 0.418750 0.333984 0.443750 0.363281 0.385937 0.447266 0.359375 0.414062
4 0.325000 0.373047 0.393750 0.292969 0.417187 0.320312 0.348438 0.406250
4 0.362500 0.248047 0.385937 0.277344 0.321875 0.359375 0.296875 0.332031
4 0.334375 0.199219 0.357812 0.226562 0.285938 0.318359 0.264062 0.287109
4 0.228125 0.250000 0.296875 0.166016 0.321875 0.193359 0.256250 0.279297
4 0.200000 0.201172 0.267188 0.119141 0.290625 0.150391 0.228125 0.236328
1 0.143750 0.167969 0.229687 0.068359 0.259375 0.103516 0.173437 0.208984
1 0.109375 0.123047 0.190625 0.025391 0.212500 0.060547 0.135937 0.156250
1 0.056250 0.056641 0.160938 0.000000 0.190625 0.003906 0.089063 0.101562
4 0.204687 0.734375 0.228125 0.753906 0.168750 0.851562 0.143750 0.820312
