4 0.335938 0.603516 0.364063 0.568359 0.439063 0.658203 0.414062 0.691406
0 0.118750 0.109375 0.160938 0.082031 0.210938 0.183594 0.165625 0.208984
0 0.018750 0.380859 0.046875 0.406250 0.001563 0.488281 0.000000 0.458984
0 0.037500 0.464844 0.064062 0.494141 0.007812 0.568359 0.000000 0.541016
0 0.059375 0.533203 0.087500 0.562500 0.032813 0.658203 0.006250 0.626953
0 0.000000 0.707031 0.043750 0.660156 0.059375 0.691406 0.000000 0.744141
0 0.000000 0.769531 0.064062 0.714844 0.081250 0.755859 0.003125 0.804688
0 0.012500 0.841797 0.104688 0.783203 0.121875 0.830078 0.028125 0.878906
0 0.043750 0.890625 0.112500 0.849609 0.128125 0.886719 0.057813 0.927734
0 0.632812 0.796875 0.726562 0.828125 0.714063 0.878906 0.623437 0.839844
0 0.790625 0.777344 0.885938 0.775391 0.889062 0.824219 0.793750 0.822266
0 0.228125 0.359375 0.267188 0.333984 0.318750 0.445312 0.275000 0.468750
0 0.159375 0.367188 0.189062 0.343750 0.232813 0.445312 0.200000 0.468750
