4 0.121875 0.400391 0.190625 0.373047 0.201563 0.412109 0.131250 0.441406
4 0.360938 0.214844 0.404687 0.224609 0.384375 0.337891 0.340625 0.326172
0 0.935937 0.355469 1.000000 0.396484 0.996875 0.441406 0.915625 0.396484
0 0.906250 0.431641 0.993750 0.460938 0.985938 0.507812 0.893750 0.470703
0 0.412500 0.906250 0.500000 0.937500 0.489063 0.980469 0.398438 0.951172
0 0.000000 0.714844 0.039062 0.742188 0.025000 0.783203 0.000000 0.753906
0 0.000000 0.664062 0.057813 0.683594 0.048438 0.724609 0.000000 0.705078
0 0.034375 0.619141 0.126562 0.591797 0.139063 0.642578 0.037500 0.667969
0 0.065625 0.521484 0.151562 0.523438 0.154688 0.568359 0.062500 0.574219
0 0.089063 0.460938 0.179688 0.443359 0.185938 0.492188 0.090625 0.505859
0 0.134375 0.335938 0.218750 0.291016 0.232813 0.330078 0.151562 0.376953
0 0.159375 0.236328 0.245312 0.208984 0.254688 0.250000 0.168750 0.281250
0 0.617188 0.677734 0.657813 0.708984 0.606250 0.820312 0.568750 0.787109
0 0.326562 0.712891 0.362500 0.714844 0.356250 0.849609 0.315625 0.845703
0 0.287500 0.552734 0.326562 0.572266 0.303125 0.691406 0.265625 0.677734
0 0.331250 0.361328 0.370312 0.380859 0.340625 0.496094 0.306250 0.478516
0 0.328125 0.107422 0.362500 0.121094 0.335938 0.242188 0.298438 0.232422
0 0.178125 0.150391 0.260937 0.123047 0.275000 0.177734 0.190625 0.205078
0 0.223438 0.027344 0.273438 0.000000 0.306250 0.000000 0.251563 0.056641
