0 0.068750 0.935547 0.146875 0.884766 0.164062 0.917969 0.084375 0.978516
0 0.098437 0.992188 0.162500 0.933594 0.179688 0.972656 0.121875 1.000000
0 0.254688 0.849609 0.287500 0.841797 0.306250 0.958984 0.268750 0.968750
0 0.025000 0.884766 0.098437 0.814453 0.117188 0.853516 0.050000 0.912109
0 0.000000 0.824219 0.073438 0.757812 0.093750 0.796875 0.017188 0.861328
0 0.007812 0.492188 0.039062 0.517578 0.000000 0.609375 0.000000 0.578125
0 0.037500 0.568359 0.064062 0.591797 0.020313 0.679688 0.000000 0.658203
0 0.064062 0.640625 0.100000 0.658203 0.059375 0.759766 0.028125 0.742188
0 0.448437 0.660156 0.540625 0.705078 0.525000 0.748047 0.435937 0.703125
0 0.470313 0.330078 0.515625 0.322266 0.529687 0.449219 0.484375 0.457031
0 0.198437 0.427734 0.228125 0.396484 0.281250 0.486328 0.245312 0.515625
0 0.079687 0.189453 0.107813 0.167969 0.160938 0.255859 0.129688 0.281250
0 0.012500 0.000000 0.060937 0.082031 0.032813 0.103516 0.000000 0.017578
