0 0.089063 0.982422 0.164062 0.921875 0.184375 0.951172 0.115625 1.000000
0 0.062500 0.927734 0.151562 0.863281 0.170313 0.902344 0.082812 0.972656
0 0.018750 0.875000 0.093750 0.802734 0.115625 0.839844 0.037500 0.912109
0 0.000000 0.818359 0.073438 0.742188 0.093750 0.783203 0.007812 0.859375
0 0.065625 0.625000 0.096875 0.638672 0.059375 0.746094 0.025000 0.726562
0 0.035937 0.554688 0.065625 0.580078 0.020313 0.669922 0.000000 0.642578
0 0.007812 0.470703 0.042188 0.492188 0.000000 0.593750 0.000000 0.572266
0 0.810937 0.710938 0.906250 0.689453 0.914062 0.738281 0.818750 0.759766
0 0.389062 0.607422 0.479687 0.673828 0.453125 0.724609 0.378125 0.660156
0 0.262500 0.427734 0.328125 0.525391 0.303125 0.556641 0.240625 0.466797
0 0.139063 0.289062 0.164062 0.265625 0.221875 0.355469 0.190625 0.382812
0 0.015625 0.093750 0.071875 0.208984 0.034375 0.234375 0.000000 0.134766
0 0.298438 0.000000 0.331250 0.000000 0.375000 0.039062 0.342187 0.064453
