4 0.735938 0.328125 0.790625 0.263672 0.812500 0.291016 0.757812 0.357422
0 0.903125 0.023438 0.954688 0.000000 0.981250 0.000000 0.929688 0.054688
0 0.940625 0.056641 0.987500 0.000000 1.000000 0.013672 0.965625 0.083984
0 1.000000 0.160156 1.000000 0.187500 0.973437 0.269531 0.943750 0.242188
0 0.962500 0.115234 0.993750 0.138672 0.942187 0.216797 0.914062 0.193359
0 0.873437 0.144531 0.928125 0.078125 0.956250 0.107422 0.900000 0.177734
0 0.895312 0.029297 0.920312 0.058594 0.864062 0.138672 0.834375 0.107422
0 0.864062 0.000000 0.887500 0.021484 0.829688 0.105469 0.804688 0.074219
0 0.768750 0.039062 0.826562 0.000000 0.850000 0.000000 0.795312 0.066406
0 0.501563 0.033203 0.559375 0.000000 0.585938 0.001953 0.526563 0.066406
0 0.320312 0.025391 0.375000 0.000000 0.404687 0.000000 0.346875 0.058594
0 0.362500 0.058594 0.417187 0.000000 0.443750 0.001953 0.387500 0.087891
0 0.417187 0.111328 0.495312 0.042969 0.517188 0.076172 0.440625 0.146484
0 0.465625 0.162109 0.535937 0.085938 0.556250 0.109375 0.493750 0.191406
0 0.560937 0.125000 0.618750 0.054688 0.643750 0.080078 0.589063 0.152344
0 0.551562 0.144531 0.578125 0.169922 0.521875 0.250000 0.493750 0.220703
0 0.587500 0.179688 0.615625 0.207031 0.554688 0.289062 0.528125 0.253906
0 0.564063 0.302734 0.628125 0.224609 0.651563 0.250000 0.592187 0.335938
0 0.651563 0.099609 0.676562 0.123047 0.623437 0.191406 0.600000 0.166016
0 0.667188 0.238281 0.728125 0.166016 0.754687 0.193359 0.693750 0.265625
0 0.596875 0.341797 0.657813 0.267578 0.681250 0.291016 0.621875 0.369141
0 0.696875 0.302734 0.725000 0.324219 0.665625 0.417969 0.634375 0.390625
0 0.762500 0.388672 0.792188 0.417969 0.731250 0.496094 0.707812 0.472656
0 0.803125 0.425781 0.831250 0.451172 0.765625 0.537109 0.740625 0.507812
0 0.767188 0.546875 0.845313 0.462891 0.870313 0.492188 0.795312 0.583984
0 0.721875 0.345703 0.750000 0.375000 0.685937 0.462891 0.660937 0.435547
0 0.831250 0.292969 0.864062 0.320312 0.801562 0.406250 0.773438 0.378906
0 0.868750 0.330078 0.896875 0.353516 0.846875 0.441406 0.817187 0.417969
0 0.907813 0.369141 0.935937 0.398438 0.878125 0.482422 0.851562 0.453125
0 0.945312 0.419922 0.971875 0.449219 0.912500 0.533203 0.882812 0.503906
0 0.976562 0.462891 1.000000 0.488281 0.942187 0.566406 0.920312 0.541016
0 0.803125 0.599609 0.870313 0.521484 0.895312 0.550781 0.831250 0.634766
0 0.850000 0.623047 0.907813 0.554688 0.935937 0.583984 0.876563 0.658203
0 0.812500 0.785156 0.843750 0.814453 0.778125 0.912109 0.746875 0.882812
0 0.779687 0.748047 0.812500 0.785156 0.743750 0.863281 0.717187 0.832031
0 0.637500 0.736328 0.704688 0.654297 0.731250 0.685547 0.660937 0.769531
0 0.626563 0.574219 0.651563 0.599609 0.587500 0.685547 0.560937 0.658203
0 0.585938 0.531250 0.618750 0.564453 0.551562 0.646484 0.521875 0.615234
0 0.546875 0.501953 0.570312 0.527344 0.510938 0.615234 0.484375 0.589844
0 0.517188 0.453125 0.543750 0.476562 0.484375 0.562500 0.457813 0.533203
0 0.404687 0.505859 0.475000 0.423828 0.501563 0.453125 0.431250 0.542969
0 0.429688 0.378906 0.456250 0.408203 0.390625 0.488281 0.367188 0.458984
0 0.370312 0.283203 0.401562 0.316406 0.332813 0.406250 0.303125 0.367188
0 0.314063 0.183594 0.340625 0.216797 0.268750 0.308594 0.245312 0.279297
0 0.251563 0.169922 0.281250 0.201172 0.220312 0.294922 0.190625 0.259766
0 0.140625 0.005859 0.171875 0.033203 0.096875 0.123047 0.071875 0.093750
0 0.039062 0.052734 0.095312 0.000000 0.118750 0.000000 0.059375 0.076172
