1 0.948438 0.623047 1.000000 0.640625 0.953125 0.970703 0.865625 0.941406
4 0.720313 0.757812 0.775000 0.769531 0.751563 0.916016 0.700000 0.900391
0 0.785937 0.787109 0.846875 0.791016 0.834375 0.960938 0.773438 0.955078
0 0.653125 0.732422 0.706250 0.744141 0.681250 0.908203 0.631250 0.896484
0 0.587500 0.750000 0.639062 0.763672 0.620313 0.894531 0.571875 0.878906
0 0.509375 0.707031 0.565625 0.716797 0.548438 0.886719 0.500000 0.878906
0 0.451562 0.707031 0.500000 0.720703 0.478125 0.869141 0.432812 0.861328
0 0.315625 0.701172 0.362500 0.710938 0.339062 0.841797 0.296875 0.828125
0 0.389062 0.691406 0.448437 0.708984 0.425000 0.867188 0.362500 0.851562
0 0.253125 0.683594 0.314063 0.699219 0.284375 0.873047 0.225000 0.859375
0 0.121875 0.646484 0.171875 0.656250 0.157812 0.806641 0.100000 0.798828
0 0.056250 0.636719 0.106250 0.644531 0.085938 0.787109 0.034375 0.777344
0 0.000000 0.431641 0.062500 0.441406 0.032813 0.613281 0.000000 0.599609
0 0.084375 0.449219 0.146875 0.457031 0.117188 0.621094 0.060937 0.611328
0 0.146875 0.468750 0.209375 0.478516 0.187500 0.626953 0.123438 0.626953
0 0.210938 0.500000 0.265625 0.513672 0.239063 0.681641 0.185938 0.671875
0 0.295312 0.511719 0.348438 0.527344 0.307812 0.689453 0.256250 0.673828
0 0.404687 0.531250 0.464062 0.539062 0.450000 0.693359 0.390625 0.685547
0 0.475000 0.539062 0.521875 0.548828 0.503125 0.701172 0.451562 0.695312
0 0.540625 0.519531 0.590625 0.533203 0.567187 0.703125 0.520312 0.691406
0 0.615625 0.546875 0.664062 0.572266 0.623437 0.718750 0.579688 0.699219
0 0.671875 0.558594 0.721875 0.568359 0.701562 0.728516 0.648438 0.716797
0 0.873437 0.613281 0.925000 0.621094 0.907813 0.773438 0.854688 0.763672
0 0.826562 0.261719 0.881250 0.261719 0.881250 0.396484 0.826562 0.396484
0 0.764062 0.216797 0.814063 0.222656 0.803125 0.375000 0.750000 0.369141
0 0.704688 0.214844 0.751563 0.224609 0.734375 0.371094 0.682813 0.361328
0 0.462500 0.134766 0.521875 0.144531 0.506250 0.302734 0.446875 0.292969
0 0.395313 0.171875 0.445312 0.181641 0.421875 0.335938 0.373437 0.328125
0 0.262500 0.121094 0.320312 0.125000 0.300000 0.294922 0.239063 0.283203
0 0.131250 0.076172 0.192188 0.082031 0.170313 0.244141 0.112500 0.232422
0 0.064062 0.052734 0.117188 0.066406 0.090625 0.240234 0.034375 0.224609
0 0.012500 0.082031 0.059375 0.091797 0.048438 0.240234 0.000000 0.240234
