0 0.017188 0.957031 0.110937 0.873047 0.140625 0.929688 0.042188 1.000000
0 0.070312 0.791016 0.104688 0.861328 0.000000 0.953125 0.000000 0.880859
0 0.159375 0.917969 0.268750 0.824219 0.300000 0.878906 0.201563 0.982422
0 0.126562 0.849609 0.240625 0.757812 0.265625 0.814453 0.157812 0.910156
0 0.064062 0.714844 0.162500 0.625000 0.192188 0.675781 0.089063 0.769531
0 0.018750 0.656250 0.123438 0.562500 0.156250 0.615234 0.046875 0.710938
0 0.000000 0.576172 0.085938 0.486328 0.117188 0.537109 0.014063 0.626953
0 0.051562 0.425781 0.081250 0.476562 0.000000 0.548828 0.000000 0.498047
0 0.542188 0.027344 0.651563 0.000000 0.679688 0.000000 0.570312 0.078125
0 0.578125 0.080078 0.703125 0.000000 0.728125 0.041016 0.609375 0.136719
0 0.626563 0.148438 0.739062 0.066406 0.775000 0.115234 0.659375 0.212891
0 0.685937 0.294922 0.796875 0.208984 0.829688 0.267578 0.715625 0.357422
0 0.745313 0.439453 0.856250 0.359375 0.892188 0.417969 0.778125 0.505859
0 0.812500 0.507812 0.917188 0.404297 0.953125 0.458984 0.845313 0.556641
0 1.000000 0.689453 1.000000 0.744141 0.968750 0.835938 0.935937 0.775391
0 0.710938 0.986328 0.817187 0.892578 0.848437 0.947266 0.739062 1.000000
0 0.668750 0.902344 0.781250 0.824219 0.807813 0.878906 0.696875 0.958984
0 0.629687 0.835938 0.751563 0.736328 0.779687 0.792969 0.668750 0.892578
0 0.584375 0.777344 0.693750 0.679688 0.726562 0.732422 0.617188 0.828125
0 0.551562 0.712891 0.648438 0.619141 0.681250 0.667969 0.579688 0.761719
0 0.468750 0.578125 0.587500 0.507812 0.612500 0.566406 0.489063 0.636719
0 0.421875 0.515625 0.526563 0.427734 0.554688 0.478516 0.445312 0.562500
0 0.407813 0.423828 0.503125 0.339844 0.532813 0.390625 0.439063 0.470703
0 0.365625 0.357422 0.473438 0.267578 0.503125 0.322266 0.400000 0.404297
0 0.328125 0.283203 0.437500 0.199219 0.464062 0.251953 0.351562 0.335938
0 0.301563 0.222656 0.403125 0.134766 0.432812 0.187500 0.325000 0.269531
0 0.257812 0.160156 0.368750 0.062500 0.395313 0.111328 0.284375 0.205078
0 0.243750 0.085938 0.362500 0.000000 0.396875 0.033203 0.270313 0.132812
0 0.198437 0.015625 0.300000 0.000000 0.328125 0.000000 0.225000 0.064453
0 0.579688 1.000000 0.648438 0.945312 0.675000 0.988281 0.606250 1.000000
0 0.512500 0.947266 0.621875 0.851562 0.654687 0.900391 0.546875 1.000000
0 0.476562 0.873047 0.578125 0.789062 0.606250 0.837891 0.503125 0.925781
0 0.437500 0.796875 0.543750 0.718750 0.570312 0.771484 0.471875 0.857422
0 0.403125 0.722656 0.492188 0.654297 0.518750 0.705078 0.431250 0.773438
0 0.339062 0.671875 0.450000 0.589844 0.478125 0.646484 0.367188 0.728516
0 0.295312 0.529297 0.393750 0.441406 0.417187 0.482422 0.320312 0.576172
0 0.264062 0.449219 0.357812 0.371094 0.381250 0.417969 0.284375 0.496094
0 0.181250 0.326172 0.287500 0.248047 0.314063 0.298828 0.210938 0.376953
0 0.084375 0.109375 0.176563 0.023438 0.207813 0.078125 0.106250 0.156250
0 0.046875 0.054688 0.145313 0.000000 0.185938 0.000000 0.079687 0.107422
4 0.140625 0.164062 0.234375 0.095703 0.256250 0.144531 0.159375 0.210938
