4 0.309375 0.525391 0.335938 0.554688 0.275000 0.636719 0.248438 0.607422
0 0.120313 0.912109 0.150000 0.943359 0.095312 1.000000 0.060937 1.000000
0 0.076563 0.875000 0.107813 0.908203 0.048438 0.998047 0.018750 0.962891
0 0.039062 0.820312 0.075000 0.855469 0.012500 0.939453 0.000000 0.902344
0 0.331250 0.925781 0.362500 0.957031 0.309375 1.000000 0.278125 1.000000
0 0.279687 0.878906 0.314063 0.908203 0.248438 1.000000 0.217188 0.980469
0 0.232813 0.833984 0.270313 0.871094 0.200000 0.976562 0.165625 0.943359
0 0.020313 0.630859 0.043750 0.658203 0.000000 0.736328 0.000000 0.707031
0 0.064062 0.654297 0.098437 0.687500 0.032813 0.794922 0.000000 0.757812
0 0.101562 0.707031 0.140625 0.740234 0.078125 0.835938 0.042188 0.806641
0 0.153125 0.757812 0.185938 0.792969 0.120313 0.878906 0.090625 0.841797
0 0.196875 0.796875 0.231250 0.826172 0.164062 0.931641 0.131250 0.898438
0 0.701562 0.919922 0.732812 0.953125 0.673438 1.000000 0.642188 1.000000
0 0.646875 0.878906 0.676562 0.910156 0.618750 0.998047 0.590625 0.968750
0 0.601562 0.845703 0.631250 0.876953 0.562500 0.984375 0.528125 0.945312
0 0.521875 0.746094 0.553125 0.771484 0.495312 0.873047 0.457813 0.839844
0 0.478125 0.701172 0.506250 0.730469 0.448437 0.818359 0.420312 0.787109
0 0.389062 0.621094 0.418750 0.648438 0.354687 0.748047 0.323437 0.712891
0 0.251563 0.474609 0.285938 0.500000 0.223438 0.609375 0.190625 0.580078
0 0.203125 0.437500 0.239063 0.460938 0.185938 0.570312 0.146875 0.544922
0 0.167187 0.396484 0.198437 0.425781 0.137500 0.527344 0.104688 0.498047
0 0.129688 0.341797 0.157812 0.373047 0.093750 0.472656 0.062500 0.441406
0 0.085938 0.304688 0.117188 0.333984 0.054688 0.429688 0.025000 0.400391
0 0.162500 0.201172 0.192188 0.234375 0.126562 0.322266 0.096875 0.287109
0 0.210938 0.222656 0.245312 0.250000 0.175000 0.351562 0.145313 0.320312
0 0.251563 0.273438 0.284375 0.302734 0.204687 0.417969 0.171875 0.382812
0 0.287500 0.316406 0.320312 0.343750 0.256250 0.449219 0.223438 0.421875
0 0.331250 0.357422 0.365625 0.388672 0.301563 0.488281 0.265625 0.455078
0 0.378125 0.392578 0.415625 0.419922 0.354687 0.527344 0.320312 0.503906
0 0.412500 0.441406 0.445312 0.466797 0.381250 0.576172 0.346875 0.550781
0 0.460938 0.488281 0.495312 0.519531 0.429688 0.623047 0.396875 0.585938
0 0.503125 0.529297 0.534375 0.560547 0.464062 0.660156 0.437500 0.632812
0 0.545312 0.580078 0.582812 0.609375 0.517188 0.708984 0.485938 0.679688
0 0.589063 0.623047 0.623437 0.654297 0.564063 0.751953 0.529687 0.720703
0 0.628125 0.687500 0.660937 0.716797 0.590625 0.820312 0.562500 0.789062
0 0.609375 0.820312 0.696875 0.730469 0.723437 0.771484 0.635938 0.865234
0 0.764062 0.800781 0.798438 0.832031 0.739062 0.939453 0.707812 0.908203
0 0.817187 0.830078 0.851562 0.865234 0.782813 0.976562 0.748437 0.943359
0 0.870313 0.861328 0.904687 0.894531 0.832812 1.000000 0.798438 0.980469
0 0.912500 0.927734 0.940625 0.955078 0.889062 1.000000 0.857812 1.000000
0 0.934375 0.531250 0.970313 0.562500 0.910937 0.675781 0.876563 0.646484
0 0.878125 0.527344 0.906250 0.552734 0.845313 0.660156 0.809375 0.625000
0 0.792188 0.421875 0.828125 0.451172 0.760938 0.562500 0.725000 0.527344
0 0.715625 0.328125 0.748437 0.353516 0.687500 0.458984 0.651563 0.425781
0 0.667188 0.275391 0.703125 0.306641 0.629687 0.416016 0.595313 0.384766
0 0.603125 0.257812 0.639062 0.285156 0.576562 0.388672 0.545312 0.353516
0 0.571875 0.205078 0.604688 0.226562 0.542188 0.333984 0.512500 0.306641
0 0.523438 0.167969 0.560937 0.197266 0.492188 0.302734 0.459375 0.269531
0 0.479687 0.132812 0.514062 0.154297 0.446875 0.269531 0.414062 0.232422
0 0.390625 0.056641 0.423438 0.083984 0.357812 0.183594 0.325000 0.150391
0 0.239063 0.064453 0.293750 0.000000 0.326562 0.000000 0.268750 0.089844
0 0.196875 0.029297 0.251563 0.000000 0.287500 0.000000 0.228125 0.058594
