0 0.920312 0.673828 0.965625 0.652344 1.000000 0.769531 0.957812 0.794922
0 0.337500 0.931641 0.431250 0.904297 0.439063 0.957031 0.348438 0.980469
0 0.090625 0.769531 0.175000 0.841797 0.148438 0.882812 0.068750 0.806641
0 0.253125 0.685547 0.303125 0.685547 0.290625 0.802734 0.253125 0.800781
0 0.214062 0.632812 0.254688 0.636719 0.248438 0.750000 0.207813 0.750000
0 0.121875 0.593750 0.204687 0.623047 0.192188 0.662109 0.107813 0.630859
0 0.000000 0.542969 0.056250 0.568359 0.046875 0.615234 0.000000 0.587891
0 0.067187 0.414062 0.168750 0.419922 0.165625 0.464844 0.068750 0.457031
0 0.237500 0.318359 0.314063 0.242188 0.340625 0.283203 0.264062 0.355469
0 0.512500 0.671875 0.554688 0.671875 0.554688 0.798828 0.512500 0.798828
0 0.570312 0.509766 0.614062 0.509766 0.615625 0.646484 0.568750 0.648438
0 0.626563 0.468750 0.675000 0.468750 0.675000 0.595703 0.626563 0.595703
0 0.514062 0.369141 0.559375 0.369141 0.559375 0.490234 0.514062 0.490234
0 0.578125 0.310547 0.617188 0.310547 0.617188 0.433594 0.578125 0.433594
0 0.632812 0.226562 0.675000 0.226562 0.675000 0.353516 0.632812 0.353516
0 0.520312 0.166016 0.564063 0.166016 0.564063 0.296875 0.520312 0.296875
0 0.575000 0.123047 0.614062 0.123047 0.614062 0.246094 0.575000 0.246094
0 0.635938 0.089844 0.679688 0.089844 0.679688 0.197266 0.635938 0.197266
0 0.637500 0.000000 0.678125 0.000000 0.678125 0.058594 0.637500 0.058594
0 0.578125 0.000000 0.623437 0.000000 0.623437 0.085938 0.578125 0.085938
0 0.521875 0.017578 0.565625 0.017578 0.565625 0.142578 0.521875 0.142578
