0 0.726562 0.158203 0.818750 0.158203 0.818750 0.205078 0.726562 0.201172
0 0.893750 0.000000 0.931250 0.000000 0.900000 0.093750 0.860938 0.080078
2 0.748437 0.070312 0.851562 0.066406 0.853125 0.121094 0.746875 0.123047
0 0.645312 0.380859 0.735938 0.365234 0.740625 0.404297 0.653125 0.427734
0 0.634375 0.455078 0.709375 0.447266 0.712500 0.486328 0.631250 0.494141
0 0.639062 0.519531 0.721875 0.501953 0.729688 0.552734 0.643750 0.568359
0 0.607812 0.578125 0.689063 0.570312 0.695312 0.613281 0.609375 0.623047
0 0.581250 0.640625 0.668750 0.636719 0.670312 0.679688 0.581250 0.683594
0 0.567187 0.701172 0.656250 0.718750 0.646875 0.777344 0.560937 0.748047
0 0.540625 0.773438 0.639062 0.787109 0.634375 0.837891 0.534375 0.828125
0 0.046875 0.753906 0.139063 0.763672 0.135937 0.826172 0.042188 0.816406
0 0.359375 0.626953 0.439063 0.673828 0.428125 0.716797 0.340625 0.667969
0 0.401562 0.583984 0.489063 0.625000 0.482812 0.666016 0.393750 0.625000
0 0.423438 0.505859 0.510938 0.539062 0.496875 0.587891 0.410938 0.548828
0 0.442188 0.451172 0.528125 0.486328 0.515625 0.529297 0.432812 0.494141
0 0.468750 0.373047 0.559375 0.417969 0.540625 0.460938 0.457813 0.412109
0 0.500000 0.273438 0.570312 0.302734 0.556250 0.347656 0.485938 0.316406
0 0.503125 0.216797 0.582812 0.251953 0.567187 0.292969 0.487500 0.261719
0 0.556250 0.148438 0.640625 0.179688 0.623437 0.222656 0.543750 0.189453
0 0.582812 0.078125 0.660937 0.111328 0.643750 0.156250 0.567187 0.121094
4 0.262500 0.750000 0.362500 0.798828 0.345313 0.841797 0.251563 0.789062
