0 0.951562 0.662109 0.989062 0.677734 0.959375 0.800781 0.920312 0.785156
0 0.657813 0.664062 0.746875 0.644531 0.753125 0.689453 0.662500 0.707031
0 0.648438 0.750000 0.729688 0.708984 0.743750 0.751953 0.662500 0.792969
0 0.634375 0.832031 0.723437 0.783203 0.740625 0.822266 0.653125 0.880859
0 0.650000 0.906250 0.728125 0.851562 0.745313 0.890625 0.667188 0.947266
0 0.657813 0.994141 0.735938 0.933594 0.757812 0.978516 0.679688 1.000000
0 0.417187 0.970703 0.518750 0.970703 0.518750 1.000000 0.417187 1.000000
0 0.428125 0.728516 0.526563 0.720703 0.528125 0.767578 0.434375 0.779297
0 0.432812 0.646484 0.525000 0.646484 0.521875 0.701172 0.426563 0.701172
0 0.506250 0.496094 0.542188 0.500000 0.534375 0.625000 0.500000 0.621094
0 0.518750 0.353516 0.554688 0.349609 0.564063 0.466797 0.523438 0.472656
0 0.660937 0.525391 0.753125 0.486328 0.765625 0.541016 0.675000 0.574219
0 0.660937 0.460938 0.743750 0.412109 0.757812 0.455078 0.673438 0.498047
0 0.645312 0.371094 0.737500 0.347656 0.745313 0.388672 0.654687 0.414062
0 0.650000 0.308594 0.739062 0.275391 0.750000 0.328125 0.657813 0.351562
0 0.575000 0.066406 0.614062 0.068359 0.606250 0.183594 0.568750 0.177734
0 0.523438 0.025391 0.562500 0.025391 0.562500 0.134766 0.523438 0.134766
0 0.417187 0.015625 0.434375 0.000000 0.515625 0.013672 0.495312 0.054688
0 0.412500 0.152344 0.487500 0.218750 0.467187 0.255859 0.390625 0.183594
4 0.653125 0.597656 0.743750 0.568359 0.750000 0.617188 0.659375 0.642578
