0 0.646875 0.000000 0.679688 0.000000 0.679688 0.046875 0.646875 0.046875
0 0.590625 0.000000 0.625000 0.000000 0.625000 0.056641 0.590625 0.056641
0 0.700000 0.000000 0.734375 0.000000 0.734375 0.054688 0.700000 0.054688
0 0.806250 0.017578 0.837500 0.021484 0.825000 0.126953 0.796875 0.121094
0 0.754687 0.011719 0.785937 0.011719 0.784375 0.121094 0.748437 0.121094
0 0.618750 0.062500 0.660937 0.062500 0.660937 0.214844 0.618750 0.214844
0 0.351562 0.050781 0.385937 0.050781 0.385937 0.160156 0.351562 0.160156
3 0.257812 0.000000 0.296875 0.000000 0.296875 0.080078 0.257812 0.080078
3 0.131250 0.000000 0.185938 0.000000 0.185938 0.117188 0.131250 0.117188
0 0.076563 0.482422 0.167187 0.492188 0.164062 0.533203 0.075000 0.523438
0 0.078125 0.361328 0.115625 0.365234 0.101562 0.474609 0.067187 0.462891
0 0.195312 0.369141 0.232813 0.373047 0.223438 0.480469 0.187500 0.472656
0 0.253125 0.369141 0.285938 0.369141 0.284375 0.480469 0.246875 0.478516
0 0.307812 0.365234 0.340625 0.365234 0.339062 0.472656 0.307812 0.472656
0 0.362500 0.367188 0.393750 0.371094 0.389062 0.476562 0.357812 0.476562
0 0.415625 0.384766 0.448437 0.384766 0.446875 0.492188 0.415625 0.492188
0 0.473438 0.390625 0.504687 0.392578 0.500000 0.486328 0.468750 0.488281
0 0.528125 0.396484 0.562500 0.400391 0.551562 0.511719 0.517188 0.507812
0 0.798438 0.556641 0.889062 0.552734 0.892188 0.595703 0.798438 0.597656
0 0.793750 0.500000 0.871875 0.468750 0.881250 0.513672 0.803125 0.542969
0 0.001563 0.564453 0.042188 0.570312 0.029687 0.681641 0.000000 0.673828
0 0.057813 0.568359 0.098437 0.574219 0.085938 0.685547 0.045312 0.677734
0 0.110937 0.574219 0.151562 0.580078 0.139063 0.691406 0.098437 0.683594
0 0.157812 0.580078 0.198437 0.585938 0.185938 0.697266 0.148438 0.689453
0 0.220312 0.591797 0.254688 0.597656 0.235937 0.708984 0.198437 0.695312
0 0.264062 0.599609 0.303125 0.605469 0.289062 0.718750 0.254688 0.710938
0 0.314063 0.603516 0.348438 0.609375 0.337500 0.720703 0.300000 0.714844
0 0.353125 0.609375 0.387500 0.611328 0.378125 0.728516 0.343750 0.720703
0 0.406250 0.617188 0.440625 0.619141 0.434375 0.734375 0.396875 0.728516
0 0.457813 0.611328 0.492188 0.613281 0.485938 0.728516 0.448437 0.722656
0 0.509375 0.597656 0.545312 0.597656 0.545312 0.718750 0.509375 0.718750
