0 0.923438 0.429688 0.953125 0.402344 0.995313 0.482422 0.970313 0.507812
2 0.070312 0.542969 0.215625 0.423828 0.245312 0.480469 0.098437 0.595703
2 0.112500 0.613281 0.264062 0.494141 0.287500 0.546875 0.145313 0.660156
2 0.145313 0.687500 0.267188 0.591797 0.289062 0.638672 0.173437 0.730469
2 0.184375 0.771484 0.290625 0.701172 0.309375 0.750000 0.209375 0.824219
3 0.218750 0.853516 0.385937 0.716797 0.412500 0.771484 0.240625 0.912109
3 0.235937 0.947266 0.409375 0.826172 0.435937 0.878906 0.278125 0.998047
3 0.284375 1.000000 0.446875 0.906250 0.475000 0.964844 0.312500 1.000000
3 0.779687 0.972656 0.965625 0.833984 0.995313 0.888672 0.804688 1.000000
3 0.625000 0.689453 0.804688 0.541016 0.832812 0.589844 0.657813 0.730469
3 0.589063 0.595703 0.756250 0.449219 0.787500 0.498047 0.615625 0.652344
0 0.657813 0.457031 0.725000 0.402344 0.743750 0.435547 0.675000 0.494141
0 0.270313 0.414062 0.296875 0.396484 0.340625 0.457031 0.314063 0.480469
2 0.284375 0.332031 0.314063 0.298828 0.389062 0.410156 0.354687 0.445312
0 0.348438 0.316406 0.373437 0.291016 0.418750 0.375000 0.390625 0.402344
0 0.495312 0.031250 0.525000 0.009766 0.576562 0.101562 0.548438 0.128906
0 0.454688 0.060547 0.484375 0.039062 0.535937 0.130859 0.507812 0.158203
0 0.407813 0.093750 0.437500 0.072266 0.489063 0.164062 0.460938 0.191406
0 0.312500 0.140625 0.335938 0.117188 0.390625 0.220703 0.364063 0.244141
