0 0.059375 0.771484 0.085938 0.804688 0.017188 0.892578 0.000000 0.859375
0 0.126562 0.771484 0.159375 0.800781 0.082812 0.896484 0.056250 0.861328
0 0.189062 0.787109 0.220312 0.822266 0.151562 0.919922 0.121875 0.882812
0 0.225000 0.841797 0.259375 0.845703 0.243750 0.964844 0.206250 0.955078
0 0.276562 0.845703 0.306250 0.853516 0.293750 0.966797 0.262500 0.957031
0 0.323437 0.841797 0.354687 0.843750 0.343750 0.966797 0.314063 0.960938
0 0.378125 0.804688 0.414062 0.808594 0.401562 0.919922 0.365625 0.916016
0 0.503125 0.818359 0.589063 0.828125 0.587500 0.880859 0.493750 0.867188
0 0.542188 0.615234 0.584375 0.621094 0.568750 0.728516 0.529687 0.720703
0 0.453125 0.597656 0.492188 0.603516 0.482812 0.714844 0.448437 0.710938
0 0.403125 0.603516 0.435937 0.601562 0.435937 0.705078 0.398438 0.703125
0 0.587500 0.613281 0.631250 0.625000 0.620313 0.738281 0.575000 0.728516
0 0.643750 0.625000 0.687500 0.632812 0.671875 0.744141 0.628125 0.734375
0 0.696875 0.630859 0.732812 0.634766 0.723437 0.750000 0.687500 0.748047
0 0.756250 0.640625 0.795312 0.650391 0.782813 0.767578 0.745313 0.759766
0 0.862500 0.669922 0.907813 0.675781 0.896875 0.787109 0.857812 0.781250
0 0.926562 0.664062 0.964063 0.669922 0.959375 0.789062 0.917188 0.787109
0 0.250000 0.244141 0.332813 0.255859 0.329688 0.304688 0.242188 0.292969
0 0.210938 0.322266 0.301563 0.337891 0.293750 0.388672 0.204687 0.373047
0 0.360938 0.345703 0.462500 0.369141 0.454688 0.419922 0.350000 0.402344
0 0.821875 0.417969 0.935937 0.441406 0.928125 0.500000 0.814063 0.478516
0 0.664062 0.396484 0.745313 0.406250 0.742188 0.451172 0.660937 0.439453
0 0.535937 0.294922 0.635938 0.314453 0.628125 0.363281 0.525000 0.341797
0 0.754687 0.000000 0.831250 0.000000 0.821875 0.039062 0.746875 0.025391
0 0.867188 0.054688 0.964063 0.066406 0.957812 0.126953 0.857812 0.109375
0 0.481250 0.000000 0.570312 0.019531 0.564063 0.066406 0.475000 0.048828
4 0.498437 0.619141 0.528125 0.619141 0.521875 0.720703 0.492188 0.716797
