0 0.657813 0.919922 0.693750 0.914062 0.701562 1.000000 0.665625 1.000000
0 0.709375 0.910156 0.739062 0.884766 0.784375 0.978516 0.751563 1.000000
0 0.759375 0.869141 0.787500 0.849609 0.831250 0.943359 0.796875 0.966797
0 0.834375 0.783203 0.875000 0.779297 0.879687 0.900391 0.840625 0.906250
0 0.878125 0.759766 0.907813 0.742188 0.943750 0.849609 0.907813 0.865234
0 0.917188 0.720703 0.953125 0.707031 0.982812 0.833984 0.943750 0.843750
0 0.912500 0.625000 0.995313 0.560547 1.000000 0.603516 0.939063 0.666016
0 0.839063 0.376953 0.920312 0.306641 0.943750 0.345703 0.862500 0.417969
0 0.000000 0.398438 0.071875 0.330078 0.098437 0.378906 0.017188 0.447266
0 0.000000 0.195312 0.050000 0.263672 0.020313 0.302734 0.000000 0.232422
0 0.117188 0.054688 0.189062 0.126953 0.165625 0.162109 0.093750 0.089844
