0 0.531250 0.542969 0.560937 0.535156 0.587500 0.642578 0.543750 0.652344
0 0.423438 0.921875 0.514062 0.966797 0.500000 1.000000 0.410938 0.964844
0 0.423438 0.781250 0.509375 0.822266 0.495312 0.863281 0.410938 0.826172
0 0.415625 0.705078 0.496875 0.748047 0.482812 0.789062 0.404687 0.738281
0 0.403125 0.603516 0.481250 0.650391 0.467187 0.693359 0.392188 0.646484
0 0.376563 0.503906 0.462500 0.554688 0.440625 0.597656 0.362500 0.542969
0 0.362500 0.423828 0.448437 0.460938 0.432812 0.503906 0.351562 0.457031
0 0.357812 0.347656 0.448437 0.382812 0.435937 0.429688 0.350000 0.388672
0 0.370312 0.292969 0.451562 0.308594 0.446875 0.351562 0.365625 0.337891
3 0.693750 0.400391 0.748437 0.384766 0.792188 0.613281 0.732812 0.628906
0 0.629687 0.261719 0.670312 0.250000 0.695312 0.375000 0.646875 0.388672
0 0.284375 0.007812 0.301563 0.000000 0.396875 0.021484 0.379688 0.060547
0 0.298438 0.054688 0.379688 0.068359 0.373437 0.111328 0.289062 0.093750
0 0.420312 0.164062 0.464062 0.156250 0.479687 0.283203 0.431250 0.289062
0 0.293750 0.093750 0.392188 0.117188 0.382812 0.171875 0.282813 0.142578
4 0.431250 0.857422 0.509375 0.888672 0.495312 0.929688 0.420312 0.892578
