0 0.462500 0.017578 0.496875 0.009766 0.514062 0.121094 0.476562 0.126953
1 0.656250 0.142578 0.748437 0.064453 0.775000 0.105469 0.681250 0.191406
0 0.018750 0.820312 0.053125 0.802734 0.093750 0.912109 0.059375 0.929688
0 0.076563 0.818359 0.115625 0.794922 0.153125 0.888672 0.114062 0.908203
0 0.710938 0.480469 0.775000 0.404297 0.800000 0.437500 0.737500 0.515625
0 0.732812 0.548828 0.801562 0.466797 0.825000 0.503906 0.757812 0.582031
0 0.764062 0.587891 0.829688 0.525391 0.857812 0.570312 0.789062 0.634766
0 0.764062 0.673828 0.834375 0.607422 0.857812 0.644531 0.790625 0.710938
0 0.775000 0.732422 0.851562 0.671875 0.875000 0.716797 0.790625 0.775391
0 0.795312 0.800781 0.876563 0.759766 0.892188 0.804688 0.809375 0.847656
0 0.801562 0.878906 0.887500 0.826172 0.909375 0.873047 0.823438 0.919922
0 0.584375 0.880859 0.673438 0.875000 0.676562 0.923828 0.590625 0.937500
0 0.596875 0.816406 0.692187 0.794922 0.698438 0.847656 0.601562 0.865234
0 0.576562 0.740234 0.675000 0.714844 0.684375 0.765625 0.589063 0.789062
0 0.575000 0.675781 0.657813 0.650391 0.670312 0.693359 0.579688 0.720703
0 0.557813 0.599609 0.650000 0.572266 0.664062 0.625000 0.571875 0.652344
0 0.535937 0.492188 0.614062 0.474609 0.625000 0.515625 0.540625 0.535156
0 0.517188 0.443359 0.601562 0.414062 0.609375 0.458984 0.526563 0.484375
0 0.531250 0.347656 0.603125 0.326172 0.609375 0.363281 0.539062 0.380859
0 0.501563 0.271484 0.601562 0.244141 0.612500 0.289062 0.510938 0.316406
0 0.679688 0.228516 0.750000 0.169922 0.775000 0.207031 0.695312 0.265625
0 0.731250 0.000000 0.770312 0.000000 0.785937 0.058594 0.748437 0.062500
0 0.684375 0.000000 0.718750 0.000000 0.739062 0.054688 0.701562 0.062500
0 0.621875 0.000000 0.654687 0.000000 0.678125 0.076172 0.640625 0.085938
0 0.564063 0.000000 0.598437 0.000000 0.623437 0.097656 0.587500 0.107422
0 0.506250 0.000000 0.546875 0.000000 0.565625 0.111328 0.528125 0.121094
0 0.409375 0.021484 0.442188 0.013672 0.453125 0.109375 0.423438 0.117188
