0 0.026562 0.648438 0.064062 0.623047 0.101562 0.714844 0.065625 0.736328
0 0.528125 0.707031 0.618750 0.697266 0.625000 0.744141 0.531250 0.757812
0 0.540625 0.640625 0.640625 0.619141 0.645312 0.667969 0.546875 0.691406
0 0.528125 0.566406 0.623437 0.541016 0.629687 0.585938 0.540625 0.607422
0 0.518750 0.501953 0.601562 0.480469 0.610938 0.519531 0.528125 0.542969
0 0.509375 0.423828 0.601562 0.402344 0.607812 0.445312 0.518750 0.468750
0 0.484375 0.318359 0.562500 0.298828 0.568750 0.341797 0.485938 0.361328
0 0.457813 0.265625 0.550000 0.240234 0.557813 0.285156 0.470313 0.310547
0 0.476562 0.169922 0.548438 0.152344 0.556250 0.193359 0.481250 0.210938
0 0.746875 0.691406 0.835938 0.646484 0.851562 0.693359 0.762500 0.738281
0 0.735938 0.621094 0.820312 0.582031 0.837500 0.628906 0.753125 0.667969
0 0.718750 0.562500 0.800000 0.494141 0.818750 0.529297 0.737500 0.597656
0 0.710938 0.492188 0.779687 0.427734 0.804688 0.462891 0.732812 0.533203
0 0.707812 0.417969 0.776563 0.347656 0.804688 0.386719 0.735938 0.457031
0 0.676562 0.371094 0.743750 0.292969 0.770312 0.322266 0.700000 0.402344
0 0.714063 0.228516 0.740625 0.257812 0.679688 0.337891 0.654687 0.308594
0 0.618750 0.050781 0.695312 0.000000 0.718750 0.021484 0.642188 0.087891
0 0.457813 0.091797 0.546875 0.072266 0.554688 0.119141 0.462500 0.130859
0 0.020313 0.933594 0.057813 0.912109 0.101562 1.000000 0.062500 1.000000
4 0.514062 0.878906 0.614062 0.853516 0.623437 0.900391 0.523438 0.923828
