4 0.778125 0.820312 0.810937 0.818359 0.818750 0.947266 0.787500 0.949219
0 0.148438 0.789062 0.185938 0.789062 0.185938 0.898438 0.148438 0.898438
0 0.209375 0.796875 0.246875 0.796875 0.246875 0.896484 0.209375 0.896484
0 0.287500 0.808594 0.323437 0.808594 0.323437 0.923828 0.287500 0.923828
0 0.329688 0.804688 0.364063 0.804688 0.364063 0.902344 0.329688 0.902344
0 0.407813 0.771484 0.457813 0.771484 0.457813 0.890625 0.407813 0.890625
0 0.479687 0.777344 0.514062 0.777344 0.514062 0.890625 0.479687 0.890625
0 0.529687 0.771484 0.570312 0.771484 0.570312 0.884766 0.529687 0.884766
0 0.593750 0.761719 0.631250 0.761719 0.631250 0.886719 0.593750 0.886719
0 0.651563 0.791016 0.687500 0.791016 0.687500 0.912109 0.651563 0.912109
0 0.926562 0.578125 1.000000 0.578125 1.000000 0.626953 0.926562 0.626953
0 0.645312 0.521484 0.679688 0.507812 0.709375 0.630859 0.670312 0.646484
0 0.592187 0.525391 0.623437 0.519531 0.645312 0.634766 0.607812 0.644531
0 0.514062 0.546875 0.548438 0.521484 0.592187 0.628906 0.557813 0.646484
0 0.462500 0.558594 0.492188 0.539062 0.535937 0.634766 0.509375 0.656250
0 0.401562 0.544922 0.428125 0.521484 0.476562 0.613281 0.443750 0.640625
0 0.351562 0.574219 0.384375 0.542969 0.434375 0.640625 0.403125 0.667969
0 0.298438 0.593750 0.328125 0.574219 0.379688 0.656250 0.353125 0.687500
2 0.021875 0.566406 0.059375 0.548828 0.112500 0.685547 0.065625 0.714844
0 0.106250 0.587891 0.134375 0.564453 0.179688 0.673828 0.145313 0.691406
