0 0.903125 0.929688 0.975000 0.865234 1.000000 0.902344 0.934375 0.966797
0 0.935937 0.781250 0.970313 0.814453 0.906250 0.906250 0.878125 0.869141
0 0.909375 0.728516 0.939063 0.757812 0.882812 0.828125 0.857812 0.802734
0 0.731250 0.699219 0.768750 0.687500 0.792188 0.806641 0.751563 0.816406
0 0.778125 0.632812 0.818750 0.628906 0.846875 0.738281 0.804688 0.757812
0 0.860938 0.613281 0.900000 0.593750 0.932813 0.701172 0.893750 0.716797
0 0.728125 0.292969 0.821875 0.273438 0.826562 0.324219 0.734375 0.337891
0 0.712500 0.244141 0.800000 0.208984 0.810937 0.253906 0.721875 0.283203
0 0.701562 0.191406 0.790625 0.136719 0.807813 0.191406 0.718750 0.228516
0 0.621875 0.005859 0.714063 0.000000 0.729688 0.009766 0.635938 0.056641
0 0.640625 0.078125 0.742188 0.023438 0.757812 0.064453 0.659375 0.115234
0 0.157812 0.000000 0.198437 0.000000 0.225000 0.083984 0.181250 0.097656
