0 0.009375 0.521484 0.092188 0.533203 0.084375 0.583984 0.001563 0.570312
0 0.332813 0.556641 0.423438 0.566406 0.417187 0.613281 0.331250 0.601562
0 0.668750 0.687500 0.765625 0.695312 0.762500 0.744141 0.664062 0.734375
0 0.910937 0.591797 1.000000 0.599609 1.000000 0.656250 0.909375 0.650391
0 0.970313 0.423828 1.000000 0.423828 1.000000 0.548828 0.970313 0.548828
0 0.912500 0.439453 0.956250 0.439453 0.956250 0.550781 0.912500 0.550781
0 0.812500 0.421875 0.853125 0.421875 0.853125 0.542969 0.812500 0.542969
0 0.720313 0.414062 0.759375 0.414062 0.759375 0.517578 0.720313 0.517578
0 0.584375 0.386719 0.623437 0.386719 0.623437 0.513672 0.584375 0.513672
0 0.534375 0.410156 0.570312 0.410156 0.570312 0.521484 0.534375 0.521484
0 0.479687 0.382812 0.515625 0.386719 0.507812 0.500000 0.470313 0.496094
0 0.353125 0.384766 0.390625 0.396484 0.367188 0.513672 0.331250 0.500000
0 0.137500 0.361328 0.176563 0.363281 0.171875 0.478516 0.126562 0.472656
0 0.082812 0.373047 0.121875 0.375000 0.107813 0.484375 0.076563 0.484375
0 0.040625 0.283203 0.132812 0.289062 0.131250 0.339844 0.037500 0.332031
