0 0.900000 0.316406 1.000000 0.335938 0.996875 0.386719 0.892188 0.369141
0 0.775000 0.300781 0.865625 0.314453 0.860938 0.359375 0.771875 0.347656
0 0.000000 0.511719 0.065625 0.511719 0.065625 0.566406 0.000000 0.566406
0 0.051562 0.646484 0.145313 0.646484 0.145313 0.697266 0.051562 0.697266
0 0.210938 0.759766 0.309375 0.777344 0.301563 0.826172 0.204687 0.808594
0 0.856250 0.832031 0.959375 0.857422 0.956250 0.906250 0.850000 0.884766
0 0.470313 0.560547 0.548438 0.572266 0.542188 0.617188 0.467187 0.603516
0 0.657813 0.585938 0.754687 0.615234 0.748437 0.660156 0.648438 0.630859
0 0.015625 0.326172 0.059375 0.335938 0.043750 0.445312 0.006250 0.439453
0 0.064062 0.339844 0.106250 0.345703 0.087500 0.462891 0.050000 0.457031
0 0.187500 0.343750 0.228125 0.353516 0.210938 0.472656 0.175000 0.462891
0 0.232813 0.341797 0.270313 0.349609 0.257812 0.455078 0.220312 0.445312
0 0.284375 0.353516 0.325000 0.355469 0.314063 0.474609 0.271875 0.466797
0 0.326562 0.373047 0.365625 0.375000 0.362500 0.490234 0.328125 0.488281
0 0.417187 0.375000 0.451562 0.378906 0.440625 0.494141 0.404687 0.488281
0 0.846875 0.441406 0.887500 0.445312 0.878125 0.560547 0.837500 0.554688
0 0.704688 0.417969 0.739062 0.421875 0.728125 0.535156 0.692187 0.527344
0 0.609375 0.402344 0.651563 0.410156 0.631250 0.537109 0.598437 0.529297
0 0.545312 0.398438 0.587500 0.404297 0.579688 0.533203 0.528125 0.525391
0 0.506250 0.367188 0.542188 0.396484 0.493750 0.505859 0.453125 0.476562
