4 0.675000 0.792969 0.745313 0.710938 0.773438 0.748047 0.700000 0.822266
0 0.718750 0.828125 0.778125 0.761719 0.803125 0.791016 0.743750 0.859375
0 1.000000 0.660156 1.000000 0.695312 0.965625 0.779297 0.935937 0.742188
0 0.900000 0.697266 0.975000 0.617188 1.000000 0.652344 0.931250 0.740234
0 0.870313 0.656250 0.942187 0.582031 0.967187 0.613281 0.893750 0.691406
0 0.489063 0.083984 0.515625 0.058594 0.575000 0.148438 0.543750 0.173828
0 0.550000 0.195312 0.576562 0.169922 0.635938 0.255859 0.604688 0.285156
0 0.639062 0.324219 0.665625 0.298828 0.725000 0.384766 0.693750 0.414062
0 0.709375 0.435547 0.734375 0.404297 0.793750 0.490234 0.762500 0.519531
0 0.834375 0.761719 0.865625 0.722656 0.940625 0.804688 0.917188 0.837891
0 0.835938 1.000000 0.904687 0.945312 0.931250 0.982422 0.857812 1.000000
0 0.814063 0.964844 0.882812 0.892578 0.907813 0.927734 0.835938 1.000000
0 0.775000 0.917969 0.845313 0.849609 0.868750 0.880859 0.801562 0.951172
0 0.753125 0.871094 0.810937 0.806641 0.834375 0.837891 0.775000 0.902344
0 0.651563 0.726562 0.717187 0.660156 0.745313 0.697266 0.673438 0.759766
0 0.617188 0.683594 0.685937 0.605469 0.714063 0.642578 0.639062 0.712891
0 0.598437 0.630859 0.664062 0.552734 0.692187 0.589844 0.625000 0.660156
0 0.562500 0.589844 0.626563 0.511719 0.657813 0.550781 0.585938 0.625000
0 0.526563 0.537109 0.598437 0.462891 0.623437 0.498047 0.550000 0.572266
0 0.493750 0.490234 0.565625 0.416016 0.590625 0.451172 0.517188 0.525391
0 0.464062 0.447266 0.537500 0.369141 0.562500 0.404297 0.487500 0.482422
0 0.446875 0.388672 0.506250 0.318359 0.531250 0.347656 0.468750 0.421875
0 0.414062 0.349609 0.473438 0.279297 0.495312 0.312500 0.434375 0.376953
0 0.375000 0.302734 0.446875 0.230469 0.468750 0.263672 0.398438 0.333984
0 0.353125 0.250000 0.418750 0.179688 0.442188 0.218750 0.373437 0.285156
0 0.298438 0.210938 0.370312 0.138672 0.393750 0.169922 0.320312 0.244141
0 0.278125 0.140625 0.353125 0.082031 0.376563 0.113281 0.295312 0.173828
0 0.484375 0.789062 0.512500 0.761719 0.570312 0.855469 0.543750 0.880859
0 0.479687 0.652344 0.506250 0.625000 0.565625 0.710938 0.535937 0.750000
0 0.276562 0.505859 0.307812 0.468750 0.371875 0.568359 0.342187 0.595703
0 0.325000 0.345703 0.389062 0.447266 0.359375 0.474609 0.296875 0.382812
0 0.231250 0.277344 0.256250 0.251953 0.310937 0.335938 0.284375 0.361328
0 0.264062 0.058594 0.353125 0.015625 0.367188 0.060547 0.276562 0.099609
2 0.154688 0.013672 0.187500 0.005859 0.212500 0.148438 0.170313 0.158203
2 0.000000 0.082031 0.065625 0.220703 0.032813 0.251953 0.000000 0.117188
