0 0.126562 0.597656 0.157812 0.574219 0.203125 0.662109 0.171875 0.683594
0 0.517188 1.000000 0.590625 0.947266 0.612500 0.982422 0.539062 1.000000
0 0.042188 0.095703 0.067187 0.132812 0.000000 0.201172 0.000000 0.154297
0 0.000000 0.205078 0.071875 0.138672 0.093750 0.185547 0.007812 0.253906
0 0.067187 0.304688 0.131250 0.246094 0.150000 0.277344 0.089063 0.341797
0 0.098437 0.345703 0.160938 0.287109 0.178125 0.318359 0.121875 0.373047
0 0.123438 0.398438 0.193750 0.330078 0.210938 0.359375 0.140625 0.429688
0 0.153125 0.437500 0.223438 0.373047 0.248438 0.410156 0.176563 0.476562
0 0.176563 0.482422 0.250000 0.427734 0.267188 0.466797 0.196875 0.523438
0 0.201563 0.537109 0.281250 0.472656 0.295312 0.500000 0.225000 0.570312
0 0.235937 0.582031 0.303125 0.509766 0.328125 0.539062 0.259375 0.625000
0 0.271875 0.634766 0.350000 0.566406 0.370312 0.601562 0.293750 0.673828
0 0.314063 0.666016 0.387500 0.597656 0.412500 0.628906 0.334375 0.703125
0 0.331250 0.726562 0.404687 0.656250 0.428125 0.699219 0.350000 0.763672
0 0.489063 0.976562 0.554688 0.896484 0.584375 0.931641 0.514062 1.000000
0 0.360938 0.775391 0.431250 0.710938 0.453125 0.748047 0.385937 0.814453
0 0.395313 0.826172 0.465625 0.751953 0.492188 0.787109 0.418750 0.863281
0 0.450000 0.921875 0.525000 0.853516 0.548438 0.894531 0.470313 0.964844
0 0.414062 0.490234 0.443750 0.464844 0.498437 0.548828 0.475000 0.574219
0 0.442188 0.630859 0.473438 0.595703 0.546875 0.689453 0.515625 0.728516
0 0.585938 0.679688 0.662500 0.625000 0.684375 0.662109 0.607812 0.722656
0 0.556250 0.632812 0.635938 0.580078 0.648438 0.617188 0.575000 0.675781
0 0.512500 0.544922 0.575000 0.474609 0.600000 0.503906 0.534375 0.578125
0 0.489063 0.492188 0.550000 0.435547 0.570312 0.472656 0.512500 0.527344
0 0.445312 0.453125 0.518750 0.380859 0.542188 0.416016 0.465625 0.486328
0 0.414062 0.414062 0.484375 0.335938 0.507812 0.371094 0.437500 0.441406
0 0.385937 0.359375 0.454688 0.287109 0.479687 0.314453 0.412500 0.396484
0 0.353125 0.308594 0.426563 0.228516 0.453125 0.261719 0.379688 0.347656
0 0.284375 0.232422 0.350000 0.158203 0.371875 0.187500 0.306250 0.259766
0 0.251563 0.187500 0.320312 0.105469 0.345313 0.138672 0.278125 0.218750
0 0.223438 0.140625 0.292187 0.068359 0.314063 0.103516 0.240625 0.169922
0 0.310937 0.054688 0.378125 0.000000 0.409375 0.011719 0.335938 0.087891
0 0.340625 0.097656 0.409375 0.039062 0.431250 0.068359 0.359375 0.134766
0 0.360938 0.146484 0.442188 0.072266 0.465625 0.109375 0.381250 0.183594
0 0.392188 0.191406 0.464062 0.121094 0.492188 0.156250 0.414062 0.232422
0 0.439063 0.216797 0.507812 0.146484 0.534375 0.185547 0.457813 0.251953
0 0.525000 0.363281 0.603125 0.289062 0.628125 0.332031 0.548438 0.402344
0 0.571875 0.457031 0.650000 0.396484 0.673438 0.435547 0.593750 0.500000
0 0.687500 0.423828 0.718750 0.462891 0.645312 0.542969 0.618750 0.509766
0 0.681250 0.625000 0.765625 0.548828 0.792188 0.599609 0.704688 0.664062
0 0.620313 0.726562 0.693750 0.656250 0.717187 0.697266 0.642188 0.761719
0 0.653125 0.767578 0.734375 0.701172 0.756250 0.740234 0.678125 0.814453
0 0.684375 0.826172 0.760938 0.753906 0.782813 0.792969 0.709375 0.869141
0 0.796875 0.798828 0.823438 0.833984 0.760938 0.914062 0.732812 0.878906
0 0.826562 0.847656 0.854688 0.882812 0.793750 0.966797 0.765625 0.933594
4 0.020313 0.269531 0.093750 0.191406 0.121875 0.228516 0.046875 0.310547
