0 0.920312 0.214844 0.948438 0.181641 1.000000 0.271484 0.984375 0.300781
0 0.856250 0.099609 0.884375 0.070312 0.945312 0.160156 0.915625 0.185547
0 1.000000 0.529297 1.000000 0.562500 0.968750 0.640625 0.945312 0.605469
0 0.907813 0.562500 0.979688 0.486328 1.000000 0.519531 0.931250 0.597656
0 0.864062 0.515625 0.939063 0.439453 0.965625 0.472656 0.890625 0.550781
0 0.835938 0.474609 0.910937 0.398438 0.934375 0.427734 0.860938 0.507812
0 0.876563 0.341797 0.900000 0.371094 0.840625 0.441406 0.818750 0.414062
0 0.840625 0.304688 0.862500 0.335938 0.800000 0.404297 0.781250 0.378906
0 0.743750 0.332031 0.810937 0.253906 0.837500 0.287109 0.768750 0.363281
0 0.715625 0.281250 0.787500 0.205078 0.807813 0.240234 0.735938 0.310547
0 0.660937 0.236328 0.737500 0.160156 0.762500 0.197266 0.682813 0.271484
0 0.640625 0.171875 0.718750 0.103516 0.740625 0.136719 0.659375 0.205078
0 0.625000 0.087891 0.715625 0.037109 0.732812 0.083984 0.639062 0.128906
0 0.856250 0.681641 0.884375 0.646484 0.946875 0.740234 0.917188 0.767578
0 0.746875 0.677734 0.779687 0.642578 0.840625 0.732422 0.815625 0.761719
0 0.664062 0.410156 0.692187 0.376953 0.759375 0.476562 0.731250 0.503906
0 0.617188 0.482422 0.650000 0.453125 0.712500 0.541016 0.682813 0.568359
0 0.595313 0.310547 0.623437 0.277344 0.679688 0.363281 0.648438 0.392578
0 0.464062 0.175781 0.503125 0.146484 0.550000 0.259766 0.509375 0.285156
2 0.518750 0.048828 0.550000 0.039062 0.573438 0.181641 0.535937 0.191406
2 0.328125 0.179688 0.353125 0.150391 0.431250 0.257812 0.401562 0.287109
0 0.260937 0.070312 0.289062 0.042969 0.346875 0.130859 0.320312 0.158203
