0 0.245312 0.000000 0.328125 0.000000 0.339062 0.027344 0.253125 0.048828
0 0.287500 0.035156 0.371875 0.044922 0.367188 0.099609 0.278125 0.082031
0 0.309375 0.134766 0.392188 0.111328 0.401562 0.158203 0.320312 0.179688
0 0.415625 0.335938 0.509375 0.320312 0.518750 0.371094 0.423438 0.386719
0 0.457813 0.429688 0.548438 0.435547 0.546875 0.480469 0.453125 0.486328
2 0.567187 0.699219 0.601562 0.667969 0.673438 0.791016 0.640625 0.818359
2 0.620313 0.640625 0.653125 0.613281 0.728125 0.759766 0.692187 0.787109
0 0.392188 0.000000 0.418750 0.000000 0.467187 0.019531 0.435937 0.042969
0 0.673438 0.068359 0.704688 0.042969 0.753125 0.132812 0.728125 0.154297
0 0.731250 0.171875 0.760938 0.152344 0.810937 0.250000 0.781250 0.271484
0 0.803125 0.302734 0.832812 0.283203 0.882812 0.380859 0.853125 0.402344
0 0.867188 0.416016 0.896875 0.396484 0.946875 0.494141 0.917188 0.515625
0 0.948438 0.587891 0.982812 0.560547 1.000000 0.673828 1.000000 0.701172
0 0.593750 0.343750 0.625000 0.318359 0.676562 0.419922 0.648438 0.439453
0 0.532813 0.212891 0.564063 0.187500 0.614062 0.283203 0.582812 0.306641
0 0.467187 0.082031 0.498437 0.056641 0.548438 0.152344 0.510938 0.179688
2 0.914062 0.902344 0.948438 0.875000 1.000000 0.988281 0.970313 1.000000
4 0.728125 0.585938 0.759375 0.560547 0.817187 0.673828 0.784375 0.699219
