2 0.723437 0.082031 0.764062 0.082031 0.764062 0.208984 0.723437 0.208984
4 0.720313 0.419922 0.753125 0.419922 0.753125 0.511719 0.720313 0.511719
0 0.528125 0.939453 0.573438 0.939453 0.573438 1.000000 0.528125 1.000000
0 0.714063 0.738281 0.757812 0.738281 0.757812 0.855469 0.714063 0.855469
0 0.531250 0.792969 0.568750 0.792969 0.565625 0.906250 0.528125 0.906250
0 0.537500 0.646484 0.575000 0.646484 0.575000 0.771484 0.537500 0.771484
0 0.579688 0.191406 0.610938 0.220703 0.535937 0.310547 0.512500 0.279297
0 0.546875 0.501953 0.587500 0.501953 0.587500 0.626953 0.546875 0.626953
0 0.548438 0.359375 0.592187 0.359375 0.592187 0.478516 0.548438 0.478516
0 0.712500 0.542969 0.753125 0.542969 0.753125 0.656250 0.712500 0.656250
0 0.732812 0.000000 0.765625 0.000000 0.765625 0.066406 0.732812 0.066406
0 0.570312 0.103516 0.598437 0.125000 0.548438 0.218750 0.517188 0.201172
