0 0.871875 0.451172 0.915625 0.445312 0.921875 0.550781 0.881250 0.556641
0 0.518750 0.000000 0.562500 0.000000 0.562500 0.076172 0.518750 0.076172
0 0.684375 0.000000 0.726562 0.000000 0.743750 0.066406 0.696875 0.074219
0 0.748437 0.380859 0.776563 0.359375 0.821875 0.460938 0.790625 0.484375
0 0.704688 0.472656 0.743750 0.472656 0.743750 0.583984 0.704688 0.583984
0 0.778125 0.738281 0.817187 0.738281 0.817187 0.857422 0.778125 0.857422
0 0.701562 0.656250 0.748437 0.656250 0.748437 0.777344 0.701562 0.777344
0 0.518750 0.939453 0.564063 0.939453 0.564063 1.000000 0.518750 1.000000
0 0.546875 0.769531 0.585938 0.781250 0.573438 0.886719 0.535937 0.880859
0 0.528125 0.585938 0.567187 0.585938 0.567187 0.705078 0.528125 0.705078
0 0.523438 0.443359 0.565625 0.443359 0.565625 0.560547 0.523438 0.560547
0 0.521875 0.291016 0.562500 0.291016 0.562500 0.408203 0.521875 0.408203
0 0.525000 0.097656 0.570312 0.097656 0.570312 0.216797 0.525000 0.216797
0 0.220312 0.929688 0.253125 0.929688 0.253125 1.000000 0.220312 1.000000
0 0.339062 0.955078 0.431250 0.955078 0.431250 1.000000 0.339062 1.000000
0 0.350000 0.900391 0.420312 0.900391 0.420312 0.951172 0.350000 0.951172
0 0.339062 0.832031 0.435937 0.832031 0.435937 0.884766 0.339062 0.884766
0 0.334375 0.765625 0.423438 0.765625 0.423438 0.822266 0.334375 0.822266
0 0.340625 0.597656 0.428125 0.597656 0.428125 0.646484 0.340625 0.646484
0 0.331250 0.537109 0.423438 0.531250 0.428125 0.583984 0.335938 0.591797
0 0.331250 0.343750 0.418750 0.337891 0.426563 0.382812 0.335938 0.396484
0 0.342187 0.279297 0.439063 0.279297 0.439063 0.337891 0.342187 0.337891
0 0.335938 0.224609 0.423438 0.222656 0.429688 0.267578 0.340625 0.281250
0 0.350000 0.175781 0.429688 0.175781 0.429688 0.218750 0.350000 0.218750
0 0.345313 0.109375 0.435937 0.109375 0.435937 0.162109 0.345313 0.162109
0 0.345313 0.000000 0.437500 0.000000 0.437500 0.033203 0.345313 0.033203
0 0.335938 0.048828 0.429688 0.048828 0.429688 0.095703 0.335938 0.095703
0 0.296875 0.103516 0.340625 0.103516 0.340625 0.222656 0.296875 0.222656
0 0.295312 0.234375 0.337500 0.234375 0.337500 0.355469 0.295312 0.355469
0 0.154688 0.447266 0.246875 0.447266 0.246875 0.505859 0.154688 0.505859
0 0.134375 0.271484 0.232813 0.271484 0.232813 0.322266 0.134375 0.322266
0 0.150000 0.025391 0.235937 0.025391 0.235937 0.072266 0.150000 0.072266
4 0.700000 0.923828 0.735938 0.923828 0.735938 1.000000 0.700000 1.000000
4 0.601562 0.642578 0.642188 0.642578 0.642188 0.755859 0.601562 0.755859
1 0.335938 0.683594 0.421875 0.683594 0.421875 0.732422 0.335938 0.732422
4 0.335938 0.396484 0.440625 0.396484 0.440625 0.435547 0.335938 0.435547
4 0.317188 0.470703 0.428125 0.478516 0.423438 0.529297 0.314063 0.517578
4 0.154688 0.082031 0.251563 0.082031 0.251563 0.130859 0.154688 0.130859
