0 0.907813 0.951172 1.000000 0.951172 1.000000 1.000000 0.907813 1.000000
0 0.934375 0.783203 1.000000 0.775391 1.000000 0.830078 0.939063 0.841797
0 0.751563 0.787109 0.876563 0.787109 0.876563 0.853516 0.751563 0.853516
0 0.470313 0.792969 0.601562 0.792969 0.601562 0.863281 0.470313 0.863281
0 0.298438 0.798828 0.428125 0.798828 0.428125 0.865234 0.298438 0.865234
0 0.032813 0.792969 0.154688 0.792969 0.154688 0.863281 0.032813 0.863281
0 0.932813 0.699219 1.000000 0.699219 1.000000 0.761719 0.932813 0.761719
0 0.939063 0.625000 1.000000 0.625000 1.000000 0.679688 0.939063 0.679688
0 0.926562 0.542969 1.000000 0.542969 1.000000 0.605469 0.926562 0.605469
0 0.928125 0.462891 1.000000 0.470703 1.000000 0.527344 0.921875 0.519531
0 0.925000 0.388672 1.000000 0.388672 1.000000 0.451172 0.925000 0.451172
0 0.925000 0.312500 1.000000 0.312500 1.000000 0.365234 0.925000 0.365234
0 0.921875 0.232422 1.000000 0.232422 1.000000 0.298828 0.921875 0.298828
0 0.920312 0.164062 1.000000 0.164062 1.000000 0.218750 0.920312 0.218750
0 0.907813 0.083984 1.000000 0.083984 1.000000 0.152344 0.907813 0.152344
0 0.909375 0.009766 1.000000 0.009766 1.000000 0.064453 0.909375 0.064453
0 0.778125 0.705078 0.876563 0.703125 0.881250 0.767578 0.782813 0.773438
0 0.759375 0.630859 0.876563 0.630859 0.876563 0.701172 0.759375 0.701172
0 0.753125 0.554688 0.878125 0.554688 0.878125 0.619141 0.753125 0.619141
0 0.764062 0.476562 0.870313 0.476562 0.870313 0.541016 0.764062 0.541016
0 0.753125 0.390625 0.870313 0.390625 0.870313 0.455078 0.753125 0.455078
0 0.751563 0.314453 0.865625 0.314453 0.865625 0.378906 0.751563 0.378906
0 0.751563 0.232422 0.860938 0.232422 0.860938 0.292969 0.751563 0.292969
0 0.746875 0.158203 0.864062 0.158203 0.864062 0.214844 0.746875 0.214844
0 0.737500 0.085938 0.853125 0.085938 0.853125 0.152344 0.737500 0.152344
0 0.742188 0.011719 0.856250 0.011719 0.856250 0.070312 0.742188 0.070312
0 0.476562 0.712891 0.595313 0.710938 0.598437 0.775391 0.478125 0.777344
0 0.482812 0.630859 0.600000 0.630859 0.600000 0.695312 0.482812 0.695312
0 0.478125 0.548828 0.598437 0.548828 0.598437 0.609375 0.478125 0.609375
0 0.476562 0.458984 0.600000 0.458984 0.600000 0.525391 0.476562 0.525391
0 0.481250 0.390625 0.600000 0.390625 0.600000 0.451172 0.481250 0.451172
0 0.489063 0.310547 0.600000 0.310547 0.600000 0.371094 0.489063 0.371094
0 0.467187 0.224609 0.603125 0.224609 0.603125 0.296875 0.467187 0.296875
0 0.465625 0.150391 0.590625 0.150391 0.590625 0.216797 0.465625 0.216797
0 0.479687 0.015625 0.593750 0.015625 0.593750 0.078125 0.479687 0.078125
0 0.304688 0.015625 0.409375 0.009766 0.415625 0.064453 0.312500 0.080078
0 0.314063 0.087891 0.420312 0.087891 0.420312 0.150391 0.314063 0.150391
0 0.306250 0.164062 0.420312 0.164062 0.420312 0.228516 0.306250 0.228516
0 0.312500 0.240234 0.431250 0.240234 0.431250 0.304688 0.312500 0.304688
0 0.317188 0.326172 0.406250 0.312500 0.417187 0.371094 0.321875 0.375000
0 0.309375 0.390625 0.431250 0.390625 0.431250 0.458984 0.309375 0.458984
0 0.296875 0.476562 0.415625 0.476562 0.415625 0.541016 0.296875 0.541016
0 0.315625 0.558594 0.434375 0.558594 0.434375 0.619141 0.315625 0.619141
0 0.301563 0.630859 0.421875 0.630859 0.421875 0.699219 0.301563 0.699219
0 0.303125 0.714844 0.434375 0.714844 0.434375 0.785156 0.303125 0.785156
0 0.032813 0.716797 0.157812 0.716797 0.157812 0.781250 0.032813 0.781250
0 0.048438 0.632812 0.159375 0.632812 0.159375 0.699219 0.048438 0.699219
0 0.034375 0.562500 0.148438 0.554688 0.150000 0.613281 0.035937 0.617188
0 0.037500 0.472656 0.157812 0.474609 0.156250 0.544922 0.037500 0.537109
0 0.034375 0.396484 0.154688 0.396484 0.154688 0.466797 0.034375 0.466797
0 0.039062 0.324219 0.157812 0.324219 0.157812 0.384766 0.039062 0.384766
0 0.040625 0.240234 0.154688 0.240234 0.154688 0.308594 0.040625 0.308594
0 0.034375 0.164062 0.157812 0.164062 0.157812 0.232422 0.034375 0.232422
0 0.035937 0.087891 0.153125 0.087891 0.153125 0.158203 0.035937 0.158203
0 0.037500 0.023438 0.150000 0.023438 0.150000 0.078125 0.037500 0.078125
