0 0.721875 0.923828 0.843750 0.906250 0.846875 0.976562 0.725000 0.980469
0 0.721875 0.833984 0.850000 0.835938 0.853125 0.892578 0.729688 0.910156
0 0.734375 0.753906 0.842187 0.753906 0.842187 0.822266 0.734375 0.822266
0 0.720313 0.664062 0.843750 0.664062 0.843750 0.734375 0.720313 0.734375
0 0.706250 0.582031 0.825000 0.582031 0.828125 0.642578 0.714063 0.654297
0 0.723437 0.505859 0.829688 0.501953 0.831250 0.558594 0.723437 0.572266
0 0.364063 0.343750 0.476562 0.343750 0.478125 0.406250 0.360938 0.406250
0 0.373437 0.417969 0.473438 0.417969 0.473438 0.474609 0.373437 0.474609
0 0.375000 0.490234 0.476562 0.486328 0.481250 0.544922 0.373437 0.550781
0 0.365625 0.566406 0.479687 0.566406 0.479687 0.625000 0.365625 0.625000
0 0.362500 0.640625 0.481250 0.640625 0.481250 0.705078 0.362500 0.705078
0 0.370312 0.720703 0.482812 0.716797 0.482812 0.777344 0.370312 0.779297
0 0.376563 0.791016 0.482812 0.798828 0.478125 0.855469 0.371875 0.845703
0 0.364063 0.863281 0.484375 0.863281 0.484375 0.937500 0.364063 0.937500
0 0.375000 0.945312 0.482812 0.945312 0.482812 1.000000 0.375000 1.000000
0 0.214062 0.941406 0.328125 0.953125 0.326562 1.000000 0.210938 1.000000
0 0.207813 0.878906 0.315625 0.865234 0.320312 0.923828 0.210938 0.937500
0 0.192188 0.791016 0.301563 0.791016 0.301563 0.851562 0.192188 0.851562
0 0.201563 0.716797 0.309375 0.716797 0.309375 0.773438 0.201563 0.773438
0 0.220312 0.640625 0.312500 0.640625 0.312500 0.693359 0.220312 0.693359
0 0.198437 0.562500 0.301563 0.562500 0.301563 0.623047 0.198437 0.623047
0 0.198437 0.492188 0.307812 0.486328 0.310937 0.542969 0.203125 0.550781
0 0.198437 0.414062 0.293750 0.414062 0.293750 0.470703 0.198437 0.470703
0 0.198437 0.347656 0.293750 0.347656 0.293750 0.410156 0.198437 0.410156
0 0.000000 0.943359 0.060937 0.943359 0.060937 1.000000 0.000000 1.000000
0 0.000000 0.867188 0.053125 0.867188 0.053125 0.931641 0.000000 0.931641
0 0.000000 0.791016 0.057813 0.791016 0.057813 0.855469 0.000000 0.855469
0 0.000000 0.714844 0.064062 0.714844 0.064062 0.779297 0.000000 0.779297
0 0.000000 0.632812 0.050000 0.632812 0.050000 0.697266 0.000000 0.697266
0 0.000000 0.566406 0.051562 0.566406 0.051562 0.619141 0.000000 0.619141
0 0.000000 0.486328 0.060937 0.486328 0.060937 0.552734 0.000000 0.552734
0 0.000000 0.421875 0.057813 0.421875 0.057813 0.474609 0.000000 0.474609
0 0.000000 0.349609 0.059375 0.349609 0.059375 0.414062 0.000000 0.414062
0 0.156250 0.191406 0.260937 0.191406 0.260937 0.253906 0.156250 0.253906
0 0.642188 0.347656 0.695312 0.347656 0.695312 0.488281 0.642188 0.488281
0 0.626563 0.154297 0.682813 0.154297 0.682813 0.308594 0.626563 0.308594
0 0.618750 0.000000 0.664062 0.000000 0.664062 0.125000 0.618750 0.125000
0 0.342187 0.179688 0.440625 0.179688 0.440625 0.236328 0.342187 0.236328
0 0.334375 0.095703 0.439063 0.095703 0.439063 0.162109 0.334375 0.162109
0 0.335938 0.019531 0.446875 0.019531 0.446875 0.083984 0.335938 0.083984
