0 0.817187 0.929688 0.898438 0.929688 0.898438 0.978516 0.817187 0.978516
0 0.798438 0.865234 0.898438 0.865234 0.898438 0.914062 0.798438 0.914062
0 0.800000 0.802734 0.900000 0.802734 0.900000 0.855469 0.800000 0.855469
0 0.801562 0.738281 0.903125 0.738281 0.903125 0.798828 0.801562 0.798828
0 0.818750 0.673828 0.907813 0.673828 0.907813 0.732422 0.818750 0.732422
0 0.796875 0.613281 0.903125 0.613281 0.903125 0.664062 0.796875 0.664062
0 0.801562 0.550781 0.895312 0.550781 0.895312 0.597656 0.801562 0.597656
0 0.585938 0.931641 0.681250 0.921875 0.685937 0.970703 0.590625 0.976562
0 0.585938 0.871094 0.681250 0.871094 0.681250 0.919922 0.585938 0.919922
0 0.601562 0.802734 0.687500 0.806641 0.685937 0.857422 0.601562 0.851562
0 0.593750 0.734375 0.684375 0.736328 0.685937 0.787109 0.590625 0.785156
0 0.587500 0.679688 0.682813 0.679688 0.682813 0.724609 0.587500 0.724609
0 0.595313 0.617188 0.685937 0.617188 0.685937 0.666016 0.595313 0.666016
0 0.585938 0.554688 0.682813 0.554688 0.682813 0.603516 0.585938 0.603516
0 0.454688 0.925781 0.553125 0.925781 0.553125 0.986328 0.454688 0.986328
0 0.450000 0.861328 0.543750 0.861328 0.545312 0.914062 0.453125 0.921875
0 0.464062 0.808594 0.557813 0.808594 0.557813 0.855469 0.464062 0.855469
0 0.451562 0.746094 0.548438 0.746094 0.548438 0.796875 0.451562 0.796875
0 0.457813 0.679688 0.543750 0.679688 0.543750 0.736328 0.457813 0.736328
0 0.457813 0.546875 0.559375 0.554688 0.556250 0.605469 0.454688 0.601562
0 0.096875 0.933594 0.192188 0.933594 0.192188 0.990234 0.096875 0.990234
0 0.103125 0.873047 0.190625 0.873047 0.190625 0.921875 0.103125 0.921875
0 0.100000 0.802734 0.198437 0.802734 0.198437 0.857422 0.100000 0.857422
0 0.100000 0.742188 0.187500 0.742188 0.187500 0.785156 0.100000 0.785156
0 0.101562 0.675781 0.195312 0.683594 0.192188 0.734375 0.096875 0.720703
0 0.100000 0.613281 0.192188 0.613281 0.192188 0.664062 0.100000 0.664062
0 0.103125 0.546875 0.190625 0.546875 0.190625 0.599609 0.103125 0.599609
0 0.237500 0.937500 0.332813 0.931641 0.332813 0.976562 0.239063 0.980469
0 0.237500 0.867188 0.332813 0.867188 0.332813 0.917969 0.237500 0.917969
0 0.231250 0.804688 0.325000 0.804688 0.325000 0.851562 0.231250 0.851562
0 0.228125 0.736328 0.329688 0.736328 0.331250 0.789062 0.228125 0.791016
0 0.250000 0.671875 0.321875 0.681641 0.318750 0.718750 0.245312 0.710938
0 0.240625 0.613281 0.340625 0.613281 0.340625 0.667969 0.240625 0.667969
0 0.231250 0.550781 0.331250 0.550781 0.331250 0.601562 0.231250 0.601562
0 0.135937 0.417969 0.226562 0.417969 0.226562 0.468750 0.135937 0.468750
0 0.228125 0.412109 0.323437 0.402344 0.328125 0.462891 0.229687 0.460938
0 0.525000 0.417969 0.617188 0.417969 0.617188 0.468750 0.525000 0.468750
0 0.878125 0.416016 0.976562 0.416016 0.976562 0.468750 0.878125 0.468750
0 0.923438 0.091797 0.976562 0.091797 0.976562 0.224609 0.923438 0.224609
0 0.871875 0.095703 0.917188 0.095703 0.917188 0.210938 0.871875 0.210938
0 0.812500 0.091797 0.850000 0.091797 0.850000 0.193359 0.812500 0.193359
0 0.757812 0.103516 0.793750 0.103516 0.796875 0.210938 0.757812 0.212891
0 0.707812 0.101562 0.746875 0.101562 0.746875 0.216797 0.707812 0.216797
0 0.657813 0.123047 0.687500 0.123047 0.692187 0.214844 0.656250 0.214844
0 0.595313 0.097656 0.634375 0.097656 0.634375 0.199219 0.595313 0.199219
0 0.540625 0.115234 0.581250 0.115234 0.581250 0.224609 0.540625 0.224609
0 0.481250 0.101562 0.520312 0.101562 0.520312 0.222656 0.481250 0.222656
0 0.421875 0.093750 0.464062 0.093750 0.464062 0.214844 0.421875 0.214844
0 0.367188 0.089844 0.409375 0.089844 0.409375 0.208984 0.367188 0.208984
0 0.310937 0.093750 0.345313 0.093750 0.345313 0.214844 0.310937 0.214844
0 0.257812 0.099609 0.295312 0.099609 0.295312 0.218750 0.257812 0.218750
0 0.201563 0.095703 0.240625 0.095703 0.240625 0.214844 0.201563 0.214844
0 0.142187 0.091797 0.185938 0.091797 0.185938 0.212891 0.142187 0.212891
0 0.084375 0.099609 0.128125 0.099609 0.128125 0.224609 0.084375 0.224609
0 0.028125 0.115234 0.078125 0.115234 0.078125 0.240234 0.028125 0.240234
