4 0.160938 0.535156 0.198437 0.529297 0.214062 0.646484 0.176563 0.654297
4 0.546875 0.228516 0.579688 0.226562 0.578125 0.310547 0.546875 0.310547
0 0.043750 0.521484 0.082812 0.523438 0.081250 0.636719 0.040625 0.638672
0 0.098437 0.529297 0.137500 0.531250 0.135937 0.642578 0.096875 0.644531
0 0.339062 0.542969 0.381250 0.542969 0.381250 0.664062 0.335938 0.662109
0 0.640625 0.494141 0.681250 0.505859 0.651563 0.623047 0.612500 0.611328
0 0.685937 0.527344 0.723437 0.523438 0.726562 0.634766 0.685937 0.636719
0 0.742188 0.562500 0.782813 0.562500 0.784375 0.673828 0.742188 0.677734
0 0.795312 0.564453 0.832812 0.564453 0.839063 0.679688 0.798438 0.677734
0 0.850000 0.558594 0.884375 0.560547 0.878125 0.679688 0.835938 0.669922
0 0.885938 0.224609 0.928125 0.228516 0.925000 0.351562 0.876563 0.347656
0 0.714063 0.228516 0.748437 0.228516 0.757812 0.345703 0.714063 0.347656
0 0.657813 0.220703 0.696875 0.224609 0.696875 0.353516 0.651563 0.351562
0 0.598437 0.214844 0.642188 0.218750 0.642188 0.337891 0.598437 0.335938
0 0.457813 0.203125 0.496875 0.205078 0.492188 0.316406 0.451562 0.312500
0 0.396875 0.199219 0.443750 0.199219 0.440625 0.312500 0.396875 0.310547
0 0.345313 0.208984 0.389062 0.208984 0.384375 0.320312 0.343750 0.320312
0 0.295312 0.224609 0.337500 0.222656 0.334375 0.330078 0.292187 0.326172
0 0.114062 0.191406 0.154688 0.197266 0.143750 0.306641 0.104688 0.300781
