0 0.415625 0.673828 0.500000 0.738281 0.481250 0.779297 0.398438 0.716797
0 0.520312 0.757812 0.584375 0.824219 0.560937 0.859375 0.498437 0.798828
0 0.554688 0.697266 0.589063 0.677734 0.625000 0.777344 0.590625 0.798828
0 0.617188 0.617188 0.693750 0.675781 0.673438 0.714844 0.595313 0.658203
0 0.662500 0.564453 0.737500 0.634766 0.710938 0.667969 0.640625 0.601562
0 0.687500 0.509766 0.757812 0.585938 0.742188 0.617188 0.662500 0.548828
0 0.729688 0.480469 0.793750 0.535156 0.771875 0.568359 0.709375 0.513672
0 0.768750 0.441406 0.823438 0.494141 0.810937 0.523438 0.751563 0.472656
0 0.793750 0.386719 0.860938 0.447266 0.845313 0.486328 0.776563 0.425781
0 0.825000 0.337891 0.901563 0.404297 0.878125 0.445312 0.803125 0.375000
0 0.856250 0.281250 0.926562 0.355469 0.903125 0.392578 0.829688 0.320312
0 0.892188 0.253906 0.970313 0.308594 0.954688 0.347656 0.879687 0.294922
0 0.929688 0.201172 1.000000 0.259766 0.985938 0.302734 0.907813 0.246094
0 0.962500 0.146484 1.000000 0.212891 1.000000 0.251953 0.939063 0.183594
0 0.910937 0.050781 0.967187 0.000000 0.992188 0.003906 0.932813 0.083984
0 0.682813 0.402344 0.710938 0.435547 0.667188 0.494141 0.639062 0.466797
0 0.695312 0.074219 0.773438 0.140625 0.753125 0.177734 0.671875 0.119141
0 0.665625 0.130859 0.748437 0.189453 0.728125 0.232422 0.648438 0.173828
0 0.640625 0.185547 0.717187 0.246094 0.696875 0.285156 0.621875 0.220703
0 0.614062 0.236328 0.695312 0.300781 0.670312 0.341797 0.595313 0.275391
0 0.587500 0.287109 0.673438 0.355469 0.646875 0.400391 0.565625 0.328125
0 0.559375 0.347656 0.639062 0.410156 0.615625 0.451172 0.539062 0.384766
0 0.534375 0.400391 0.625000 0.457031 0.603125 0.500000 0.518750 0.437500
0 0.506250 0.437500 0.581250 0.494141 0.564063 0.535156 0.489063 0.478516
0 0.473438 0.496094 0.553125 0.560547 0.529687 0.599609 0.450000 0.533203
0 0.445312 0.554688 0.526563 0.611328 0.504687 0.662109 0.426563 0.593750
0 0.725000 0.019531 0.806250 0.091797 0.782813 0.134766 0.704688 0.064453
0 0.743750 0.013672 0.765625 0.000000 0.840625 0.035156 0.818750 0.082031
0 0.617188 0.000000 0.634375 0.000000 0.717187 0.019531 0.696875 0.060547
0 0.609375 0.017578 0.693750 0.068359 0.668750 0.115234 0.587500 0.060547
0 0.579688 0.076172 0.662500 0.126953 0.642188 0.173828 0.562500 0.121094
0 0.551562 0.117188 0.635938 0.179688 0.610938 0.228516 0.531250 0.154297
0 0.532813 0.160156 0.609375 0.226562 0.581250 0.271484 0.512500 0.199219
0 0.498437 0.218750 0.576562 0.275391 0.557813 0.318359 0.481250 0.261719
0 0.481250 0.285156 0.546875 0.335938 0.529687 0.371094 0.462500 0.314453
0 0.440625 0.328125 0.521875 0.384766 0.501563 0.427734 0.421875 0.369141
0 0.420312 0.378906 0.493750 0.435547 0.473438 0.476562 0.400000 0.414062
0 0.393750 0.423828 0.470313 0.496094 0.445312 0.533203 0.370312 0.464844
0 0.359375 0.480469 0.435937 0.544922 0.410938 0.582031 0.339062 0.517578
0 0.328125 0.595703 0.396875 0.650391 0.376563 0.687500 0.309375 0.634766
0 0.239063 0.513672 0.317188 0.572266 0.296875 0.613281 0.220312 0.550781
0 0.132812 0.445312 0.215625 0.511719 0.192188 0.550781 0.110937 0.480469
0 0.164062 0.388672 0.239063 0.445312 0.218750 0.490234 0.143750 0.421875
0 0.198437 0.345703 0.267188 0.402344 0.248438 0.437500 0.179688 0.384766
0 0.220312 0.298828 0.303125 0.353516 0.281250 0.394531 0.204687 0.330078
0 0.248438 0.238281 0.326562 0.298828 0.298438 0.339844 0.226562 0.277344
0 0.273438 0.183594 0.356250 0.250000 0.334375 0.289062 0.251563 0.224609
0 0.296875 0.138672 0.381250 0.195312 0.359375 0.238281 0.276562 0.173828
0 0.070312 0.318359 0.150000 0.380859 0.126562 0.421875 0.050000 0.357422
0 0.107813 0.281250 0.189062 0.343750 0.165625 0.380859 0.090625 0.322266
0 0.140625 0.222656 0.212500 0.277344 0.190625 0.320312 0.120313 0.261719
0 0.151562 0.164062 0.229687 0.224609 0.207813 0.265625 0.132812 0.197266
0 0.190625 0.113281 0.265625 0.179688 0.240625 0.216797 0.168750 0.148438
0 0.223438 0.064453 0.296875 0.130859 0.270313 0.169922 0.201563 0.099609
0 0.334375 0.083984 0.412500 0.144531 0.393750 0.189453 0.312500 0.126953
0 0.256250 0.015625 0.326562 0.080078 0.307812 0.117188 0.231250 0.056641
0 0.371875 0.033203 0.443750 0.099609 0.423438 0.142578 0.348438 0.070312
0 0.393750 0.000000 0.471875 0.052734 0.450000 0.091797 0.378125 0.027344
0 0.265625 0.011719 0.287500 0.000000 0.367188 0.027344 0.342187 0.068359
0 0.000000 0.089844 0.054688 0.146484 0.029687 0.183594 0.000000 0.126953
0 0.009375 0.044922 0.082812 0.099609 0.064062 0.140625 0.000000 0.082031
0 0.032813 0.000000 0.114062 0.044922 0.090625 0.078125 0.015625 0.023438
