4 0.198437 0.539062 0.298438 0.541016 0.296875 0.593750 0.200000 0.593750
0 0.945312 0.007812 1.000000 0.005859 1.000000 0.062500 0.945312 0.068359
0 0.706250 0.925781 0.825000 0.929688 0.825000 1.000000 0.704688 0.996094
0 0.720313 0.841797 0.831250 0.853516 0.825000 0.921875 0.712500 0.910156
0 0.704688 0.767578 0.818750 0.765625 0.821875 0.824219 0.704688 0.830078
0 0.692187 0.687500 0.818750 0.679688 0.820312 0.744141 0.692187 0.746094
0 0.693750 0.607422 0.812500 0.607422 0.812500 0.666016 0.695312 0.675781
0 0.703125 0.535156 0.812500 0.531250 0.812500 0.589844 0.703125 0.591797
0 0.695312 0.457031 0.809375 0.455078 0.807813 0.507812 0.698438 0.517578
0 0.709375 0.380859 0.825000 0.380859 0.826562 0.435547 0.710938 0.441406
0 0.698438 0.296875 0.803125 0.292969 0.804688 0.341797 0.700000 0.357422
0 0.693750 0.220703 0.814063 0.214844 0.817187 0.279297 0.696875 0.287109
0 0.710938 0.140625 0.818750 0.142578 0.821875 0.207031 0.712500 0.210938
0 0.710938 0.062500 0.817187 0.066406 0.820312 0.125000 0.712500 0.126953
0 0.693750 0.000000 0.803125 0.000000 0.809375 0.041016 0.700000 0.050781
0 0.571875 0.000000 0.685937 0.000000 0.692187 0.048828 0.575000 0.062500
0 0.578125 0.070312 0.698438 0.072266 0.700000 0.134766 0.579688 0.134766
0 0.575000 0.142578 0.684375 0.144531 0.684375 0.208984 0.573438 0.207031
0 0.568750 0.222656 0.684375 0.214844 0.687500 0.279297 0.568750 0.285156
0 0.573438 0.296875 0.681250 0.296875 0.681250 0.357422 0.573438 0.353516
0 0.584375 0.380859 0.704688 0.384766 0.704688 0.439453 0.587500 0.449219
0 0.578125 0.462891 0.690625 0.460938 0.690625 0.523438 0.578125 0.525391
0 0.576562 0.531250 0.695312 0.533203 0.698438 0.597656 0.578125 0.601562
0 0.581250 0.617188 0.676562 0.615234 0.676562 0.667969 0.581250 0.671875
0 0.578125 0.683594 0.690625 0.681641 0.689063 0.738281 0.576562 0.742188
0 0.575000 0.769531 0.684375 0.753906 0.692187 0.816406 0.578125 0.830078
0 0.587500 0.835938 0.701562 0.849609 0.698438 0.912109 0.581250 0.904297
0 0.578125 0.923828 0.696875 0.929688 0.698438 0.990234 0.578125 0.996094
0 0.331250 0.927734 0.445312 0.929688 0.442188 0.998047 0.332813 0.996094
0 0.328125 0.853516 0.437500 0.849609 0.440625 0.914062 0.329688 0.912109
0 0.312500 0.773438 0.423438 0.777344 0.421875 0.841797 0.314063 0.839844
0 0.326562 0.685547 0.442188 0.681641 0.445312 0.742188 0.328125 0.750000
0 0.326562 0.589844 0.435937 0.585938 0.440625 0.646484 0.326562 0.652344
0 0.367188 0.468750 0.476562 0.470703 0.476562 0.529297 0.367188 0.525391
0 0.354687 0.392578 0.465625 0.392578 0.467187 0.453125 0.356250 0.451172
0 0.334375 0.308594 0.446875 0.306641 0.450000 0.369141 0.337500 0.378906
0 0.329688 0.234375 0.442188 0.234375 0.443750 0.292969 0.328125 0.302734
0 0.334375 0.164062 0.425000 0.166016 0.425000 0.218750 0.334375 0.220703
0 0.332813 0.080078 0.439063 0.082031 0.437500 0.144531 0.328125 0.136719
0 0.334375 0.009766 0.446875 0.007812 0.445312 0.068359 0.334375 0.068359
0 0.214062 0.003906 0.321875 0.001953 0.320312 0.062500 0.215625 0.064453
0 0.209375 0.083984 0.318750 0.082031 0.317188 0.142578 0.210938 0.150391
0 0.217188 0.171875 0.312500 0.166016 0.312500 0.220703 0.218750 0.230469
0 0.210938 0.246094 0.301563 0.246094 0.303125 0.300781 0.210938 0.306641
0 0.212500 0.312500 0.312500 0.312500 0.314063 0.365234 0.214062 0.371094
0 0.212500 0.378906 0.329688 0.378906 0.331250 0.439453 0.212500 0.441406
0 0.207813 0.457031 0.315625 0.458984 0.317188 0.519531 0.206250 0.517578
0 0.198437 0.615234 0.314063 0.607422 0.317188 0.664062 0.203125 0.675781
0 0.204687 0.695312 0.312500 0.695312 0.310937 0.757812 0.204687 0.755859
0 0.203125 0.769531 0.295312 0.769531 0.295312 0.830078 0.201563 0.828125
0 0.203125 0.845703 0.318750 0.851562 0.317188 0.912109 0.204687 0.912109
0 0.196875 0.927734 0.314063 0.931641 0.310937 0.996094 0.198437 0.998047
0 0.018750 0.794922 0.070312 0.796875 0.070312 0.939453 0.015625 0.937500
0 0.018750 0.648438 0.070312 0.644531 0.073438 0.787109 0.025000 0.791016
0 0.028125 0.492188 0.082812 0.490234 0.078125 0.638672 0.021875 0.640625
0 0.032813 0.322266 0.081250 0.322266 0.081250 0.455078 0.031250 0.455078
0 0.029687 0.171875 0.071875 0.164062 0.084375 0.287109 0.039062 0.292969
0 0.039062 0.000000 0.089063 0.000000 0.090625 0.126953 0.037500 0.126953
