4 0.695312 0.451172 0.739062 0.458984 0.731250 0.564453 0.685937 0.558594
4 0.431250 0.455078 0.467187 0.455078 0.464062 0.564453 0.428125 0.560547
4 0.851562 0.255859 0.953125 0.255859 0.954688 0.312500 0.850000 0.312500
0 0.945312 0.873047 0.978125 0.875000 0.978125 0.972656 0.946875 0.972656
0 0.901563 0.865234 0.943750 0.867188 0.940625 0.986328 0.893750 0.980469
0 0.845313 0.853516 0.890625 0.855469 0.881250 0.964844 0.840625 0.958984
0 0.787500 0.849609 0.832812 0.849609 0.832812 0.978516 0.785937 0.978516
0 0.729688 0.849609 0.775000 0.855469 0.771875 0.984375 0.725000 0.982422
0 0.671875 0.857422 0.717187 0.853516 0.718750 0.982422 0.676562 0.986328
0 0.618750 0.851562 0.660937 0.849609 0.662500 0.976562 0.620313 0.976562
0 0.573438 0.853516 0.617188 0.853516 0.614062 0.978516 0.573438 0.978516
0 0.510938 0.843750 0.557813 0.847656 0.556250 0.966797 0.514062 0.966797
0 0.454688 0.843750 0.500000 0.841797 0.493750 0.966797 0.450000 0.964844
0 0.400000 0.863281 0.446875 0.863281 0.443750 0.990234 0.400000 0.990234
0 0.957812 0.603516 1.000000 0.603516 0.992188 0.728516 0.956250 0.724609
0 0.903125 0.595703 0.940625 0.599609 0.945312 0.705078 0.904687 0.707031
0 0.929688 0.460938 0.971875 0.460938 0.970313 0.585938 0.931250 0.582031
0 0.848437 0.591797 0.892188 0.591797 0.895312 0.712891 0.851562 0.720703
0 0.851562 0.462891 0.892188 0.462891 0.885938 0.578125 0.851562 0.574219
0 0.796875 0.603516 0.840625 0.601562 0.842187 0.742188 0.795312 0.742188
0 0.803125 0.460938 0.845313 0.457031 0.843750 0.587891 0.804688 0.585938
0 0.742188 0.607422 0.789062 0.609375 0.787500 0.718750 0.743750 0.716797
0 0.746875 0.457031 0.789062 0.455078 0.790625 0.578125 0.748437 0.578125
0 0.689063 0.572266 0.729688 0.574219 0.725000 0.701172 0.685937 0.697266
0 0.631250 0.572266 0.676562 0.572266 0.670312 0.697266 0.626563 0.699219
0 0.635938 0.437500 0.684375 0.439453 0.679688 0.560547 0.632812 0.560547
0 0.581250 0.433594 0.621875 0.435547 0.618750 0.556641 0.581250 0.554688
0 0.576562 0.576172 0.618750 0.576172 0.618750 0.701172 0.573438 0.697266
0 0.523438 0.570312 0.565625 0.572266 0.559375 0.683594 0.521875 0.681641
0 0.528125 0.435547 0.571875 0.439453 0.568750 0.554688 0.526563 0.552734
0 0.470313 0.578125 0.510938 0.580078 0.510938 0.689453 0.468750 0.685547
0 0.429688 0.578125 0.464062 0.580078 0.465625 0.703125 0.426563 0.705078
0 0.473438 0.433594 0.520312 0.431641 0.517188 0.554688 0.470313 0.554688
0 0.631250 0.244141 0.726562 0.244141 0.725000 0.294922 0.631250 0.294922
0 0.729688 0.248047 0.831250 0.255859 0.828125 0.306641 0.729688 0.300781
0 0.301563 0.865234 0.350000 0.861328 0.345313 0.982422 0.300000 0.984375
0 0.301563 0.699219 0.345313 0.695312 0.342187 0.816406 0.301563 0.810547
0 0.360938 0.615234 0.403125 0.615234 0.403125 0.740234 0.360938 0.740234
0 0.306250 0.527344 0.353125 0.523438 0.346875 0.646484 0.303125 0.646484
0 0.317188 0.308594 0.356250 0.304688 0.356250 0.433594 0.312500 0.433594
0 0.320312 0.234375 0.417187 0.240234 0.412500 0.292969 0.317188 0.285156
0 0.381250 0.097656 0.425000 0.097656 0.417187 0.226562 0.375000 0.224609
0 0.553125 0.066406 0.600000 0.072266 0.590625 0.199219 0.548438 0.193359
