2 0.660937 0.541016 0.698438 0.542969 0.689063 0.775391 0.650000 0.775391
0 0.743750 0.757812 0.770312 0.759766 0.768750 0.830078 0.739062 0.828125
0 0.918750 0.044922 0.943750 0.044922 0.945312 0.087891 0.921875 0.087891
0 0.735938 0.005859 0.759375 0.003906 0.756250 0.050781 0.732812 0.050781
0 0.670312 0.033203 0.692187 0.037109 0.687500 0.093750 0.664062 0.087891
0 0.889062 0.257812 0.912500 0.255859 0.917188 0.304688 0.890625 0.306641
0 0.709375 0.429688 0.732812 0.431641 0.732812 0.490234 0.707812 0.488281
0 0.607812 0.365234 0.635938 0.367188 0.631250 0.427734 0.601562 0.423828
0 0.003125 0.542969 0.031250 0.542969 0.028125 0.603516 0.001563 0.601562
0 0.107813 0.220703 0.132812 0.226562 0.118750 0.279297 0.095312 0.275391
2 0.084375 0.109375 0.112500 0.097656 0.143750 0.152344 0.115625 0.167969
0 0.175000 0.117188 0.200000 0.117188 0.195312 0.162109 0.171875 0.160156
