3 0.600000 0.000000 0.635938 0.000000 0.637500 0.060547 0.598437 0.062500
3 0.582812 0.761719 0.642188 0.761719 0.639062 1.000000 0.589063 1.000000
3 0.667188 0.814453 0.726562 0.812500 0.721875 1.000000 0.670312 1.000000
0 0.376563 0.658203 0.412500 0.654297 0.414062 0.775391 0.376563 0.775391
0 0.600000 0.417969 0.639062 0.419922 0.639062 0.542969 0.601562 0.542969
0 0.681250 0.228516 0.725000 0.226562 0.728125 0.347656 0.679688 0.349609
0 0.512500 0.236328 0.553125 0.234375 0.556250 0.355469 0.514062 0.355469
0 0.143750 0.271484 0.184375 0.273438 0.187500 0.388672 0.143750 0.392578
1 0.253125 0.056641 0.306250 0.054688 0.304688 0.218750 0.254688 0.220703
0 0.135937 0.001953 0.173437 0.001953 0.175000 0.113281 0.135937 0.113281
4 0.507812 0.033203 0.542188 0.031250 0.543750 0.128906 0.507812 0.128906
