4 0.118750 0.884766 0.192188 0.884766 0.192188 0.925781 0.117188 0.927734
4 0.712500 0.269531 0.793750 0.273438 0.793750 0.318359 0.715625 0.316406
4 0.271875 0.404297 0.304688 0.402344 0.309375 0.501953 0.275000 0.505859
0 0.606250 0.894531 0.696875 0.917969 0.687500 0.962891 0.598437 0.941406
0 0.620313 0.841797 0.707812 0.873047 0.698438 0.914062 0.609375 0.882812
0 0.634375 0.777344 0.723437 0.818359 0.710938 0.859375 0.623437 0.824219
2 0.626563 0.564453 0.668750 0.580078 0.637500 0.718750 0.600000 0.707031
0 0.693750 0.566406 0.781250 0.593750 0.771875 0.640625 0.685937 0.611328
0 0.696875 0.501953 0.784375 0.519531 0.778125 0.558594 0.690625 0.541016
0 0.703125 0.203125 0.795312 0.203125 0.795312 0.253906 0.704688 0.250000
0 0.693750 0.113281 0.779687 0.115234 0.778125 0.160156 0.693750 0.160156
0 0.715625 0.000000 0.793750 0.025391 0.785937 0.072266 0.703125 0.041016
0 0.331250 0.080078 0.420312 0.070312 0.423438 0.115234 0.334375 0.125000
0 0.328125 0.025391 0.418750 0.011719 0.425000 0.060547 0.335938 0.074219
0 0.340625 0.130859 0.431250 0.128906 0.431250 0.175781 0.340625 0.179688
0 0.350000 0.214844 0.445312 0.197266 0.451562 0.244141 0.354687 0.265625
0 0.350000 0.298828 0.429688 0.281250 0.437500 0.322266 0.354687 0.339844
0 0.371875 0.376953 0.464062 0.376953 0.464062 0.419922 0.370312 0.425781
0 0.370312 0.457031 0.464062 0.453125 0.465625 0.498047 0.373437 0.501953
0 0.359375 0.521484 0.451562 0.511719 0.456250 0.562500 0.365625 0.578125
0 0.368750 0.591797 0.457813 0.593750 0.459375 0.644531 0.364063 0.642578
0 0.371875 0.695312 0.467187 0.681641 0.471875 0.730469 0.376563 0.748047
0 0.121875 0.941406 0.206250 0.941406 0.207813 0.984375 0.120313 0.984375
0 0.109375 0.792969 0.204687 0.783203 0.206250 0.835938 0.109375 0.847656
0 0.112500 0.607422 0.204687 0.609375 0.204687 0.658203 0.114062 0.662109
0 0.057813 0.587891 0.079687 0.619141 0.009375 0.697266 0.000000 0.666016
0 0.134375 0.527344 0.212500 0.523438 0.215625 0.576172 0.132812 0.582031
0 0.109375 0.453125 0.209375 0.453125 0.212500 0.505859 0.110937 0.509766
0 0.129688 0.384766 0.215625 0.384766 0.215625 0.431641 0.128125 0.433594
0 0.142187 0.332031 0.223438 0.332031 0.223438 0.376953 0.143750 0.375000
0 0.126562 0.275391 0.215625 0.246094 0.223438 0.292969 0.134375 0.318359
0 0.120313 0.035156 0.203125 0.019531 0.210938 0.060547 0.129688 0.078125
