0 0.892188 0.000000 0.970313 0.023438 0.956250 0.070312 0.876563 0.033203
0 0.867188 0.062500 0.937500 0.099609 0.928125 0.132812 0.857812 0.099609
0 0.854688 0.123047 0.923438 0.154297 0.914062 0.195312 0.842187 0.164062
0 0.835938 0.191406 0.914062 0.232422 0.904687 0.269531 0.825000 0.232422
0 0.787500 0.242188 0.864062 0.269531 0.851562 0.314453 0.775000 0.281250
0 0.762500 0.292969 0.854688 0.330078 0.842187 0.376953 0.750000 0.335938
0 0.739062 0.357422 0.829688 0.392578 0.820312 0.437500 0.721875 0.402344
0 0.692187 0.507812 0.778125 0.541016 0.770312 0.587891 0.681250 0.558594
0 0.671875 0.630859 0.757812 0.626953 0.757812 0.669922 0.671875 0.671875
0 0.687500 0.720703 0.778125 0.722656 0.778125 0.765625 0.687500 0.765625
0 0.345313 0.964844 0.443750 0.962891 0.443750 1.000000 0.348438 1.000000
0 0.346875 0.886719 0.442188 0.888672 0.440625 0.935547 0.342187 0.935547
0 0.087500 0.966797 0.187500 0.966797 0.182812 1.000000 0.085938 1.000000
0 0.104688 0.898438 0.190625 0.902344 0.190625 0.941406 0.104688 0.945312
0 0.120313 0.839844 0.200000 0.845703 0.198437 0.886719 0.120313 0.886719
0 0.104688 0.781250 0.192188 0.759766 0.200000 0.802734 0.112500 0.830078
0 0.326562 0.808594 0.407813 0.792969 0.414062 0.833984 0.332813 0.851562
0 0.325000 0.732422 0.423438 0.708984 0.431250 0.751953 0.329688 0.779297
0 0.317188 0.644531 0.404687 0.640625 0.406250 0.689453 0.315625 0.691406
0 0.309375 0.587891 0.396875 0.583984 0.401562 0.632812 0.307812 0.642578
0 0.306250 0.541016 0.392188 0.529297 0.396875 0.570312 0.310937 0.589844
0 0.300000 0.460938 0.393750 0.458984 0.392188 0.503906 0.301563 0.509766
0 0.300000 0.376953 0.385937 0.363281 0.393750 0.408203 0.304688 0.431641
0 0.284375 0.314453 0.384375 0.294922 0.389062 0.339844 0.289062 0.361328
0 0.309375 0.169922 0.392188 0.177734 0.390625 0.218750 0.306250 0.214844
0 0.303125 0.103516 0.389062 0.095703 0.390625 0.138672 0.306250 0.146484
0 0.414062 0.171875 0.448437 0.171875 0.448437 0.289062 0.409375 0.289062
0 0.479687 0.023438 0.517188 0.025391 0.521875 0.142578 0.482812 0.148438
0 0.304688 0.031250 0.400000 0.023438 0.401562 0.066406 0.301563 0.076172
0 0.095312 0.544922 0.178125 0.525391 0.185938 0.570312 0.101562 0.593750
0 0.087500 0.458984 0.173437 0.455078 0.175000 0.501953 0.084375 0.507812
0 0.096875 0.396484 0.178125 0.392578 0.179688 0.433594 0.098437 0.443359
0 0.093750 0.328125 0.179688 0.310547 0.182812 0.349609 0.100000 0.369141
0 0.051562 0.244141 0.148438 0.240234 0.148438 0.283203 0.051562 0.287109
0 0.029687 0.105469 0.128125 0.105469 0.126562 0.156250 0.029687 0.152344
0 0.028125 0.037109 0.110937 0.035156 0.110937 0.078125 0.028125 0.085938
4 0.520312 0.902344 0.556250 0.908203 0.540625 1.000000 0.509375 1.000000
4 0.689063 0.787109 0.771875 0.792969 0.771875 0.835938 0.685937 0.830078
4 0.312500 0.232422 0.390625 0.244141 0.387500 0.279297 0.310937 0.275391
