0 0.948438 0.687500 1.000000 0.660156 1.000000 0.695312 0.956250 0.724609
0 0.923438 0.615234 1.000000 0.583984 1.000000 0.623047 0.935937 0.654297
0 0.953125 0.429688 1.000000 0.410156 1.000000 0.447266 0.962500 0.468750
0 0.910937 0.332031 0.996875 0.294922 1.000000 0.335938 0.923438 0.371094
0 0.907813 0.246094 0.979688 0.222656 0.990625 0.261719 0.918750 0.289062
0 0.876563 0.203125 0.957812 0.160156 0.973437 0.201172 0.893750 0.240234
0 0.854688 0.115234 0.940625 0.099609 0.946875 0.140625 0.860938 0.162109
0 0.846875 0.046875 0.914062 0.025391 0.925000 0.062500 0.856250 0.082031
0 0.815625 0.003906 0.892188 0.000000 0.904687 0.003906 0.829688 0.037109
0 0.475000 0.224609 0.551562 0.173828 0.570312 0.212891 0.492188 0.265625
0 0.446875 0.160156 0.529687 0.117188 0.542188 0.158203 0.462500 0.201172
0 0.423438 0.103516 0.512500 0.058594 0.526563 0.099609 0.437500 0.142578
0 0.470313 0.316406 0.553125 0.279297 0.564063 0.326172 0.481250 0.363281
0 0.490625 0.378906 0.575000 0.343750 0.585938 0.386719 0.501563 0.427734
0 0.512500 0.453125 0.592187 0.419922 0.601562 0.460938 0.523438 0.496094
0 0.515625 0.525391 0.542188 0.501953 0.595313 0.593750 0.567187 0.617188
0 0.423438 1.000000 0.490625 0.943359 0.509375 0.980469 0.443750 1.000000
0 0.371875 0.720703 0.393750 0.693359 0.457813 0.775391 0.434375 0.806641
0 0.292187 0.804688 0.318750 0.771484 0.375000 0.855469 0.350000 0.882812
0 0.203125 0.798828 0.270313 0.871094 0.251563 0.898438 0.184375 0.826172
0 0.171875 0.851562 0.228125 0.917969 0.209375 0.947266 0.151562 0.878906
0 0.057813 0.759766 0.081250 0.734375 0.137500 0.812500 0.115625 0.837891
0 0.000000 0.646484 0.045312 0.693359 0.028125 0.716797 0.000000 0.669922
4 0.568750 0.503906 0.595313 0.484375 0.637500 0.566406 0.612500 0.585938
4 0.931250 0.382812 1.000000 0.351562 1.000000 0.392578 0.943750 0.421875
4 0.321875 0.750000 0.345313 0.722656 0.398438 0.800781 0.376563 0.828125
