4 0.010937 0.140625 0.037500 0.138672 0.042188 0.236328 0.010937 0.238281
4 0.665625 0.494141 0.693750 0.500000 0.681250 0.597656 0.653125 0.593750
4 0.120313 0.130859 0.143750 0.121094 0.164062 0.216797 0.140625 0.224609
0 0.757812 0.070312 0.845313 0.107422 0.835938 0.148438 0.748437 0.111328
0 0.742188 0.132812 0.826562 0.169922 0.815625 0.208984 0.729688 0.175781
0 0.726562 0.208984 0.809375 0.234375 0.804688 0.275391 0.717187 0.253906
0 0.685937 0.275391 0.765625 0.320312 0.750000 0.359375 0.670312 0.320312
0 0.659375 0.341797 0.745313 0.375000 0.739062 0.425781 0.648438 0.388672
0 0.643750 0.410156 0.721875 0.455078 0.710938 0.494141 0.631250 0.455078
0 0.607812 0.478516 0.639062 0.482422 0.634375 0.587891 0.606250 0.587891
0 0.878125 0.867188 0.960938 0.906250 0.950000 0.947266 0.868750 0.910156
0 0.867188 0.943359 0.935937 0.984375 0.920312 1.000000 0.850000 0.982422
0 0.396875 0.503906 0.431250 0.500000 0.434375 0.613281 0.396875 0.615234
0 0.343750 0.484375 0.378125 0.482422 0.376563 0.583984 0.345313 0.587891
0 0.290625 0.494141 0.329688 0.492188 0.331250 0.603516 0.295312 0.607422
0 0.203125 0.437500 0.232813 0.431641 0.250000 0.542969 0.217188 0.548828
0 0.148438 0.451172 0.179688 0.445312 0.192188 0.550781 0.159375 0.554688
0 0.287500 0.759766 0.378125 0.765625 0.376563 0.810547 0.284375 0.808594
0 0.282813 0.824219 0.375000 0.820312 0.376563 0.871094 0.284375 0.875000
0 0.293750 0.908203 0.390625 0.906250 0.392188 0.949219 0.290625 0.951172
0 0.010937 0.894531 0.095312 0.890625 0.095312 0.943359 0.009375 0.943359
0 0.000000 0.816406 0.028125 0.812500 0.026562 0.847656 0.000000 0.849609
0 0.000000 0.753906 0.034375 0.755859 0.034375 0.794922 0.000000 0.798828
0 0.000000 0.699219 0.042188 0.691406 0.043750 0.728516 0.000000 0.736328
0 0.000000 0.441406 0.031250 0.515625 0.001563 0.542969 0.000000 0.464844
0 0.137500 0.283203 0.167187 0.283203 0.168750 0.390625 0.139063 0.392578
0 0.009375 0.255859 0.035937 0.248047 0.045312 0.349609 0.015625 0.355469
