0 0.954688 0.099609 1.000000 0.109375 1.000000 0.150391 0.951562 0.140625
0 0.710938 0.226562 0.745313 0.224609 0.751563 0.343750 0.714063 0.345703
0 0.560937 0.222656 0.642188 0.162109 0.659375 0.201172 0.582812 0.263672
0 0.362500 0.861328 0.396875 0.884766 0.350000 0.986328 0.318750 0.960938
0 0.425000 0.244141 0.460938 0.250000 0.448437 0.369141 0.409375 0.357422
0 0.368750 0.244141 0.404687 0.250000 0.393750 0.339844 0.356250 0.335938
0 0.310937 0.224609 0.350000 0.236328 0.328125 0.347656 0.290625 0.341797
2 0.114062 0.281250 0.203125 0.191406 0.226562 0.228516 0.134375 0.322266
0 0.081250 0.185547 0.118750 0.197266 0.096875 0.306641 0.060937 0.294922
0 0.031250 0.181641 0.064062 0.191406 0.046875 0.292969 0.014063 0.285156
0 0.426563 0.000000 0.464062 0.000000 0.451562 0.072266 0.418750 0.068359
0 0.370312 0.003906 0.406250 0.003906 0.406250 0.111328 0.370312 0.109375
0 0.250000 0.000000 0.289062 0.000000 0.279687 0.085938 0.243750 0.083984
0 0.129688 0.027344 0.154688 0.000000 0.217188 0.058594 0.192188 0.093750
0 0.046875 0.000000 0.067187 0.000000 0.137500 0.050781 0.115625 0.080078
