0 0.846875 0.312500 0.935937 0.312500 0.931250 0.369141 0.843750 0.367188
0 0.659375 0.298828 0.757812 0.296875 0.757812 0.343750 0.656250 0.349609
0 0.440625 0.291016 0.529687 0.291016 0.526563 0.337891 0.440625 0.339844
2 0.390625 0.382812 0.725000 0.392578 0.726562 0.486328 0.387500 0.492188
0 0.560937 0.501953 0.653125 0.507812 0.654687 0.558594 0.559375 0.558594
0 0.464062 0.640625 0.562500 0.640625 0.562500 0.683594 0.464062 0.691406
0 0.475000 0.732422 0.571875 0.734375 0.571875 0.783203 0.471875 0.789062
0 0.939063 0.832031 1.000000 0.826172 1.000000 0.880859 0.945312 0.884766
0 0.692187 0.820312 0.781250 0.820312 0.781250 0.863281 0.692187 0.867188
0 0.289062 0.841797 0.389062 0.837891 0.384375 0.890625 0.285938 0.890625
0 0.000000 0.726562 0.087500 0.728516 0.085938 0.773438 0.000000 0.773438
1 0.000000 0.626953 0.187500 0.626953 0.187500 0.691406 0.000000 0.699219
0 0.078125 0.486328 0.171875 0.488281 0.173437 0.537109 0.076563 0.535156
0 0.262500 0.304688 0.350000 0.310547 0.346875 0.359375 0.257812 0.361328
0 0.050000 0.291016 0.135937 0.287109 0.135937 0.332031 0.051562 0.335938
4 0.507812 0.119141 0.540625 0.132812 0.517188 0.222656 0.485938 0.210938
