1 0.889062 0.000000 0.946875 0.000000 0.970313 0.216797 0.918750 0.222656
2 0.967187 0.000000 1.000000 0.000000 1.000000 0.146484 0.985938 0.150391
0 0.840625 0.203125 0.879687 0.203125 0.889062 0.324219 0.851562 0.333984
0 0.906250 0.359375 0.946875 0.349609 0.962500 0.466797 0.923438 0.476562
2 0.457813 0.416016 0.562500 0.384766 0.573438 0.433594 0.468750 0.466797
0 0.946875 0.542969 0.990625 0.541016 0.993750 0.658203 0.953125 0.662109
2 0.270313 0.869141 0.362500 0.962891 0.339062 1.000000 0.243750 0.914062
0 0.148438 0.917969 0.181250 0.939453 0.143750 1.000000 0.109375 1.000000
0 0.062500 0.843750 0.156250 0.835938 0.159375 0.880859 0.067187 0.894531
0 0.257812 0.720703 0.348438 0.718750 0.348438 0.765625 0.254688 0.767578
0 0.248438 0.650391 0.323437 0.644531 0.321875 0.685547 0.248438 0.691406
0 0.235937 0.578125 0.329688 0.566406 0.331250 0.613281 0.239063 0.626953
0 0.054688 0.699219 0.140625 0.677734 0.150000 0.718750 0.062500 0.742188
0 0.021875 0.634766 0.103125 0.628906 0.103125 0.669922 0.020313 0.679688
0 0.159375 0.240234 0.246875 0.214844 0.253125 0.257812 0.164062 0.281250
4 0.953125 0.777344 0.985938 0.771484 0.993750 0.873047 0.959375 0.873047
4 0.746875 0.447266 0.823438 0.464844 0.817187 0.511719 0.739062 0.492188
