4 0.867188 0.058594 0.892188 0.076172 0.851562 0.166016 0.826562 0.138672
4 0.853125 0.503906 0.923438 0.537109 0.910937 0.578125 0.840625 0.542969
4 0.060937 0.277344 0.087500 0.291016 0.060937 0.378906 0.031250 0.363281
2 0.696875 0.888672 0.740625 0.869141 0.784375 1.000000 0.734375 1.000000
0 0.495312 1.000000 0.573438 0.937500 0.590625 0.974609 0.517188 1.000000
0 0.531250 0.906250 0.601562 0.843750 0.623437 0.878906 0.553125 0.941406
0 0.551562 0.726562 0.639062 0.769531 0.623437 0.818359 0.535937 0.781250
0 0.768750 0.722656 0.851562 0.779297 0.835938 0.824219 0.751563 0.767578
0 0.796875 0.658203 0.862500 0.693359 0.850000 0.728516 0.782813 0.695312
0 0.806250 0.585938 0.893750 0.630859 0.879687 0.679688 0.796875 0.634766
0 0.603125 0.591797 0.681250 0.621094 0.673438 0.666016 0.592187 0.628906
0 0.587500 0.503906 0.667188 0.554688 0.650000 0.593750 0.570312 0.544922
0 0.862500 0.242188 0.951562 0.271484 0.937500 0.318359 0.851562 0.283203
0 0.128125 0.259766 0.217188 0.298828 0.207813 0.339844 0.118750 0.298828
0 0.043750 0.220703 0.068750 0.236328 0.029687 0.326172 0.003125 0.310547
0 0.246875 0.050781 0.325000 0.000000 0.345313 0.035156 0.260937 0.089844
0 0.167187 0.033203 0.195312 0.000000 0.225000 0.000000 0.200000 0.048828
0 0.121875 0.025391 0.206250 0.068359 0.196875 0.107422 0.107813 0.064453
0 0.017188 0.009766 0.029687 0.000000 0.087500 0.005859 0.076563 0.042969
