2 0.845313 0.408203 0.968750 0.402344 0.968750 0.460938 0.845313 0.460938
0 0.731250 0.626953 0.825000 0.625000 0.825000 0.677734 0.731250 0.681641
0 0.731250 0.736328 0.825000 0.736328 0.825000 0.787109 0.731250 0.789062
0 0.550000 0.820312 0.642188 0.818359 0.642188 0.871094 0.550000 0.873047
0 0.503125 0.738281 0.598437 0.734375 0.600000 0.779297 0.504687 0.783203
0 0.326562 0.621094 0.418750 0.621094 0.417187 0.664062 0.326562 0.666016
3 0.000000 0.812500 0.165625 0.808594 0.167187 0.882812 0.000000 0.882812
0 0.425000 0.406250 0.518750 0.412109 0.520312 0.457031 0.425000 0.458984
0 0.750000 0.300781 0.850000 0.300781 0.848437 0.353516 0.750000 0.349609
0 0.537500 0.277344 0.625000 0.291016 0.620313 0.341797 0.534375 0.332031
0 0.806250 0.003906 0.835938 0.019531 0.806250 0.115234 0.771875 0.101562
0 0.325000 0.302734 0.426563 0.304688 0.426563 0.355469 0.323437 0.353516
0 0.114062 0.289062 0.207813 0.283203 0.204687 0.335938 0.112500 0.339844
2 0.000000 0.378906 0.160938 0.378906 0.162500 0.468750 0.000000 0.466797
0 0.000000 0.302734 0.046875 0.300781 0.050000 0.347656 0.000000 0.347656
4 0.807813 0.150391 0.835938 0.166016 0.815625 0.253906 0.784375 0.244141
