4 0.240625 0.029297 0.326562 0.000000 0.340625 0.037109 0.257812 0.078125
4 0.801562 0.339844 0.889062 0.287109 0.910937 0.341797 0.823438 0.392578
0 0.946875 0.283203 1.000000 0.222656 1.000000 0.267578 0.971875 0.326172
0 0.665625 0.423828 0.759375 0.371094 0.782813 0.421875 0.685937 0.478516
0 0.498437 0.531250 0.590625 0.472656 0.615625 0.527344 0.521875 0.582031
0 0.356250 0.630859 0.457813 0.556641 0.482812 0.607422 0.381250 0.675781
0 0.220312 0.681641 0.318750 0.626953 0.340625 0.671875 0.245312 0.734375
0 0.392188 0.451172 0.490625 0.392578 0.509375 0.439453 0.415625 0.500000
0 0.221875 0.564453 0.314063 0.505859 0.331250 0.556641 0.242188 0.611328
3 0.000000 0.824219 0.146875 0.724609 0.167187 0.779297 0.009375 0.876953
2 0.000000 0.750000 0.140625 0.597656 0.170313 0.673828 0.000000 0.822266
0 0.000000 0.587891 0.043750 0.535156 0.064062 0.580078 0.000000 0.634766
0 0.770312 0.097656 0.865625 0.042969 0.885938 0.087891 0.796875 0.140625
1 0.631250 0.296875 0.998437 0.089844 1.000000 0.158203 0.665625 0.371094
