0 0.659375 0.771484 0.764062 0.691406 0.789062 0.742188 0.692187 0.816406
0 0.496875 0.791016 0.596875 0.732422 0.614062 0.781250 0.518750 0.837891
1 0.440625 0.681641 0.582812 0.609375 0.603125 0.662109 0.467187 0.751953
0 0.035937 0.935547 0.132812 0.884766 0.150000 0.941406 0.053125 0.996094
0 0.100000 0.751953 0.193750 0.695312 0.215625 0.753906 0.118750 0.808594
0 0.245312 0.677734 0.340625 0.619141 0.356250 0.667969 0.262500 0.722656
0 0.406250 0.578125 0.498437 0.521484 0.515625 0.582031 0.428125 0.630859
0 0.553125 0.500000 0.645312 0.441406 0.668750 0.492188 0.570312 0.550781
0 0.690625 0.423828 0.790625 0.365234 0.809375 0.417969 0.709375 0.474609
0 0.396875 0.302734 0.490625 0.251953 0.510938 0.296875 0.414062 0.353516
0 0.073438 0.509766 0.170313 0.451172 0.184375 0.498047 0.093750 0.558594
2 0.268750 0.222656 0.535937 0.074219 0.562500 0.150391 0.304688 0.304688
0 0.140625 0.185547 0.235937 0.126953 0.253125 0.173828 0.160938 0.230469
0 0.348438 0.037109 0.439063 0.000000 0.456250 0.025391 0.367188 0.082031
4 0.203125 0.822266 0.289062 0.783203 0.301563 0.830078 0.220312 0.873047
