4 0.196875 0.333984 0.301563 0.275391 0.318750 0.333984 0.215625 0.394531
4 0.017188 0.978516 0.103125 0.925781 0.118750 0.976562 0.032813 1.000000
4 0.656250 0.478516 0.753125 0.421875 0.768750 0.478516 0.679688 0.529297
0 0.176563 0.914062 0.270313 0.849609 0.287500 0.902344 0.195312 0.957031
1 0.000000 0.908203 0.159375 0.767578 0.184375 0.832031 0.000000 0.974609
0 0.237500 0.732422 0.334375 0.673828 0.354687 0.734375 0.257812 0.792969
0 0.410938 0.765625 0.506250 0.705078 0.528125 0.759766 0.429688 0.814453
0 0.462500 0.625000 0.570312 0.558594 0.593750 0.611328 0.487500 0.677734
0 0.656250 0.607422 0.757812 0.544922 0.779687 0.593750 0.673438 0.656250
0 0.935937 0.445312 1.000000 0.392578 1.000000 0.437500 0.956250 0.494141
1 0.865625 0.345703 0.987500 0.267578 1.000000 0.335938 0.892188 0.410156
2 0.479687 0.269531 0.826562 0.042969 0.860938 0.128906 0.510938 0.341797
0 0.540625 0.138672 0.637500 0.080078 0.659375 0.121094 0.559375 0.185547
0 0.307812 0.134766 0.417187 0.087891 0.435937 0.140625 0.329688 0.195312
