4 0.334375 0.900391 0.420312 0.845703 0.437500 0.892578 0.354687 0.941406
4 0.517188 0.667969 0.601562 0.615234 0.621875 0.662109 0.539062 0.712891
0 0.095312 0.916016 0.193750 0.865234 0.212500 0.923828 0.115625 0.974609
0 0.315625 0.800781 0.421875 0.744141 0.442188 0.800781 0.340625 0.857422
0 0.137500 0.744141 0.235937 0.693359 0.251563 0.750000 0.157812 0.802734
0 0.271875 0.677734 0.364063 0.628906 0.381250 0.675781 0.287500 0.728516
0 0.628125 0.730469 0.725000 0.677734 0.743750 0.726562 0.653125 0.783203
0 0.428125 0.578125 0.518750 0.533203 0.537500 0.582031 0.445312 0.630859
0 0.395313 0.445312 0.493750 0.392578 0.510938 0.437500 0.414062 0.496094
2 0.317188 0.333984 0.582812 0.183594 0.612500 0.257812 0.346875 0.412109
2 0.115625 0.337891 0.148438 0.421875 0.000000 0.562500 0.000000 0.482422
0 0.167187 0.183594 0.262500 0.128906 0.279687 0.173828 0.189062 0.228516
0 0.571875 0.500000 0.671875 0.447266 0.692187 0.500000 0.593750 0.552734
0 0.712500 0.429688 0.803125 0.376953 0.826562 0.427734 0.731250 0.478516
0 0.856250 0.089844 0.946875 0.037109 0.964063 0.080078 0.878125 0.134766
0 0.367188 0.039062 0.462500 0.000000 0.479687 0.037109 0.384375 0.089844
