4 0.090625 0.820312 0.179688 0.820312 0.179688 0.863281 0.090625 0.863281
4 0.143750 0.314453 0.245312 0.279297 0.256250 0.330078 0.153125 0.365234
4 0.826562 0.076172 0.906250 0.117188 0.895312 0.160156 0.812500 0.125000
1 0.764062 0.902344 1.000000 0.894531 1.000000 0.978516 0.764062 0.978516
3 0.015625 0.917969 0.251563 0.917969 0.251563 0.996094 0.015625 0.996094
0 0.206250 0.820312 0.300000 0.820312 0.300000 0.867188 0.206250 0.867188
0 0.340625 0.820312 0.412500 0.820312 0.412500 0.863281 0.340625 0.863281
0 0.007812 0.705078 0.090625 0.705078 0.089063 0.759766 0.003125 0.757812
0 0.237500 0.677734 0.335938 0.671875 0.337500 0.724609 0.239063 0.734375
0 0.071875 0.605469 0.171875 0.605469 0.171875 0.658203 0.073438 0.664062
0 0.251563 0.601562 0.350000 0.607422 0.348438 0.662109 0.253125 0.666016
0 0.293750 0.542969 0.381250 0.531250 0.385937 0.576172 0.295312 0.589844
0 0.201563 0.474609 0.298438 0.458984 0.303125 0.509766 0.206250 0.535156
0 0.001563 0.511719 0.101562 0.505859 0.101562 0.550781 0.004687 0.560547
0 0.109375 0.439453 0.196875 0.414062 0.201563 0.462891 0.120313 0.486328
0 0.000000 0.363281 0.084375 0.363281 0.085938 0.408203 0.000000 0.414062
0 0.293750 0.347656 0.379688 0.283203 0.401562 0.330078 0.312500 0.394531
0 0.712500 0.472656 0.803125 0.468750 0.803125 0.511719 0.712500 0.515625
0 0.832812 0.582031 0.925000 0.570312 0.928125 0.617188 0.835938 0.630859
0 0.692187 0.052734 0.735938 0.046875 0.745313 0.167969 0.700000 0.171875
0 0.754687 0.052734 0.798438 0.052734 0.804688 0.169922 0.762500 0.173828
0 0.834375 0.000000 0.912500 0.041016 0.896875 0.085938 0.817187 0.044922
0 0.362500 0.148438 0.431250 0.068359 0.460938 0.099609 0.390625 0.185547
0 0.462500 0.056641 0.518750 0.000000 0.551562 0.000000 0.498437 0.085938
