0 0.784375 0.710938 0.823438 0.710938 0.825000 0.814453 0.787500 0.814453
0 0.506250 0.945312 0.543750 0.947266 0.543750 1.000000 0.507812 1.000000
0 0.350000 0.880859 0.389062 0.882812 0.389062 1.000000 0.346875 1.000000
0 0.500000 0.773438 0.531250 0.771484 0.542188 0.896484 0.500000 0.900391
0 0.429688 0.701172 0.467187 0.695312 0.473438 0.832031 0.431250 0.835938
0 0.332813 0.767578 0.375000 0.753906 0.400000 0.875000 0.357812 0.890625
0 0.342187 0.634766 0.384375 0.634766 0.384375 0.751953 0.339062 0.750000
0 0.492188 0.527344 0.531250 0.515625 0.540625 0.656250 0.496875 0.660156
0 0.334375 0.445312 0.381250 0.443359 0.379688 0.576172 0.331250 0.574219
0 0.489063 0.373047 0.529687 0.375000 0.532813 0.501953 0.493750 0.505859
0 0.414062 0.390625 0.453125 0.392578 0.453125 0.511719 0.417187 0.511719
0 0.331250 0.302734 0.368750 0.302734 0.373437 0.410156 0.332813 0.410156
0 0.331250 0.164062 0.375000 0.164062 0.381250 0.273438 0.339062 0.277344
0 0.420312 0.169922 0.464062 0.171875 0.462500 0.310547 0.421875 0.312500
0 0.482812 0.212891 0.523438 0.210938 0.523438 0.318359 0.482812 0.318359
0 0.473438 0.009766 0.512500 0.005859 0.514062 0.115234 0.478125 0.121094
0 0.414062 0.003906 0.454688 0.001953 0.457813 0.117188 0.415625 0.121094
0 0.353125 0.048828 0.390625 0.048828 0.390625 0.156250 0.353125 0.160156
