4 0.339062 0.511719 0.376563 0.511719 0.375000 0.617188 0.339062 0.617188
0 0.768750 0.189453 0.804688 0.189453 0.809375 0.292969 0.773438 0.294922
0 0.781250 0.771484 0.820312 0.769531 0.829688 0.892578 0.785937 0.896484
0 0.625000 0.867188 0.668750 0.867188 0.667188 0.992188 0.631250 0.996094
1 0.493750 0.921875 0.542188 0.921875 0.543750 1.000000 0.500000 1.000000
0 0.345313 0.863281 0.382812 0.865234 0.382812 0.978516 0.345313 0.978516
0 0.420312 0.814453 0.456250 0.812500 0.465625 0.925781 0.425000 0.929688
0 0.490625 0.738281 0.526563 0.736328 0.534375 0.861328 0.493750 0.867188
0 0.340625 0.652344 0.381250 0.650391 0.381250 0.777344 0.340625 0.777344
0 0.621875 0.658203 0.659375 0.656250 0.659375 0.779297 0.620313 0.779297
0 0.493750 0.580078 0.529687 0.580078 0.534375 0.691406 0.493750 0.691406
0 0.440625 0.525391 0.479687 0.521484 0.482812 0.630859 0.440625 0.630859
0 0.687500 0.480469 0.729688 0.476562 0.729688 0.601562 0.692187 0.603516
0 0.612500 0.447266 0.651563 0.447266 0.654687 0.560547 0.614062 0.564453
0 0.492188 0.414062 0.529687 0.414062 0.529687 0.539062 0.490625 0.537109
0 0.487500 0.250000 0.528125 0.250000 0.532813 0.367188 0.489063 0.367188
3 0.407813 0.224609 0.459375 0.220703 0.465625 0.488281 0.412500 0.490234
0 0.335938 0.351562 0.376563 0.349609 0.378125 0.464844 0.339062 0.464844
0 0.323437 0.238281 0.364063 0.224609 0.390625 0.343750 0.348438 0.357422
0 0.334375 0.111328 0.376563 0.111328 0.378125 0.222656 0.334375 0.224609
0 0.485938 0.019531 0.523438 0.017578 0.529687 0.132812 0.489063 0.134766
0 0.417187 0.000000 0.457813 0.000000 0.457813 0.113281 0.421875 0.115234
0 0.329688 0.000000 0.371875 0.000000 0.373437 0.060547 0.326562 0.062500
