0 0.503125 0.919922 0.606250 0.912109 0.606250 0.966797 0.504687 0.972656
0 0.762500 0.824219 0.860938 0.820312 0.862500 0.873047 0.760938 0.878906
0 0.632812 0.837891 0.726562 0.830078 0.726562 0.876953 0.632812 0.886719
0 0.510938 0.828125 0.603125 0.839844 0.595313 0.890625 0.506250 0.876953
0 0.760938 0.669922 0.843750 0.664062 0.846875 0.716797 0.757812 0.726562
1 0.915625 0.654297 1.000000 0.646484 1.000000 0.708984 0.915625 0.720703
0 0.881250 0.574219 0.968750 0.574219 0.968750 0.625000 0.882812 0.628906
0 0.718750 0.580078 0.829688 0.580078 0.828125 0.632812 0.718750 0.634766
0 0.887500 0.462891 0.964063 0.458984 0.967187 0.511719 0.890625 0.517578
0 0.425000 0.679688 0.515625 0.677734 0.512500 0.728516 0.421875 0.726562
0 0.546875 0.566406 0.632812 0.568359 0.631250 0.617188 0.546875 0.619141
0 0.620313 0.500000 0.703125 0.490234 0.704688 0.539062 0.615625 0.544922
0 0.765625 0.347656 0.825000 0.326172 0.851562 0.451172 0.795312 0.466797
0 0.715625 0.357422 0.751563 0.335938 0.787500 0.433594 0.753125 0.457031
0 0.654687 0.359375 0.689063 0.341797 0.726562 0.451172 0.696875 0.468750
0 0.600000 0.382812 0.632812 0.363281 0.681250 0.462891 0.648438 0.484375
0 0.540625 0.398438 0.568750 0.369141 0.620313 0.468750 0.590625 0.498047
0 0.442188 0.476562 0.537500 0.490234 0.534375 0.541016 0.435937 0.533203
0 0.343750 0.583984 0.439063 0.582031 0.440625 0.632812 0.343750 0.638672
0 0.337500 0.478516 0.426563 0.478516 0.425000 0.531250 0.337500 0.537109
0 0.198437 0.482422 0.290625 0.480469 0.290625 0.531250 0.200000 0.537109
0 0.287500 0.675781 0.387500 0.675781 0.387500 0.724609 0.289062 0.734375
0 0.307812 0.832031 0.410938 0.828125 0.410938 0.876953 0.310937 0.880859
0 0.120313 0.839844 0.207813 0.835938 0.207813 0.884766 0.120313 0.886719
0 0.000000 0.847656 0.089063 0.837891 0.092188 0.890625 0.000000 0.894531
0 0.171875 0.685547 0.268750 0.687500 0.268750 0.736328 0.171875 0.740234
0 0.062500 0.687500 0.153125 0.691406 0.150000 0.744141 0.060937 0.740234
0 0.000000 0.703125 0.032813 0.687500 0.037500 0.728516 0.000000 0.742188
3 0.031250 0.613281 0.234375 0.580078 0.242188 0.648438 0.039062 0.687500
0 0.000000 0.544922 0.076563 0.550781 0.070312 0.599609 0.000000 0.593750
0 0.032813 0.500000 0.114062 0.490234 0.114062 0.537109 0.034375 0.546875
4 0.535937 0.681641 0.645312 0.664062 0.650000 0.714844 0.542188 0.738281
