0 0.906250 0.957031 1.000000 0.951172 1.000000 1.000000 0.909375 1.000000
0 0.871875 0.878906 0.964063 0.867188 0.968750 0.912109 0.875000 0.921875
0 0.740625 0.873047 0.845313 0.867188 0.850000 0.916016 0.743750 0.921875
0 0.614062 0.882812 0.706250 0.871094 0.707812 0.917969 0.614062 0.929688
0 0.493750 0.880859 0.598437 0.875000 0.598437 0.923828 0.495312 0.925781
0 0.539062 0.734375 0.634375 0.732422 0.632812 0.773438 0.539062 0.779297
0 0.679688 0.716797 0.773438 0.710938 0.778125 0.761719 0.679688 0.765625
0 0.810937 0.714844 0.912500 0.716797 0.912500 0.761719 0.812500 0.767578
0 0.932813 0.712891 1.000000 0.716797 1.000000 0.767578 0.934375 0.765625
0 0.795312 0.646484 0.887500 0.650391 0.887500 0.703125 0.790625 0.699219
0 0.848437 0.572266 0.942187 0.578125 0.940625 0.626953 0.845313 0.625000
0 0.792188 0.525391 0.881250 0.525391 0.882812 0.568359 0.790625 0.574219
0 0.901563 0.523438 0.979688 0.519531 0.984375 0.562500 0.904687 0.572266
0 0.681250 0.527344 0.765625 0.517578 0.770312 0.568359 0.682813 0.580078
0 0.576562 0.531250 0.668750 0.517578 0.675000 0.564453 0.584375 0.583984
0 0.453125 0.527344 0.548438 0.517578 0.550000 0.568359 0.448437 0.574219
0 0.335938 0.531250 0.414062 0.531250 0.415625 0.578125 0.337500 0.578125
0 0.375000 0.882812 0.464062 0.878906 0.465625 0.927734 0.373437 0.929688
0 0.392188 0.730469 0.485938 0.728516 0.487500 0.775391 0.389062 0.787109
0 0.275000 0.734375 0.368750 0.740234 0.365625 0.785156 0.275000 0.781250
3 0.215625 0.632812 0.423438 0.628906 0.425000 0.697266 0.215625 0.703125
0 0.154688 0.740234 0.246875 0.740234 0.245312 0.787109 0.156250 0.789062
2 0.115625 0.892578 0.200000 0.894531 0.201563 0.939453 0.117188 0.939453
0 0.000000 0.892578 0.075000 0.896484 0.071875 0.937500 0.000000 0.937500
0 0.035937 0.736328 0.126562 0.734375 0.126562 0.787109 0.034375 0.791016
0 0.000000 0.671875 0.051562 0.669922 0.050000 0.718750 0.000000 0.716797
0 0.014063 0.550781 0.100000 0.544922 0.101562 0.595703 0.015625 0.603516
4 0.257812 0.898438 0.340625 0.890625 0.340625 0.937500 0.260937 0.945312
