0 0.414062 0.859375 0.454688 0.884766 0.414062 0.990234 0.384375 0.974609
0 0.354687 0.857422 0.390625 0.876953 0.356250 0.980469 0.325000 0.966797
0 0.295312 0.861328 0.337500 0.878906 0.300000 0.992188 0.260937 0.978516
0 0.235937 0.873047 0.273438 0.896484 0.234375 1.000000 0.195312 0.978516
0 0.179688 0.875000 0.210938 0.904297 0.157812 0.992188 0.131250 0.968750
0 0.112500 0.863281 0.153125 0.888672 0.109375 0.998047 0.068750 0.972656
0 0.068750 0.867188 0.101562 0.890625 0.059375 0.994141 0.023438 0.972656
0 0.006250 0.863281 0.043750 0.884766 0.007812 1.000000 0.000000 0.986328
0 0.485938 0.861328 0.525000 0.888672 0.490625 0.990234 0.453125 0.968750
0 0.553125 0.853516 0.593750 0.878906 0.553125 0.990234 0.517188 0.972656
0 0.637500 0.871094 0.670312 0.888672 0.639062 0.998047 0.603125 0.986328
0 0.681250 0.863281 0.720313 0.871094 0.712500 0.998047 0.675000 0.992188
0 0.895312 0.962891 0.989062 0.941406 0.996875 0.990234 0.898438 1.000000
0 0.900000 0.796875 0.992188 0.787109 0.993750 0.839844 0.904687 0.845703
0 0.826562 0.720703 0.918750 0.714844 0.918750 0.759766 0.829688 0.765625
0 0.848437 0.621094 0.950000 0.611328 0.953125 0.658203 0.856250 0.667969
0 0.710938 0.695312 0.801562 0.687500 0.806250 0.740234 0.712500 0.746094
0 0.593750 0.621094 0.689063 0.626953 0.687500 0.673828 0.592187 0.671875
0 0.654687 0.501953 0.684375 0.474609 0.734375 0.566406 0.706250 0.587891
0 0.598437 0.519531 0.625000 0.492188 0.679688 0.591797 0.651563 0.615234
0 0.473438 0.490234 0.506250 0.478516 0.537500 0.583984 0.503125 0.597656
0 0.412500 0.490234 0.450000 0.476562 0.478125 0.591797 0.442188 0.605469
0 0.342187 0.500000 0.379688 0.478516 0.423438 0.591797 0.390625 0.615234
0 0.284375 0.498047 0.312500 0.476562 0.356250 0.574219 0.325000 0.595703
0 0.215625 0.496094 0.246875 0.472656 0.293750 0.580078 0.264062 0.599609
0 0.173437 0.505859 0.206250 0.490234 0.237500 0.597656 0.206250 0.615234
3 0.000000 0.765625 0.110937 0.763672 0.110937 0.828125 0.000000 0.833984
0 0.000000 0.615234 0.067187 0.654297 0.051562 0.693359 0.000000 0.664062
0 0.106250 0.492188 0.140625 0.478516 0.179688 0.593750 0.145313 0.609375
0 0.039062 0.562500 0.126562 0.609375 0.110937 0.658203 0.021875 0.611328
0 0.017188 0.445312 0.078125 0.519531 0.056250 0.548828 0.000000 0.474609
