4 0.134375 0.064453 0.173437 0.054688 0.193750 0.171875 0.157812 0.183594
0 0.935937 0.492188 0.970313 0.478516 0.996875 0.585938 0.964063 0.599609
0 0.867188 0.498047 0.915625 0.480469 0.943750 0.597656 0.895312 0.609375
0 0.803125 0.503906 0.839063 0.482422 0.887500 0.593750 0.843750 0.617188
0 0.742188 0.498047 0.770312 0.474609 0.817187 0.568359 0.785937 0.595703
0 0.676562 0.503906 0.706250 0.478516 0.756250 0.580078 0.723437 0.607422
0 0.635938 0.515625 0.667188 0.501953 0.700000 0.605469 0.665625 0.625000
0 0.562500 0.500000 0.600000 0.482422 0.639062 0.595703 0.606250 0.613281
0 0.504687 0.564453 0.595313 0.619141 0.581250 0.664062 0.485938 0.613281
0 0.889062 0.730469 0.978125 0.722656 0.982812 0.765625 0.889062 0.779297
0 0.957812 0.867188 0.993750 0.886719 0.962500 0.988281 0.928125 0.972656
0 0.889062 0.865234 0.923438 0.882812 0.893750 0.986328 0.859375 0.972656
0 0.829688 0.859375 0.864062 0.878906 0.832812 0.984375 0.800000 0.970703
0 0.771875 0.863281 0.812500 0.886719 0.778125 0.998047 0.740625 0.984375
0 0.710938 0.878906 0.748437 0.900391 0.715625 1.000000 0.673438 0.988281
0 0.657813 0.884766 0.684375 0.908203 0.634375 1.000000 0.606250 0.974609
0 0.587500 0.876953 0.629687 0.900391 0.587500 1.000000 0.543750 0.980469
0 0.539062 0.873047 0.578125 0.902344 0.540625 0.992188 0.504687 0.968750
0 0.478125 0.875000 0.514062 0.892578 0.481250 1.000000 0.443750 0.994141
0 0.421875 0.875000 0.464062 0.888672 0.435937 1.000000 0.393750 0.984375
0 0.398438 0.708984 0.493750 0.708984 0.493750 0.751953 0.396875 0.753906
3 0.325000 0.785156 0.540625 0.773438 0.545312 0.837891 0.326562 0.853516
0 0.373437 0.863281 0.406250 0.882812 0.373437 0.980469 0.337500 0.964844
0 0.203125 0.929688 0.232813 0.906250 0.273438 0.986328 0.243750 1.000000
0 0.206250 0.808594 0.290625 0.810547 0.292187 0.855469 0.206250 0.863281
2 0.248438 0.726562 0.350000 0.724609 0.351562 0.767578 0.250000 0.773438
0 0.270313 0.646484 0.359375 0.648438 0.359375 0.695312 0.268750 0.695312
0 0.475000 0.447266 0.545312 0.523438 0.518750 0.558594 0.453125 0.480469
0 0.362500 0.429688 0.448437 0.501953 0.418750 0.541016 0.345313 0.478516
0 0.262500 0.347656 0.301563 0.310547 0.367188 0.394531 0.329688 0.429688
0 0.040625 0.130859 0.076563 0.115234 0.112500 0.214844 0.076563 0.236328
