0 0.668750 0.761719 0.707812 0.763672 0.709375 0.896484 0.670312 0.894531
0 0.595313 0.785156 0.634375 0.783203 0.639062 0.906250 0.596875 0.906250
0 0.512500 0.763672 0.550000 0.763672 0.557813 0.880859 0.514062 0.886719
0 0.600000 0.609375 0.640625 0.607422 0.645312 0.732422 0.603125 0.732422
0 0.510938 0.587891 0.545312 0.587891 0.545312 0.705078 0.509375 0.705078
0 0.401562 0.566406 0.439063 0.564453 0.442188 0.693359 0.403125 0.695312
0 0.584375 0.421875 0.623437 0.421875 0.626563 0.542969 0.584375 0.542969
0 0.507812 0.419922 0.542188 0.416016 0.548438 0.539062 0.509375 0.537109
0 0.579688 0.236328 0.618750 0.234375 0.623437 0.353516 0.578125 0.353516
0 0.510938 0.257812 0.554688 0.253906 0.556250 0.359375 0.515625 0.365234
0 0.435937 0.314453 0.478125 0.306641 0.492188 0.431641 0.450000 0.435547
0 0.801562 0.117188 0.834375 0.115234 0.839063 0.216797 0.803125 0.216797
0 0.579688 0.089844 0.617188 0.083984 0.621875 0.201172 0.581250 0.199219
0 0.573438 0.000000 0.610938 0.000000 0.615625 0.039062 0.578125 0.041016
1 0.489063 0.000000 0.542188 0.000000 0.545312 0.197266 0.493750 0.199219
4 0.920312 0.384766 0.956250 0.384766 0.960938 0.488281 0.921875 0.490234
