0 0.598437 0.039062 0.631250 0.039062 0.629687 0.132812 0.593750 0.132812
0 0.590625 0.185547 0.632812 0.185547 0.629687 0.300781 0.593750 0.298828
0 0.704688 0.281250 0.740625 0.283203 0.737500 0.388672 0.703125 0.386719
0 0.646875 0.304688 0.684375 0.302734 0.682813 0.416016 0.643750 0.417969
0 0.587500 0.332031 0.626563 0.333984 0.631250 0.453125 0.589063 0.453125
0 0.693750 0.550781 0.734375 0.550781 0.734375 0.662109 0.695312 0.664062
0 0.701562 0.699219 0.737500 0.703125 0.739062 0.814453 0.700000 0.814453
0 0.603125 0.871094 0.640625 0.871094 0.639062 0.998047 0.600000 0.996094
0 0.529687 0.937500 0.567187 0.933594 0.573438 1.000000 0.539062 1.000000
0 0.026562 0.921875 0.064062 0.923828 0.060937 1.000000 0.023438 1.000000
0 0.110937 0.869141 0.204687 0.873047 0.200000 0.923828 0.107813 0.917969
0 0.200000 0.789062 0.265625 0.722656 0.287500 0.757812 0.225000 0.826172
0 0.251563 0.603516 0.289062 0.607422 0.289062 0.716797 0.251563 0.716797
0 0.170313 0.656250 0.206250 0.656250 0.204687 0.769531 0.170313 0.769531
0 0.021875 0.640625 0.059375 0.644531 0.057813 0.757812 0.017188 0.757812
0 0.257812 0.458984 0.290625 0.462891 0.289062 0.580078 0.257812 0.580078
0 0.184375 0.488281 0.217188 0.484375 0.215625 0.587891 0.184375 0.587891
0 0.131250 0.466797 0.168750 0.470703 0.165625 0.591797 0.128125 0.591797
0 0.032813 0.470703 0.065625 0.474609 0.057813 0.583984 0.021875 0.576172
0 0.000000 0.474609 0.020313 0.478516 0.012500 0.576172 0.000000 0.576172
0 0.198437 0.386719 0.279687 0.361328 0.292187 0.408203 0.209375 0.435547
0 0.000000 0.406250 0.048438 0.404297 0.045312 0.457031 0.000000 0.457031
0 0.265625 0.130859 0.298438 0.136719 0.296875 0.224609 0.262500 0.228516
0 0.109375 0.224609 0.135937 0.220703 0.143750 0.332031 0.109375 0.335938
0 0.060937 0.207031 0.093750 0.210938 0.095312 0.314453 0.059375 0.318359
0 0.007812 0.197266 0.043750 0.197266 0.045312 0.302734 0.004687 0.304688
4 0.082812 0.482422 0.110937 0.480469 0.112500 0.583984 0.081250 0.583984
4 0.707812 0.044922 0.740625 0.046875 0.739062 0.134766 0.706250 0.130859
4 0.125000 0.640625 0.157812 0.638672 0.154688 0.738281 0.121875 0.736328
4 0.151562 0.322266 0.239063 0.318359 0.239063 0.363281 0.151562 0.367188
