4 0.948438 0.298828 0.989062 0.298828 0.989062 0.400391 0.953125 0.404297
4 0.635938 0.535156 0.675000 0.535156 0.671875 0.630859 0.634375 0.634766
0 0.775000 0.376953 0.817187 0.376953 0.817187 0.482422 0.773438 0.482422
0 0.710938 0.341797 0.753125 0.343750 0.756250 0.460938 0.714063 0.460938
2 0.637500 0.363281 0.687500 0.367188 0.682813 0.519531 0.634375 0.515625
0 0.565625 0.320312 0.610938 0.318359 0.612500 0.431641 0.567187 0.435547
0 0.776563 0.554688 0.817187 0.550781 0.821875 0.664062 0.781250 0.669922
0 0.703125 0.556641 0.750000 0.554688 0.748437 0.679688 0.704688 0.679688
0 0.631250 0.679688 0.673438 0.677734 0.673438 0.796875 0.629687 0.798828
0 0.695312 0.738281 0.740625 0.736328 0.742188 0.865234 0.696875 0.867188
0 0.778125 0.824219 0.820312 0.824219 0.818750 0.941406 0.782813 0.943359
0 0.629687 0.869141 0.676562 0.869141 0.676562 0.984375 0.629687 0.984375
1 0.070312 0.839844 0.134375 0.839844 0.139063 0.994141 0.078125 0.996094
0 0.067187 0.496094 0.126562 0.496094 0.129688 0.625000 0.073438 0.626953
0 0.126562 0.275391 0.156250 0.298828 0.114062 0.398438 0.075000 0.371094
2 0.100000 0.126953 0.139063 0.142578 0.109375 0.263672 0.070312 0.250000
