4 0.762500 0.289062 0.787500 0.259766 0.845313 0.333984 0.820312 0.359375
4 0.856250 0.261719 0.934375 0.242188 0.939063 0.289062 0.860938 0.304688
0 0.867188 0.435547 0.965625 0.408203 0.975000 0.464844 0.876563 0.486328
0 0.757812 0.476562 0.842187 0.443359 0.856250 0.494141 0.767188 0.525391
0 0.646875 0.505859 0.745313 0.484375 0.754687 0.535156 0.653125 0.552734
0 0.412500 0.578125 0.509375 0.541016 0.518750 0.591797 0.420312 0.617188
0 0.295312 0.611328 0.384375 0.583984 0.393750 0.630859 0.303125 0.654297
0 0.167187 0.644531 0.262500 0.617188 0.273438 0.669922 0.171875 0.691406
0 0.070312 0.687500 0.148438 0.662109 0.164062 0.710938 0.076563 0.738281
0 0.045312 0.511719 0.143750 0.476562 0.154688 0.533203 0.056250 0.560547
0 0.156250 0.472656 0.243750 0.437500 0.262500 0.486328 0.162500 0.515625
0 0.279687 0.437500 0.378125 0.408203 0.390625 0.458984 0.287500 0.486328
0 0.390625 0.402344 0.485938 0.375000 0.492188 0.419922 0.396875 0.449219
0 0.506250 0.382812 0.609375 0.355469 0.620313 0.406250 0.510938 0.427734
0 0.621875 0.328125 0.678125 0.310547 0.685937 0.351562 0.628125 0.371094
2 0.660937 0.365234 0.765625 0.333984 0.778125 0.375000 0.670312 0.412109
0 0.681250 0.306641 0.767188 0.287109 0.773438 0.333984 0.689063 0.351562
