4 0.057813 0.279297 0.176563 0.271484 0.182812 0.328125 0.060937 0.337891
0 0.000000 0.472656 0.090625 0.470703 0.089063 0.527344 0.000000 0.525391
0 0.110937 0.472656 0.209375 0.470703 0.210938 0.527344 0.109375 0.527344
0 0.221875 0.468750 0.318750 0.468750 0.321875 0.521484 0.223438 0.525391
0 0.350000 0.453125 0.445312 0.457031 0.446875 0.503906 0.348438 0.500000
0 0.453125 0.474609 0.537500 0.458984 0.546875 0.503906 0.456250 0.523438
0 0.557813 0.464844 0.640625 0.464844 0.640625 0.507812 0.557813 0.509766
0 0.654687 0.445312 0.762500 0.445312 0.762500 0.496094 0.654687 0.498047
0 0.765625 0.445312 0.865625 0.443359 0.867188 0.498047 0.768750 0.498047
0 0.885938 0.455078 0.975000 0.451172 0.978125 0.505859 0.887500 0.505859
0 0.950000 0.269531 1.000000 0.310547 1.000000 0.355469 0.932813 0.314453
0 0.835938 0.279297 0.931250 0.273438 0.934375 0.322266 0.840625 0.324219
0 0.721875 0.267578 0.806250 0.306641 0.792188 0.349609 0.703125 0.312500
0 0.582812 0.277344 0.684375 0.275391 0.687500 0.322266 0.589063 0.324219
0 0.478125 0.281250 0.564063 0.326172 0.551562 0.376953 0.456250 0.330078
0 0.345313 0.332031 0.443750 0.320312 0.445312 0.375000 0.343750 0.384766
0 0.342187 0.279297 0.440625 0.273438 0.440625 0.320312 0.340625 0.324219
0 0.200000 0.283203 0.301563 0.281250 0.306250 0.332031 0.206250 0.337891
