0 0.464062 0.195312 0.512500 0.214844 0.484375 0.333984 0.445312 0.318359
0 0.528125 0.000000 0.570312 0.000000 0.537500 0.078125 0.492188 0.056641
0 0.668750 0.126953 0.756250 0.162109 0.748437 0.208984 0.657813 0.177734
0 0.684375 0.064453 0.776563 0.093750 0.765625 0.142578 0.670312 0.111328
0 0.950000 0.000000 0.989062 0.000000 0.957812 0.105469 0.918750 0.089844
0 0.901563 0.154297 0.945312 0.175781 0.914062 0.314453 0.867188 0.292969
0 0.584375 0.240234 0.625000 0.248047 0.601562 0.373047 0.556250 0.355469
0 0.521875 0.201172 0.559375 0.207031 0.540625 0.328125 0.500000 0.316406
0 0.370312 0.158203 0.410938 0.169922 0.373437 0.300781 0.332813 0.279297
0 0.381250 0.388672 0.476562 0.429688 0.464062 0.484375 0.362500 0.441406
0 0.306250 0.478516 0.398438 0.519531 0.385937 0.570312 0.289062 0.539062
0 0.643750 0.599609 0.740625 0.634766 0.728125 0.693359 0.629687 0.654297
0 0.306250 1.000000 0.371875 0.929688 0.396875 0.953125 0.329688 1.000000
0 0.323437 0.878906 0.354687 0.914062 0.287500 1.000000 0.267188 0.976562
0 0.265625 0.843750 0.303125 0.867188 0.253125 0.976562 0.217188 0.953125
