4 0.559375 0.830078 0.600000 0.828125 0.590625 0.949219 0.551562 0.947266
0 0.459375 0.058594 0.553125 0.076172 0.556250 0.125000 0.451562 0.115234
0 0.450000 0.191406 0.551562 0.212891 0.545312 0.259766 0.445312 0.238281
0 0.451562 0.136719 0.545312 0.142578 0.545312 0.193359 0.446875 0.191406
0 0.460938 0.265625 0.545312 0.277344 0.542188 0.326172 0.457813 0.316406
0 0.440625 0.328125 0.545312 0.337891 0.543750 0.388672 0.437500 0.375000
0 0.440625 0.386719 0.535937 0.402344 0.531250 0.457031 0.439063 0.439453
0 0.987500 0.625000 1.000000 0.658203 0.945312 0.759766 0.914062 0.716797
0 0.875000 0.642578 0.948438 0.568359 0.971875 0.609375 0.895312 0.687500
0 0.834375 0.593750 0.907813 0.509766 0.935937 0.548828 0.857812 0.632812
0 0.800000 0.542969 0.873437 0.468750 0.900000 0.500000 0.829688 0.585938
0 0.740625 0.437500 0.810937 0.361328 0.837500 0.404297 0.764062 0.472656
0 0.696875 0.382812 0.770312 0.302734 0.798438 0.341797 0.721875 0.421875
0 0.668750 0.320312 0.732812 0.246094 0.764062 0.277344 0.693750 0.359375
0 0.895312 0.802734 0.973437 0.736328 0.995313 0.777344 0.918750 0.853516
0 0.981250 0.867188 1.000000 0.867188 1.000000 0.994141 0.975000 0.990234
0 0.878125 0.865234 0.923438 0.865234 0.914062 0.994141 0.870313 0.988281
0 0.826562 0.865234 0.868750 0.865234 0.864062 0.986328 0.818750 0.984375
0 0.770312 0.851562 0.810937 0.855469 0.804688 0.976562 0.762500 0.974609
0 0.707812 0.847656 0.754687 0.847656 0.748437 0.970703 0.704688 0.968750
0 0.612500 0.832031 0.657813 0.835938 0.651563 0.958984 0.607812 0.955078
0 0.637500 0.613281 0.732812 0.619141 0.731250 0.675781 0.632812 0.666016
0 0.398438 0.738281 0.496875 0.740234 0.496875 0.794922 0.396875 0.789062
0 0.418750 0.658203 0.517188 0.652344 0.518750 0.712891 0.420312 0.710938
0 0.421875 0.587891 0.515625 0.595703 0.509375 0.648438 0.415625 0.636719
0 0.429688 0.458984 0.520312 0.464844 0.518750 0.513672 0.431250 0.503906
0 0.218750 0.828125 0.256250 0.796875 0.301563 0.925781 0.257812 0.947266
0 0.150000 0.568359 0.187500 0.574219 0.176563 0.699219 0.135937 0.693359
0 0.096875 0.505859 0.137500 0.509766 0.125000 0.636719 0.085938 0.630859
0 0.300000 0.507812 0.340625 0.511719 0.329688 0.638672 0.285938 0.628906
0 0.234375 0.347656 0.273438 0.347656 0.270313 0.468750 0.229687 0.464844
0 0.167187 0.398438 0.206250 0.404297 0.195312 0.529297 0.150000 0.525391
0 0.109375 0.324219 0.156250 0.330078 0.140625 0.466797 0.095312 0.457031
0 0.273438 0.000000 0.312500 0.000000 0.306250 0.070312 0.265625 0.064453
