0 0.929688 0.601562 0.960938 0.566406 1.000000 0.652344 0.998437 0.687500
0 0.909375 0.613281 0.984375 0.687500 0.959375 0.728516 0.889062 0.650391
0 0.881250 0.658203 0.943750 0.730469 0.917188 0.767578 0.851562 0.699219
0 0.834375 0.699219 0.906250 0.781250 0.879687 0.818359 0.806250 0.740234
0 0.762500 0.755859 0.837500 0.835938 0.807813 0.882812 0.735938 0.792969
0 0.703125 0.859375 0.745313 0.816406 0.809375 0.908203 0.775000 0.949219
0 0.648438 0.693359 0.673438 0.662109 0.745313 0.740234 0.718750 0.783203
0 0.492188 0.933594 0.568750 0.851562 0.596875 0.888672 0.526563 0.970703
0 0.534375 0.792969 0.565625 0.826172 0.495312 0.916016 0.464062 0.880859
0 0.423438 0.826172 0.503125 0.746094 0.529687 0.777344 0.453125 0.863281
0 0.339062 0.718750 0.415625 0.642578 0.448437 0.681641 0.365625 0.757812
0 0.340625 0.535156 0.373437 0.570312 0.309375 0.640625 0.285938 0.611328
0 0.223438 0.501953 0.268750 0.521484 0.234375 0.632812 0.193750 0.619141
0 0.078125 0.525391 0.112500 0.500000 0.157812 0.605469 0.117188 0.630859
0 0.915625 0.287109 0.960938 0.289062 0.956250 0.417969 0.912500 0.412109
0 0.864062 0.281250 0.909375 0.283203 0.900000 0.402344 0.860938 0.404297
0 0.815625 0.275391 0.862500 0.279297 0.854688 0.406250 0.809375 0.400391
0 0.750000 0.275391 0.795312 0.277344 0.798438 0.402344 0.751563 0.396484
0 0.604688 0.292969 0.651563 0.298828 0.640625 0.423828 0.600000 0.416016
0 0.553125 0.271484 0.593750 0.273438 0.585938 0.398438 0.543750 0.392578
0 0.492188 0.251953 0.531250 0.246094 0.543750 0.369141 0.496875 0.376953
0 0.440625 0.251953 0.493750 0.255859 0.481250 0.384766 0.439063 0.378906
0 0.385937 0.250000 0.437500 0.248047 0.432812 0.371094 0.389062 0.365234
0 0.359375 0.250000 0.387500 0.255859 0.378125 0.369141 0.334375 0.361328
0 0.290625 0.246094 0.331250 0.248047 0.323437 0.371094 0.279687 0.369141
0 0.239063 0.242188 0.276562 0.248047 0.275000 0.365234 0.228125 0.361328
0 0.185938 0.248047 0.229687 0.248047 0.226562 0.363281 0.181250 0.361328
0 0.140625 0.257812 0.181250 0.259766 0.179688 0.375000 0.132812 0.367188
0 0.087500 0.250000 0.134375 0.250000 0.126562 0.378906 0.082812 0.375000
0 0.342187 0.085938 0.446875 0.076172 0.450000 0.126953 0.340625 0.134766
0 0.462500 0.080078 0.567187 0.097656 0.553125 0.158203 0.450000 0.128906
0 0.596875 0.117188 0.712500 0.115234 0.714063 0.185547 0.600000 0.179688
0 0.870313 0.130859 0.973437 0.136719 0.973437 0.191406 0.868750 0.181641
0 0.820312 0.025391 0.920312 0.033203 0.917188 0.091797 0.815625 0.076172
0 0.470313 0.000000 0.575000 0.000000 0.575000 0.046875 0.468750 0.039062
0 0.254688 0.001953 0.356250 0.003906 0.353125 0.046875 0.253125 0.044922
