0 0.034375 0.710938 0.057813 0.750000 0.000000 0.826172 0.000000 0.783203
0 0.129688 0.765625 0.159375 0.736328 0.215625 0.830078 0.184375 0.859375
0 0.178125 0.648438 0.210938 0.611328 0.278125 0.710938 0.245312 0.750000
0 0.342187 0.482422 0.417187 0.574219 0.385937 0.617188 0.317188 0.519531
0 0.376563 0.427734 0.453125 0.521484 0.421875 0.560547 0.346875 0.468750
0 0.503125 0.431641 0.537500 0.388672 0.618750 0.476562 0.579688 0.515625
0 0.687500 0.412109 0.732812 0.410156 0.734375 0.546875 0.690625 0.548828
0 0.756250 0.421875 0.796875 0.417969 0.796875 0.542969 0.754687 0.541016
0 0.845313 0.406250 0.882812 0.433594 0.829688 0.533203 0.793750 0.503906
0 0.895312 0.437500 0.929688 0.462891 0.881250 0.570312 0.839063 0.544922
0 0.925000 0.533203 0.962500 0.533203 0.962500 0.650391 0.925000 0.644531
0 0.967187 0.589844 1.000000 0.589844 1.000000 0.716797 0.967187 0.707031
0 0.968750 0.189453 1.000000 0.191406 1.000000 0.302734 0.967187 0.302734
0 0.918750 0.171875 0.959375 0.171875 0.962500 0.300781 0.917188 0.296875
0 0.878125 0.169922 0.917188 0.173828 0.906250 0.298828 0.867188 0.289062
0 0.826562 0.169922 0.865625 0.171875 0.860938 0.298828 0.815625 0.298828
0 0.770312 0.154297 0.810937 0.160156 0.807813 0.279297 0.764062 0.275391
0 0.717187 0.156250 0.762500 0.164062 0.748437 0.283203 0.707812 0.279297
0 0.664062 0.158203 0.704688 0.160156 0.701562 0.273438 0.654687 0.273438
0 0.609375 0.140625 0.657813 0.144531 0.653125 0.269531 0.609375 0.267578
0 0.623437 0.312500 0.735938 0.304688 0.739062 0.361328 0.626563 0.365234
0 0.575000 0.148438 0.609375 0.152344 0.592187 0.265625 0.553125 0.255859
0 0.509375 0.146484 0.551562 0.150391 0.545312 0.257812 0.506250 0.253906
0 0.454688 0.138672 0.504687 0.140625 0.493750 0.271484 0.454688 0.269531
0 0.401562 0.134766 0.448437 0.134766 0.445312 0.255859 0.401562 0.253906
0 0.343750 0.125000 0.389062 0.123047 0.387500 0.257812 0.345313 0.255859
0 0.235937 0.308594 0.339062 0.273438 0.350000 0.326172 0.246875 0.363281
0 0.289062 0.117188 0.334375 0.113281 0.334375 0.253906 0.289062 0.251953
0 0.237500 0.115234 0.284375 0.117188 0.276562 0.236328 0.235937 0.232422
0 0.114062 0.132812 0.153125 0.130859 0.153125 0.250000 0.114062 0.246094
0 0.053125 0.117188 0.098437 0.117188 0.095312 0.246094 0.051562 0.250000
0 0.000000 0.101562 0.035937 0.103516 0.028125 0.234375 0.000000 0.230469
0 0.915625 0.003906 1.000000 0.013672 1.000000 0.064453 0.912500 0.054688
0 0.681250 0.000000 0.779687 0.005859 0.776563 0.056641 0.676562 0.039062
