0 0.875000 0.517578 0.967187 0.509766 0.975000 0.558594 0.882812 0.570312
0 0.757812 0.703125 0.870313 0.701172 0.871875 0.769531 0.750000 0.761719
0 0.520312 0.697266 0.621875 0.701172 0.621875 0.755859 0.520312 0.755859
0 0.700000 0.480469 0.792188 0.480469 0.795312 0.533203 0.704688 0.537109
0 0.507812 0.507812 0.607812 0.509766 0.607812 0.560547 0.509375 0.562500
0 0.360938 0.478516 0.464062 0.480469 0.465625 0.533203 0.364063 0.539062
0 0.267188 0.511719 0.357812 0.539062 0.351562 0.589844 0.251563 0.558594
0 0.301563 0.701172 0.406250 0.708984 0.407813 0.753906 0.303125 0.759766
0 0.000000 0.816406 0.078125 0.820312 0.076563 0.875000 0.000000 0.873047
0 0.090625 0.703125 0.187500 0.701172 0.190625 0.755859 0.090625 0.753906
0 0.071875 0.580078 0.175000 0.593750 0.173437 0.642578 0.070312 0.632812
0 0.064062 0.501953 0.165625 0.505859 0.160938 0.556641 0.060937 0.552734
0 0.000000 0.490234 0.048438 0.494141 0.048438 0.541016 0.000000 0.537109
0 0.000000 0.279297 0.040625 0.281250 0.032813 0.394531 0.000000 0.392578
0 0.042188 0.265625 0.082812 0.267578 0.079687 0.380859 0.039062 0.376953
0 0.090625 0.269531 0.132812 0.267578 0.132812 0.388672 0.085938 0.384766
0 0.146875 0.265625 0.187500 0.267578 0.182812 0.384766 0.142187 0.382812
0 0.198437 0.255859 0.242188 0.255859 0.231250 0.375000 0.190625 0.371094
0 0.246875 0.259766 0.293750 0.261719 0.287500 0.363281 0.240625 0.359375
0 0.346875 0.271484 0.389062 0.273438 0.395313 0.394531 0.348438 0.394531
0 0.398438 0.271484 0.442188 0.271484 0.443750 0.394531 0.396875 0.394531
0 0.453125 0.277344 0.495312 0.277344 0.495312 0.386719 0.451562 0.386719
0 0.507812 0.271484 0.557813 0.275391 0.550000 0.386719 0.509375 0.384766
0 0.617188 0.263672 0.660937 0.259766 0.662500 0.376953 0.618750 0.376953
0 0.670312 0.279297 0.717187 0.281250 0.712500 0.396484 0.670312 0.398438
0 0.725000 0.285156 0.765625 0.287109 0.764062 0.386719 0.726562 0.390625
0 0.773438 0.287109 0.820312 0.289062 0.818750 0.408203 0.778125 0.410156
0 0.826562 0.287109 0.867188 0.283203 0.870313 0.408203 0.832812 0.408203
0 0.875000 0.298828 0.912500 0.294922 0.925000 0.404297 0.885938 0.406250
0 0.950000 0.119141 1.000000 0.126953 1.000000 0.181641 0.946875 0.171875
0 0.807813 0.119141 0.909375 0.121094 0.915625 0.167969 0.806250 0.167969
0 0.654687 0.103516 0.762500 0.105469 0.765625 0.160156 0.657813 0.160156
0 0.429688 0.087891 0.526563 0.093750 0.526563 0.148438 0.431250 0.148438
0 0.312500 0.093750 0.401562 0.095703 0.403125 0.148438 0.310937 0.144531
0 0.184375 0.095703 0.287500 0.095703 0.290625 0.152344 0.182812 0.150391
0 0.050000 0.089844 0.157812 0.097656 0.153125 0.150391 0.048438 0.144531
