0 0.978125 0.292969 1.000000 0.291016 1.000000 0.400391 0.979688 0.402344
0 0.934375 0.302734 0.975000 0.302734 0.978125 0.419922 0.934375 0.417969
0 0.879687 0.326172 0.923438 0.322266 0.921875 0.453125 0.879687 0.453125
0 0.928125 0.837891 1.000000 0.841797 1.000000 0.894531 0.929688 0.892578
0 0.910937 0.738281 1.000000 0.714844 1.000000 0.761719 0.918750 0.785156
0 0.726562 0.701172 0.840625 0.701172 0.843750 0.761719 0.728125 0.759766
0 0.517188 0.816406 0.621875 0.810547 0.620313 0.855469 0.520312 0.863281
0 0.548438 0.707031 0.648438 0.707031 0.651563 0.765625 0.550000 0.763672
0 0.693750 0.611328 0.793750 0.609375 0.796875 0.664062 0.693750 0.662109
0 0.478125 0.613281 0.578125 0.597656 0.584375 0.652344 0.485938 0.669922
0 0.637500 0.501953 0.739062 0.503906 0.735938 0.556641 0.637500 0.554688
0 0.465625 0.564453 0.551562 0.517578 0.570312 0.568359 0.475000 0.611328
0 0.310937 0.605469 0.412500 0.605469 0.412500 0.662109 0.314063 0.660156
0 0.350000 0.707031 0.453125 0.707031 0.456250 0.761719 0.350000 0.763672
0 0.307812 0.800781 0.415625 0.792969 0.420312 0.849609 0.310937 0.859375
0 0.165625 0.810547 0.264062 0.818359 0.262500 0.861328 0.165625 0.857422
0 0.020313 0.792969 0.112500 0.800781 0.110937 0.859375 0.017188 0.843750
0 0.171875 0.710938 0.271875 0.708984 0.271875 0.757812 0.173437 0.761719
0 0.000000 0.695312 0.075000 0.697266 0.075000 0.750000 0.000000 0.748047
0 0.203125 0.617188 0.290625 0.562500 0.312500 0.607422 0.215625 0.664062
0 0.035937 0.546875 0.071875 0.574219 0.017188 0.677734 0.000000 0.652344
0 0.118750 0.527344 0.210938 0.527344 0.214062 0.582031 0.120313 0.582031
0 0.031250 0.449219 0.096875 0.515625 0.073438 0.554688 0.003125 0.492188
0 0.096875 0.458984 0.192188 0.458984 0.193750 0.505859 0.098437 0.509766
0 0.451562 0.201172 0.485938 0.224609 0.432812 0.328125 0.393750 0.304688
0 0.300000 0.287109 0.340625 0.285156 0.340625 0.416016 0.303125 0.417969
0 0.253125 0.298828 0.296875 0.302734 0.281250 0.425781 0.240625 0.419922
0 0.195312 0.263672 0.240625 0.263672 0.232813 0.390625 0.195312 0.386719
0 0.143750 0.263672 0.190625 0.261719 0.189062 0.380859 0.145313 0.382812
0 0.098437 0.250000 0.134375 0.248047 0.134375 0.363281 0.095312 0.363281
0 0.043750 0.257812 0.090625 0.255859 0.084375 0.380859 0.043750 0.386719
0 0.000000 0.255859 0.037500 0.253906 0.032813 0.367188 0.000000 0.365234
0 0.326562 0.087891 0.428125 0.089844 0.426563 0.140625 0.328125 0.142578
0 0.178125 0.093750 0.264062 0.091797 0.264062 0.144531 0.176563 0.144531
0 0.060937 0.089844 0.157812 0.089844 0.159375 0.142578 0.062500 0.140625
