4 0.346875 0.314453 0.439063 0.306641 0.439063 0.359375 0.348438 0.367188
0 0.142187 0.925781 0.171875 0.898438 0.246875 0.982422 0.215625 1.000000
0 0.350000 0.943359 0.450000 0.941406 0.451562 0.990234 0.354687 0.994141
0 0.356250 0.878906 0.456250 0.880859 0.454688 0.939453 0.354687 0.933594
0 0.364063 0.812500 0.467187 0.812500 0.464062 0.865234 0.367188 0.867188
0 0.603125 0.767578 0.651563 0.763672 0.654687 0.912109 0.603125 0.910156
0 0.739062 0.847656 0.792188 0.849609 0.789062 0.996094 0.743750 0.996094
0 0.812500 0.908203 0.862500 0.910156 0.857812 1.000000 0.815625 1.000000
0 0.743750 0.642578 0.785937 0.642578 0.785937 0.767578 0.745313 0.769531
0 0.206250 0.660156 0.304688 0.662109 0.304688 0.710938 0.204687 0.712891
0 0.085938 0.656250 0.187500 0.654297 0.187500 0.708984 0.087500 0.714844
0 0.492188 0.607422 0.534375 0.570312 0.595313 0.666016 0.562500 0.705078
0 0.298438 0.568359 0.390625 0.562500 0.390625 0.613281 0.304688 0.625000
0 0.062500 0.568359 0.157812 0.562500 0.160938 0.619141 0.067187 0.626953
0 0.606250 0.449219 0.646875 0.447266 0.650000 0.578125 0.610938 0.580078
0 0.728125 0.408203 0.776563 0.406250 0.779687 0.537109 0.735938 0.539062
0 0.900000 0.148438 0.928125 0.125000 0.996875 0.207031 0.960938 0.248047
0 0.743750 0.140625 0.787500 0.138672 0.784375 0.263672 0.740625 0.267578
0 0.607812 0.101562 0.651563 0.103516 0.654687 0.246094 0.603125 0.251953
0 0.220312 0.308594 0.314063 0.308594 0.315625 0.363281 0.220312 0.361328
0 0.117188 0.312500 0.206250 0.308594 0.209375 0.357422 0.118750 0.365234
0 0.000000 0.318359 0.098437 0.310547 0.100000 0.363281 0.003125 0.373047
0 0.115625 0.156250 0.146875 0.179688 0.095312 0.275391 0.057813 0.253906
0 0.176563 0.148438 0.215625 0.173828 0.164062 0.292969 0.125000 0.267578
0 0.225000 0.171875 0.264062 0.166016 0.275000 0.267578 0.235937 0.273438
