0 0.618750 0.775391 0.665625 0.773438 0.665625 0.906250 0.617188 0.902344
0 0.818750 0.000000 0.853125 0.000000 0.851562 0.052734 0.815625 0.048828
0 0.743750 0.041016 0.781250 0.041016 0.782813 0.146484 0.740625 0.150391
0 0.900000 0.207031 0.943750 0.208984 0.945312 0.330078 0.901563 0.328125
0 0.903125 0.353516 0.942187 0.351562 0.943750 0.472656 0.900000 0.478516
0 0.735938 0.349609 0.784375 0.349609 0.787500 0.490234 0.732812 0.488281
0 0.893750 0.539062 0.934375 0.544922 0.925000 0.666016 0.879687 0.662109
0 0.898438 0.728516 0.937500 0.730469 0.928125 0.863281 0.887500 0.861328
0 0.834375 0.789062 0.878125 0.789062 0.865625 0.919922 0.828125 0.916016
0 0.906250 0.912109 0.946875 0.935547 0.898438 1.000000 0.862500 1.000000
0 0.423438 0.949219 0.526563 0.968750 0.523438 1.000000 0.418750 1.000000
0 0.439063 0.880859 0.532813 0.890625 0.532813 0.945312 0.434375 0.935547
0 0.434375 0.816406 0.535937 0.828125 0.528125 0.880859 0.431250 0.867188
0 0.431250 0.746094 0.537500 0.751953 0.531250 0.810547 0.434375 0.806641
0 0.439063 0.689453 0.542188 0.695312 0.540625 0.751953 0.440625 0.744141
0 0.442188 0.623047 0.537500 0.628906 0.534375 0.679688 0.442188 0.671875
0 0.446875 0.564453 0.542188 0.568359 0.542188 0.623047 0.442188 0.609375
0 0.434375 0.498047 0.540625 0.503906 0.537500 0.552734 0.434375 0.548828
0 0.443750 0.431641 0.551562 0.433594 0.550000 0.486328 0.445312 0.488281
0 0.445312 0.365234 0.545312 0.367188 0.546875 0.421875 0.443750 0.414062
0 0.445312 0.294922 0.562500 0.294922 0.562500 0.353516 0.445312 0.345703
0 0.460938 0.226562 0.554688 0.230469 0.556250 0.285156 0.462500 0.277344
0 0.450000 0.083984 0.540625 0.080078 0.539062 0.134766 0.448437 0.136719
0 0.450000 0.007812 0.553125 0.007812 0.553125 0.062500 0.448437 0.064453
0 0.256250 0.923828 0.335938 0.988281 0.318750 1.000000 0.221875 0.974609
0 0.225000 0.869141 0.321875 0.876953 0.320312 0.927734 0.221875 0.912109
0 0.218750 0.791016 0.326562 0.787109 0.328125 0.843750 0.217188 0.847656
0 0.307812 0.556641 0.342187 0.595703 0.276562 0.693359 0.245312 0.660156
0 0.203125 0.462891 0.281250 0.373047 0.312500 0.406250 0.235937 0.498047
0 0.162500 0.421875 0.237500 0.335938 0.270313 0.367188 0.189062 0.464844
0 0.120313 0.361328 0.198437 0.275391 0.225000 0.318359 0.151562 0.396484
0 0.056250 0.257812 0.142187 0.171875 0.168750 0.208984 0.095312 0.298828
0 0.051562 0.123047 0.071875 0.156250 0.006250 0.230469 0.000000 0.193359
