0 0.896875 0.935547 0.942187 0.929688 0.940625 1.000000 0.898438 1.000000
0 0.896875 0.781250 0.940625 0.777344 0.948438 0.906250 0.892188 0.906250
0 0.881250 0.490234 0.923438 0.490234 0.920312 0.615234 0.881250 0.613281
0 0.900000 0.345703 0.945312 0.341797 0.945312 0.462891 0.903125 0.466797
0 0.631250 0.486328 0.670312 0.486328 0.671875 0.617188 0.629687 0.619141
0 0.632812 0.353516 0.671875 0.347656 0.678125 0.468750 0.635938 0.472656
0 0.639062 0.197266 0.685937 0.197266 0.682813 0.335938 0.635938 0.332031
0 0.639062 0.041016 0.681250 0.039062 0.684375 0.160156 0.639062 0.156250
0 0.465625 0.000000 0.559375 0.000000 0.564063 0.048828 0.464062 0.046875
0 0.471875 0.058594 0.560937 0.060547 0.559375 0.103516 0.470313 0.103516
0 0.464062 0.119141 0.565625 0.113281 0.562500 0.166016 0.462500 0.162109
0 0.456250 0.177734 0.562500 0.177734 0.562500 0.222656 0.459375 0.222656
0 0.470313 0.248047 0.562500 0.250000 0.560937 0.300781 0.470313 0.296875
0 0.453125 0.304688 0.556250 0.304688 0.553125 0.357422 0.450000 0.355469
0 0.457813 0.367188 0.556250 0.361328 0.559375 0.417969 0.459375 0.423828
0 0.456250 0.437500 0.557813 0.437500 0.557813 0.488281 0.454688 0.486328
0 0.450000 0.500000 0.554688 0.500000 0.556250 0.558594 0.450000 0.552734
0 0.435937 0.576172 0.543750 0.578125 0.543750 0.632812 0.439063 0.632812
0 0.437500 0.660156 0.531250 0.654297 0.531250 0.708984 0.435937 0.707031
0 0.448437 0.814453 0.540625 0.812500 0.545312 0.859375 0.446875 0.861328
0 0.439063 0.875000 0.548438 0.878906 0.550000 0.927734 0.434375 0.933594
0 0.432812 0.943359 0.540625 0.949219 0.535937 1.000000 0.429688 0.996094
0 0.146875 1.000000 0.225000 0.910156 0.253125 0.949219 0.179688 1.000000
0 0.176563 0.861328 0.212500 0.894531 0.139063 0.980469 0.109375 0.951172
0 0.046875 0.832031 0.125000 0.748047 0.151562 0.783203 0.070312 0.871094
0 0.029687 0.689453 0.054688 0.718750 0.000000 0.771484 0.000000 0.744141
0 0.015625 0.478516 0.078125 0.568359 0.037500 0.601562 0.000000 0.521484
0 0.170313 0.302734 0.242188 0.396484 0.212500 0.429688 0.146875 0.339844
0 0.206250 0.273438 0.281250 0.345703 0.253125 0.390625 0.181250 0.308594
0 0.240625 0.228516 0.318750 0.296875 0.289062 0.335938 0.221875 0.259766
0 0.251563 0.205078 0.281250 0.173828 0.343750 0.257812 0.314063 0.292969
0 0.268750 0.023438 0.298438 0.000000 0.360938 0.068359 0.334375 0.103516
