0 0.084375 0.773438 0.179688 0.777344 0.179688 0.835938 0.084375 0.828125
0 0.148438 0.939453 0.187500 0.939453 0.184375 1.000000 0.146875 1.000000
0 0.204687 0.937500 0.242188 0.939453 0.237500 1.000000 0.196875 1.000000
0 0.800000 0.855469 0.878125 0.931641 0.851562 0.976562 0.770312 0.894531
0 0.879687 0.685547 0.979688 0.687500 0.985938 0.740234 0.878125 0.734375
0 0.500000 0.654297 0.606250 0.666016 0.604688 0.714844 0.495312 0.701172
0 0.596875 0.554688 0.693750 0.562500 0.690625 0.609375 0.593750 0.607422
0 0.120313 0.619141 0.220312 0.630859 0.218750 0.683594 0.117188 0.671875
0 0.012500 0.373047 0.103125 0.376953 0.101562 0.423828 0.009375 0.423828
0 0.118750 0.375000 0.210938 0.376953 0.209375 0.425781 0.115625 0.421875
0 0.873437 0.031250 0.909375 0.033203 0.903125 0.146484 0.860938 0.146484
