4 0.293750 0.140625 0.345313 0.136719 0.343750 0.302734 0.292187 0.304688
0 0.732812 0.316406 0.789062 0.310547 0.793750 0.478516 0.742188 0.482422
0 1.000000 0.685547 1.000000 0.724609 0.978125 0.832031 0.946875 0.779297
0 0.960938 0.619141 1.000000 0.660156 0.939063 0.787109 0.882812 0.742188
0 0.906250 0.392578 0.946875 0.421875 0.871875 0.548828 0.831250 0.517578
0 0.826562 0.216797 0.950000 0.197266 0.960938 0.261719 0.835938 0.281250
0 0.828125 0.123047 0.940625 0.123047 0.946875 0.179688 0.829688 0.185547
0 0.829688 0.005859 0.923438 0.060547 0.907813 0.123047 0.800000 0.058594
0 0.832812 0.000000 0.859375 0.000000 0.956250 0.011719 0.929688 0.058594
0 0.578125 0.000000 0.692187 0.000000 0.692187 0.035156 0.576562 0.031250
0 0.581250 0.048828 0.709375 0.048828 0.706250 0.113281 0.581250 0.103516
0 0.579688 0.123047 0.690625 0.121094 0.693750 0.187500 0.579688 0.187500
0 0.584375 0.203125 0.703125 0.205078 0.706250 0.265625 0.585938 0.257812
0 0.589063 0.279297 0.709375 0.279297 0.709375 0.341797 0.590625 0.343750
0 0.587500 0.347656 0.704688 0.349609 0.706250 0.412109 0.585938 0.416016
0 0.595313 0.429688 0.704688 0.433594 0.704688 0.486328 0.598437 0.488281
0 0.584375 0.507812 0.707812 0.507812 0.706250 0.568359 0.592187 0.566406
0 0.598437 0.583984 0.725000 0.580078 0.726562 0.648438 0.600000 0.648438
0 0.604688 0.662109 0.714063 0.658203 0.718750 0.728516 0.609375 0.734375
0 0.593750 0.750000 0.726562 0.748047 0.725000 0.808594 0.600000 0.812500
0 0.593750 0.837891 0.725000 0.832031 0.728125 0.898438 0.598437 0.910156
0 0.606250 0.919922 0.709375 0.916016 0.710938 0.980469 0.606250 0.984375
0 0.101562 0.898438 0.148438 0.886719 0.164062 1.000000 0.112500 1.000000
0 0.118750 0.660156 0.164062 0.660156 0.154688 0.812500 0.103125 0.810547
0 0.306250 0.560547 0.365625 0.564453 0.353125 0.716797 0.304688 0.712891
0 0.153125 0.435547 0.198437 0.445312 0.171875 0.597656 0.120313 0.578125
0 0.118750 0.263672 0.164062 0.267578 0.148438 0.410156 0.098437 0.404297
0 0.170313 0.246094 0.215625 0.242188 0.207813 0.394531 0.160938 0.388672
0 0.228125 0.201172 0.284375 0.195312 0.281250 0.376953 0.228125 0.378906
0 0.423438 0.191406 0.471875 0.189453 0.479687 0.330078 0.431250 0.332031
0 0.168750 0.062500 0.218750 0.062500 0.206250 0.210938 0.159375 0.207031
0 0.106250 0.052734 0.153125 0.054688 0.153125 0.193359 0.106250 0.197266
