0 0.865625 0.328125 0.906250 0.285156 0.990625 0.380859 0.960938 0.439453
0 0.948438 0.666016 1.000000 0.664062 1.000000 0.722656 0.945312 0.724609
0 0.798438 0.671875 0.910937 0.667969 0.912500 0.726562 0.798438 0.732422
0 0.685937 0.777344 0.801562 0.777344 0.801562 0.835938 0.690625 0.847656
0 0.606250 0.468750 0.723437 0.468750 0.725000 0.544922 0.604688 0.539062
0 0.617188 0.392578 0.737500 0.392578 0.737500 0.462891 0.614062 0.455078
0 0.621875 0.330078 0.732812 0.320312 0.742188 0.382812 0.625000 0.392578
0 0.628125 0.230469 0.751563 0.246094 0.748437 0.312500 0.625000 0.300781
0 0.628125 0.064453 0.737500 0.068359 0.740625 0.136719 0.628125 0.138672
0 0.639062 0.000000 0.732812 0.007812 0.731250 0.064453 0.637500 0.070312
0 0.229687 0.267578 0.276562 0.261719 0.273438 0.414062 0.223438 0.416016
0 0.159375 0.119141 0.210938 0.123047 0.204687 0.263672 0.156250 0.265625
0 0.229687 0.029297 0.282813 0.029297 0.285938 0.171875 0.229687 0.177734
