0 0.859375 0.140625 0.948438 0.214844 0.917188 0.259766 0.835938 0.179688
0 0.698438 0.916016 0.732812 0.943359 0.689063 1.000000 0.648438 1.000000
0 0.725000 0.728516 0.750000 0.763672 0.687500 0.843750 0.656250 0.814453
0 0.717187 0.501953 0.754687 0.523438 0.709375 0.609375 0.668750 0.578125
0 0.721875 0.333984 0.759375 0.376953 0.693750 0.472656 0.656250 0.443359
0 0.734375 0.216797 0.756250 0.246094 0.703125 0.328125 0.676562 0.294922
0 0.675000 0.183594 0.754687 0.128906 0.778125 0.177734 0.690625 0.236328
0 0.837500 0.000000 0.862500 0.000000 0.948438 0.035156 0.928125 0.072266
0 0.854688 0.025391 0.957812 0.121094 0.929688 0.171875 0.828125 0.074219
4 0.375000 0.021484 0.412500 0.017578 0.409375 0.136719 0.370312 0.134766
