0 0.689063 0.845703 0.793750 0.943359 0.760938 0.992188 0.660937 0.894531
0 0.693750 0.765625 0.785937 0.849609 0.762500 0.892578 0.670312 0.810547
0 0.695312 0.683594 0.787500 0.763672 0.764062 0.806641 0.673438 0.730469
0 0.701562 0.611328 0.782813 0.683594 0.762500 0.730469 0.679688 0.652344
0 0.710938 0.533203 0.793750 0.599609 0.771875 0.650391 0.685937 0.582031
0 0.706250 0.447266 0.800000 0.511719 0.776563 0.560547 0.687500 0.494141
0 0.700000 0.353516 0.792188 0.416016 0.770312 0.472656 0.675000 0.412109
0 0.700000 0.273438 0.789062 0.314453 0.776563 0.365234 0.687500 0.326172
0 0.723437 0.132812 0.806250 0.197266 0.778125 0.246094 0.698438 0.175781
0 0.515625 0.625000 0.584375 0.541016 0.610938 0.583984 0.545312 0.662109
0 0.537500 0.392578 0.620313 0.292969 0.657813 0.339844 0.564063 0.443359
0 0.726562 0.060547 0.809375 0.128906 0.789062 0.169922 0.701562 0.105469
0 0.225000 0.419922 0.276562 0.431641 0.254688 0.560547 0.209375 0.552734
0 0.000000 0.091797 0.054688 0.173828 0.014063 0.207031 0.000000 0.119141
3 0.153125 0.000000 0.212500 0.000000 0.200000 0.166016 0.142187 0.164062
0 0.228125 0.121094 0.267188 0.125000 0.250000 0.275391 0.204687 0.269531
