1 0.840625 0.763672 0.892188 0.761719 0.892188 1.000000 0.842187 1.000000
2 0.762500 0.849609 0.812500 0.849609 0.817187 1.000000 0.760938 1.000000
0 0.920312 0.240234 0.953125 0.242188 0.953125 0.339844 0.921875 0.339844
2 0.928125 0.000000 0.984375 0.000000 0.984375 0.136719 0.929688 0.134766
1 0.851562 0.000000 0.906250 0.000000 0.903125 0.070312 0.851562 0.068359
2 0.845313 0.152344 0.893750 0.156250 0.893750 0.527344 0.846875 0.525391
2 0.776563 0.000000 0.831250 0.000000 0.825000 0.427734 0.767188 0.425781
0 0.784375 0.488281 0.820312 0.488281 0.817187 0.599609 0.782813 0.595703
0 0.971875 0.734375 1.000000 0.734375 1.000000 0.843750 0.971875 0.843750
0 0.767188 0.648438 0.798438 0.648438 0.798438 0.757812 0.765625 0.755859
0 0.000000 0.962891 0.037500 0.962891 0.037500 1.000000 0.000000 1.000000
0 0.048438 0.740234 0.084375 0.738281 0.085938 0.849609 0.046875 0.849609
0 0.079687 0.292969 0.112500 0.289062 0.114062 0.384766 0.078125 0.388672
