2 0.665625 0.816406 0.720313 0.814453 0.740625 1.000000 0.685937 1.000000
0 0.403125 0.923828 0.442188 0.923828 0.442188 1.000000 0.403125 1.000000
0 0.546875 0.683594 0.587500 0.683594 0.589063 0.800781 0.551562 0.800781
0 0.403125 0.587891 0.443750 0.585938 0.446875 0.697266 0.404687 0.699219
0 0.548438 0.492188 0.585938 0.492188 0.585938 0.605469 0.548438 0.603516
0 0.540625 0.326172 0.581250 0.324219 0.582812 0.429688 0.545312 0.425781
0 0.540625 0.130859 0.578125 0.130859 0.581250 0.248047 0.542188 0.246094
0 0.537500 0.000000 0.575000 0.000000 0.575000 0.037109 0.537500 0.037109
0 0.190625 0.029297 0.229687 0.027344 0.235937 0.160156 0.193750 0.158203
1 0.745313 0.435547 0.806250 0.429688 0.846875 0.816406 0.795312 0.824219
4 0.556250 0.884766 0.590625 0.884766 0.595313 0.988281 0.560937 0.990234
