0 0.562500 0.021484 0.603125 0.000000 0.634375 0.000000 0.598437 0.042969
0 0.765625 0.031250 0.796875 0.050781 0.760938 0.138672 0.725000 0.117188
0 0.932813 0.126953 0.960938 0.144531 0.923438 0.242188 0.892188 0.220703
0 0.978125 0.154297 1.000000 0.169922 0.973437 0.261719 0.942187 0.244141
0 0.985938 0.435547 1.000000 0.451172 0.984375 0.537109 0.953125 0.519531
0 0.865625 0.373047 0.892188 0.388672 0.857812 0.476562 0.831250 0.458984
0 0.681250 0.277344 0.707812 0.298828 0.671875 0.378906 0.640625 0.363281
0 0.639062 0.244141 0.671875 0.265625 0.632812 0.345703 0.598437 0.328125
0 0.546875 0.181641 0.579688 0.203125 0.537500 0.292969 0.503125 0.271484
0 0.507812 0.160156 0.537500 0.179688 0.500000 0.265625 0.467187 0.242188
0 0.107813 0.150391 0.175000 0.193359 0.157812 0.226562 0.089063 0.183594
0 0.128125 0.087891 0.198437 0.136719 0.175000 0.171875 0.107813 0.123047
0 0.146875 0.037109 0.215625 0.080078 0.193750 0.117188 0.126562 0.072266
0 0.150000 0.025391 0.170313 0.000000 0.245312 0.035156 0.223438 0.074219
4 0.767188 0.328125 0.793750 0.345703 0.760938 0.423828 0.732812 0.404297
