4 0.820312 0.347656 0.851562 0.365234 0.814063 0.472656 0.782813 0.455078
4 0.682813 0.265625 0.718750 0.289062 0.678125 0.402344 0.640625 0.382812
4 0.507812 0.167969 0.545312 0.191406 0.495312 0.310547 0.459375 0.289062
0 0.206250 0.312500 0.284375 0.353516 0.270313 0.386719 0.190625 0.347656
0 0.187500 0.363281 0.268750 0.406250 0.254688 0.441406 0.171875 0.398438
0 0.159375 0.408203 0.240625 0.451172 0.226562 0.488281 0.143750 0.443359
0 0.143750 0.460938 0.221875 0.505859 0.204687 0.539062 0.128125 0.496094
0 0.120313 0.500000 0.196875 0.544922 0.179688 0.578125 0.104688 0.535156
0 0.081250 0.582031 0.167187 0.583984 0.167187 0.630859 0.076563 0.628906
0 0.057813 0.669922 0.132812 0.707031 0.118750 0.750000 0.042188 0.707031
0 0.973437 0.871094 1.000000 0.890625 0.968750 0.986328 0.937500 0.968750
0 0.931250 0.847656 0.964063 0.863281 0.931250 0.958984 0.896875 0.945312
0 0.878125 0.818359 0.910937 0.833984 0.878125 0.929688 0.850000 0.916016
0 0.792188 0.767578 0.825000 0.783203 0.792188 0.886719 0.757812 0.871094
0 0.664062 0.724609 0.692187 0.738281 0.667188 0.822266 0.635938 0.804688
0 0.620313 0.687500 0.651563 0.705078 0.618750 0.800781 0.587500 0.785156
0 0.515625 0.656250 0.551562 0.671875 0.518750 0.767578 0.482812 0.751953
0 0.479687 0.619141 0.515625 0.634766 0.478125 0.740234 0.445312 0.720703
0 0.335938 0.263672 0.365625 0.275391 0.334375 0.365234 0.304688 0.349609
0 0.382812 0.281250 0.415625 0.300781 0.382812 0.382812 0.353125 0.367188
0 0.431250 0.308594 0.462500 0.324219 0.428125 0.419922 0.395313 0.402344
0 0.465625 0.326172 0.498437 0.341797 0.467187 0.449219 0.432812 0.429688
0 0.514062 0.343750 0.543750 0.361328 0.507812 0.453125 0.475000 0.435547
0 0.548438 0.367188 0.581250 0.382812 0.550000 0.472656 0.520312 0.458984
0 0.631250 0.427734 0.667188 0.443359 0.632812 0.544922 0.600000 0.525391
0 0.678125 0.437500 0.714063 0.455078 0.679688 0.562500 0.643750 0.544922
0 0.978125 0.583984 1.000000 0.597656 0.982812 0.695312 0.951562 0.681641
0 0.937500 0.566406 0.968750 0.582031 0.945312 0.667969 0.914062 0.654297
0 0.848437 0.529297 0.879687 0.544922 0.853125 0.632812 0.823438 0.617188
0 0.806250 0.511719 0.837500 0.527344 0.806250 0.628906 0.771875 0.613281
0 0.735938 0.476562 0.768750 0.492188 0.745313 0.597656 0.709375 0.583984
0 0.553125 0.224609 0.584375 0.244141 0.545312 0.333984 0.517188 0.314453
0 0.629687 0.279297 0.660937 0.296875 0.631250 0.382812 0.601562 0.369141
0 0.728125 0.316406 0.759375 0.332031 0.731250 0.429688 0.695312 0.410156
0 0.859375 0.390625 0.890625 0.408203 0.860938 0.500000 0.828125 0.480469
0 0.906250 0.406250 0.937500 0.423828 0.907813 0.515625 0.875000 0.496094
0 0.954688 0.445312 0.981250 0.458984 0.954688 0.546875 0.925000 0.531250
0 0.984375 0.166016 1.000000 0.179688 0.989062 0.269531 0.956250 0.253906
0 0.950000 0.148438 0.976562 0.162109 0.948438 0.248047 0.921875 0.234375
0 0.898438 0.121094 0.925000 0.134766 0.901563 0.222656 0.870313 0.207031
0 0.856250 0.087891 0.885938 0.105469 0.854688 0.187500 0.825000 0.167969
0 0.810937 0.060547 0.842187 0.074219 0.817187 0.158203 0.787500 0.142578
0 0.757812 0.052734 0.784375 0.066406 0.757812 0.144531 0.726562 0.128906
0 0.581250 0.000000 0.610938 0.000000 0.584375 0.062500 0.553125 0.050781
0 0.651563 0.000000 0.681250 0.000000 0.640625 0.115234 0.610938 0.097656
