0 0.842187 0.808594 0.875000 0.804688 0.882812 0.917969 0.851562 0.921875
0 0.882812 0.451172 0.915625 0.447266 0.926562 0.550781 0.893750 0.554688
0 0.834375 0.464844 0.867188 0.460938 0.878125 0.564453 0.845313 0.568359
0 0.789062 0.455078 0.821875 0.451172 0.834375 0.554688 0.800000 0.556641
0 0.748437 0.476562 0.781250 0.472656 0.789062 0.560547 0.757812 0.564453
0 0.703125 0.453125 0.739062 0.449219 0.748437 0.550781 0.712500 0.552734
0 0.660937 0.460938 0.692187 0.457031 0.704688 0.566406 0.668750 0.568359
0 0.618750 0.476562 0.651563 0.474609 0.657813 0.589844 0.620313 0.589844
0 0.557813 0.470703 0.593750 0.466797 0.606250 0.583984 0.568750 0.587891
0 0.514062 0.474609 0.551562 0.464844 0.565625 0.576172 0.529687 0.583984
0 0.467187 0.462891 0.500000 0.460938 0.507812 0.574219 0.470313 0.578125
0 0.381250 0.498047 0.414062 0.496094 0.417187 0.597656 0.381250 0.597656
0 0.250000 0.505859 0.282813 0.503906 0.285938 0.605469 0.250000 0.605469
0 0.185938 0.486328 0.218750 0.484375 0.223438 0.595703 0.189062 0.599609
0 0.137500 0.500000 0.168750 0.500000 0.175000 0.615234 0.140625 0.619141
0 0.090625 0.515625 0.125000 0.513672 0.129688 0.617188 0.093750 0.621094
0 0.059375 0.353516 0.095312 0.351562 0.093750 0.451172 0.059375 0.451172
0 0.148438 0.347656 0.179688 0.347656 0.181250 0.443359 0.146875 0.443359
0 0.195312 0.339844 0.226562 0.339844 0.228125 0.435547 0.193750 0.435547
0 0.235937 0.335938 0.268750 0.333984 0.271875 0.417969 0.239063 0.421875
0 0.281250 0.345703 0.317188 0.341797 0.321875 0.423828 0.285938 0.425781
0 0.329688 0.333984 0.359375 0.332031 0.364063 0.416016 0.334375 0.419922
0 0.373437 0.324219 0.409375 0.320312 0.414062 0.408203 0.378125 0.410156
0 0.464062 0.324219 0.503125 0.322266 0.507812 0.408203 0.468750 0.410156
0 0.837500 0.277344 0.867188 0.271484 0.882812 0.359375 0.850000 0.365234
0 0.701562 0.289062 0.732812 0.287109 0.739062 0.376953 0.704688 0.380859
0 0.657813 0.287109 0.690625 0.287109 0.693750 0.380859 0.660937 0.378906
0 0.609375 0.314453 0.642188 0.314453 0.646875 0.402344 0.615625 0.404297
0 0.564063 0.308594 0.596875 0.308594 0.603125 0.404297 0.570312 0.404297
0 0.515625 0.300781 0.548438 0.300781 0.554688 0.396484 0.521875 0.396484
0 0.840625 0.025391 0.873437 0.025391 0.879687 0.121094 0.846875 0.121094
0 0.795312 0.033203 0.825000 0.031250 0.832812 0.119141 0.803125 0.119141
0 0.745313 0.041016 0.776563 0.041016 0.785937 0.121094 0.753125 0.121094
0 0.665625 0.039062 0.700000 0.037109 0.712500 0.130859 0.673438 0.132812
0 0.618750 0.046875 0.653125 0.044922 0.662500 0.140625 0.626563 0.140625
0 0.571875 0.056641 0.601562 0.054688 0.615625 0.144531 0.581250 0.150391
0 0.437500 0.068359 0.473438 0.064453 0.478125 0.166016 0.445312 0.167969
0 0.384375 0.064453 0.420312 0.062500 0.426563 0.169922 0.390625 0.173828
0 0.203125 0.083984 0.235937 0.082031 0.239063 0.181641 0.206250 0.185547
