0 0.926562 0.708984 0.964063 0.728516 0.939063 0.830078 0.900000 0.814453
0 0.881250 0.693359 0.909375 0.710938 0.885938 0.814453 0.857812 0.798828
0 0.831250 0.673828 0.867188 0.701172 0.842187 0.787109 0.803125 0.767578
0 0.821875 0.283203 0.860938 0.296875 0.837500 0.402344 0.793750 0.384766
0 0.898438 0.027344 0.929688 0.037109 0.909375 0.134766 0.873437 0.123047
0 0.868750 0.144531 0.900000 0.154297 0.878125 0.255859 0.843750 0.242188
0 0.787500 0.419922 0.821875 0.429688 0.801562 0.529297 0.765625 0.517578
0 0.492188 0.498047 0.557813 0.523438 0.548438 0.560547 0.479687 0.537109
0 0.500000 0.439453 0.578125 0.472656 0.565625 0.509766 0.487500 0.478516
0 0.648438 0.000000 0.717187 0.027344 0.706250 0.064453 0.637500 0.039062
0 0.628125 0.042969 0.706250 0.076172 0.693750 0.113281 0.615625 0.082031
0 0.596875 0.136719 0.675000 0.164062 0.664062 0.205078 0.584375 0.173828
0 0.593750 0.185547 0.664062 0.214844 0.653125 0.253906 0.581250 0.228516
0 0.564063 0.224609 0.642188 0.259766 0.631250 0.300781 0.551562 0.267578
0 0.548438 0.275391 0.629687 0.308594 0.618750 0.349609 0.535937 0.318359
0 0.532813 0.328125 0.614062 0.361328 0.603125 0.402344 0.520312 0.371094
0 0.512500 0.380859 0.593750 0.414062 0.582812 0.455078 0.500000 0.423828
0 0.251563 0.580078 0.334375 0.615234 0.321875 0.652344 0.240625 0.619141
0 0.309375 0.369141 0.382812 0.408203 0.367188 0.447266 0.293750 0.402344
0 0.320312 0.322266 0.401562 0.355469 0.385937 0.396484 0.307812 0.363281
0 0.334375 0.267578 0.421875 0.304688 0.406250 0.347656 0.321875 0.308594
0 0.351562 0.214844 0.432812 0.253906 0.417187 0.289062 0.339062 0.255859
0 0.426563 0.000000 0.509375 0.033203 0.493750 0.070312 0.414062 0.037109
0 0.410938 0.039062 0.492188 0.078125 0.475000 0.115234 0.398438 0.080078
0 0.387500 0.085938 0.464062 0.125000 0.450000 0.166016 0.375000 0.126953
0 0.976562 0.734375 1.000000 0.748047 0.984375 0.841797 0.948438 0.826172
