0 0.521875 0.546875 0.559375 0.548828 0.560937 0.667969 0.521875 0.664062
0 0.465625 0.873047 0.504687 0.876953 0.504687 0.988281 0.465625 0.988281
0 0.400000 0.822266 0.440625 0.820312 0.446875 0.941406 0.403125 0.945312
0 0.393750 0.611328 0.443750 0.611328 0.442188 0.742188 0.396875 0.740234
0 0.467187 0.650391 0.506250 0.650391 0.507812 0.763672 0.468750 0.763672
3 0.571875 0.470703 0.628125 0.464844 0.632812 0.775391 0.578125 0.775391
0 0.512500 0.310547 0.560937 0.310547 0.560937 0.429688 0.518750 0.431641
0 0.459375 0.353516 0.500000 0.349609 0.501563 0.470703 0.460938 0.468750
0 0.635938 0.187500 0.679688 0.191406 0.673438 0.312500 0.639062 0.312500
3 0.625000 0.000000 0.682813 0.000000 0.685937 0.158203 0.628125 0.162109
0 0.578125 0.052734 0.618750 0.054688 0.618750 0.181641 0.578125 0.181641
0 0.396875 0.412109 0.434375 0.416016 0.435937 0.541016 0.395313 0.541016
0 0.521875 0.121094 0.560937 0.121094 0.562500 0.240234 0.523438 0.234375
0 0.456250 0.126953 0.498437 0.126953 0.500000 0.255859 0.459375 0.255859
0 0.401562 0.138672 0.442188 0.134766 0.443750 0.255859 0.398438 0.255859
0 0.521875 0.000000 0.562500 0.000000 0.564063 0.099609 0.523438 0.097656
0 0.457813 0.000000 0.496875 0.000000 0.500000 0.062500 0.457813 0.062500
0 0.407813 0.000000 0.442188 0.000000 0.446875 0.058594 0.407813 0.060547
