0 0.845313 0.046875 0.892188 0.000000 0.923438 0.000000 0.878125 0.072266
0 0.790625 0.466797 0.821875 0.486328 0.782813 0.585938 0.743750 0.570312
0 0.814063 0.541016 0.846875 0.554688 0.812500 0.666016 0.779687 0.650391
0 0.464062 0.853516 0.542188 0.888672 0.531250 0.929688 0.445312 0.900391
0 0.709375 0.917969 0.798438 0.958984 0.784375 1.000000 0.695312 0.964844
0 0.448437 0.917969 0.543750 0.951172 0.531250 0.994141 0.443750 0.970703
0 0.093750 0.185547 0.126562 0.185547 0.121875 0.283203 0.082812 0.283203
0 0.112500 0.126953 0.190625 0.166016 0.181250 0.205078 0.093750 0.158203
0 0.139063 0.203125 0.173437 0.205078 0.168750 0.314453 0.134375 0.320312
0 0.659375 0.457031 0.685937 0.476562 0.651563 0.572266 0.618750 0.554688
0 0.709375 0.316406 0.743750 0.335938 0.690625 0.439453 0.659375 0.419922
0 0.831250 0.060547 0.862500 0.085938 0.817187 0.181641 0.782813 0.160156
