0 0.507812 0.593750 0.585938 0.609375 0.581250 0.656250 0.507812 0.638672
0 0.089063 0.121094 0.121875 0.115234 0.142187 0.228516 0.104688 0.236328
0 0.642188 0.220703 0.668750 0.234375 0.645312 0.339844 0.617188 0.330078
0 0.665625 0.070312 0.698438 0.085938 0.662500 0.199219 0.632812 0.183594
0 0.501563 0.482422 0.581250 0.484375 0.578125 0.531250 0.501563 0.523438
0 0.517188 0.664062 0.598437 0.677734 0.593750 0.716797 0.514062 0.707031
0 0.528125 0.849609 0.632812 0.843750 0.635938 0.902344 0.528125 0.900391
0 0.000000 0.445312 0.046875 0.457031 0.040625 0.507812 0.000000 0.500000
0 0.765625 0.193359 0.800000 0.205078 0.775000 0.312500 0.745313 0.304688
0 0.804688 0.259766 0.839063 0.269531 0.825000 0.376953 0.787500 0.375000
0 0.762500 0.654297 0.857812 0.664062 0.854688 0.710938 0.756250 0.703125
0 0.746875 0.767578 0.848437 0.792969 0.842187 0.835938 0.739062 0.816406
0 0.746875 0.837891 0.840625 0.857422 0.835938 0.902344 0.742188 0.884766
0 0.746875 0.902344 0.825000 0.910156 0.820312 0.957031 0.740625 0.945312
0 0.740625 0.957031 0.835938 0.980469 0.826562 1.000000 0.728125 1.000000
0 0.931250 0.931641 1.000000 0.953125 1.000000 0.994141 0.917188 0.976562
0 0.940625 0.865234 1.000000 0.878906 1.000000 0.923828 0.932813 0.914062
0 0.935937 0.798828 1.000000 0.824219 1.000000 0.861328 0.926562 0.847656
0 0.943750 0.736328 1.000000 0.757812 1.000000 0.800781 0.939063 0.787109
0 0.951562 0.660156 1.000000 0.669922 1.000000 0.720703 0.946875 0.718750
0 0.035937 0.117188 0.068750 0.113281 0.085938 0.203125 0.056250 0.216797
