0 0.535937 0.873047 0.573438 0.873047 0.575000 1.000000 0.534375 1.000000
0 0.471875 0.900391 0.512500 0.900391 0.512500 1.000000 0.465625 1.000000
0 0.414062 0.751953 0.453125 0.751953 0.450000 0.873047 0.410938 0.871094
0 0.532813 0.642578 0.575000 0.648438 0.568750 0.771484 0.529687 0.771484
0 0.548438 0.363281 0.590625 0.365234 0.589063 0.484375 0.548438 0.482422
0 0.426563 0.324219 0.464062 0.328125 0.456250 0.447266 0.415625 0.443359
0 0.084375 0.699219 0.170313 0.726562 0.157812 0.771484 0.073438 0.740234
0 0.000000 0.609375 0.087500 0.619141 0.081250 0.673828 0.000000 0.662109
0 0.120313 0.568359 0.192188 0.501953 0.215625 0.541016 0.146875 0.609375
0 0.006250 0.546875 0.106250 0.552734 0.106250 0.605469 0.001563 0.597656
0 0.785937 0.164062 0.823438 0.166016 0.823438 0.281250 0.784375 0.281250
0 0.867188 0.052734 0.914062 0.056641 0.910937 0.171875 0.878125 0.171875
0 0.000000 0.679688 0.051562 0.679688 0.050000 0.732422 0.000000 0.738281
