0 0.357812 0.425781 0.398438 0.416016 0.414062 0.529297 0.375000 0.539062
0 0.676562 0.410156 0.712500 0.404297 0.729688 0.519531 0.689063 0.527344
0 0.495312 0.558594 0.534375 0.550781 0.551562 0.666016 0.514062 0.675781
0 0.564063 0.537109 0.601562 0.531250 0.617188 0.636719 0.579688 0.642578
0 0.629687 0.521484 0.668750 0.507812 0.685937 0.617188 0.650000 0.626953
0 0.690625 0.552734 0.732812 0.542969 0.746875 0.654297 0.709375 0.662109
0 0.717187 0.707031 0.759375 0.693359 0.776563 0.814453 0.737500 0.820312
0 0.659375 0.712891 0.701562 0.699219 0.714063 0.824219 0.679688 0.830078
0 0.579688 0.687500 0.628125 0.679688 0.639062 0.800781 0.601562 0.808594
0 0.526563 0.732422 0.565625 0.720703 0.585938 0.841797 0.545312 0.853516
0 0.557813 0.910156 0.598437 0.896484 0.612500 1.000000 0.575000 1.000000
0 0.615625 0.925781 0.659375 0.912109 0.676562 1.000000 0.637500 1.000000
0 0.687500 0.894531 0.726562 0.886719 0.745313 1.000000 0.709375 1.000000
0 0.540625 0.390625 0.578125 0.380859 0.595313 0.496094 0.559375 0.505859
0 0.485938 0.369141 0.525000 0.361328 0.537500 0.470703 0.493750 0.476562
0 0.610938 0.375000 0.651563 0.365234 0.662500 0.472656 0.626563 0.482422
