0 0.035937 0.738281 0.084375 0.728516 0.100000 0.845703 0.050000 0.857422
0 0.100000 0.744141 0.143750 0.736328 0.159375 0.871094 0.115625 0.876953
0 0.396875 0.777344 0.439063 0.765625 0.462500 0.876953 0.425000 0.888672
0 0.451562 0.603516 0.496875 0.589844 0.520312 0.722656 0.478125 0.728516
0 0.153125 0.664062 0.187500 0.658203 0.203125 0.761719 0.164062 0.767578
0 0.092188 0.564453 0.126562 0.560547 0.140625 0.679688 0.100000 0.683594
0 0.018750 0.597656 0.059375 0.585938 0.076563 0.707031 0.029687 0.718750
0 0.334375 0.015625 0.382812 0.001953 0.392188 0.113281 0.354687 0.126953
0 0.276562 0.183594 0.321875 0.167969 0.340625 0.285156 0.293750 0.296875
0 0.118750 0.347656 0.165625 0.335938 0.175000 0.468750 0.128125 0.476562
0 0.006250 0.429688 0.053125 0.419922 0.071875 0.566406 0.021875 0.580078
0 0.043750 0.189453 0.084375 0.177734 0.100000 0.292969 0.056250 0.300781
0 0.000000 0.246094 0.029687 0.238281 0.043750 0.351562 0.000000 0.361328
