0 0.000000 0.607422 0.045312 0.607422 0.045312 0.658203 0.000000 0.656250
0 0.000000 0.417969 0.037500 0.416016 0.035937 0.451172 0.000000 0.458984
0 0.221875 0.767578 0.312500 0.765625 0.315625 0.818359 0.220312 0.820312
0 0.218750 0.685547 0.312500 0.691406 0.306250 0.740234 0.217188 0.742188
0 0.073438 0.691406 0.167187 0.687500 0.167187 0.726562 0.073438 0.736328
0 0.085938 0.607422 0.173437 0.611328 0.168750 0.656250 0.084375 0.654297
0 0.235937 0.615234 0.326562 0.617188 0.326562 0.667969 0.234375 0.667969
0 0.550000 0.457031 0.637500 0.501953 0.623437 0.546875 0.532813 0.503906
0 0.448437 0.019531 0.542188 0.019531 0.543750 0.064453 0.450000 0.064453
0 0.245312 0.005859 0.321875 0.005859 0.321875 0.054688 0.242188 0.050781
0 0.112500 0.007812 0.200000 0.005859 0.203125 0.052734 0.112500 0.054688
0 0.000000 0.013672 0.060937 0.015625 0.060937 0.054688 0.000000 0.056641
0 0.101562 0.753906 0.190625 0.757812 0.185938 0.806641 0.101562 0.806641
0 0.560937 0.857422 0.650000 0.873047 0.646875 0.916016 0.557813 0.906250
0 0.714063 0.871094 0.776563 0.890625 0.767188 0.935547 0.704688 0.910156
0 0.790625 0.673828 0.821875 0.636719 0.879687 0.726562 0.850000 0.755859
0 0.714063 0.000000 0.748437 0.000000 0.753125 0.091797 0.714063 0.089844
