0 0.337500 0.193359 0.368750 0.214844 0.326562 0.320312 0.295312 0.296875
0 0.750000 0.675781 0.787500 0.677734 0.792188 0.792969 0.748437 0.789062
0 0.479687 0.714844 0.579688 0.710938 0.581250 0.765625 0.482812 0.767578
0 0.525000 0.554688 0.560937 0.572266 0.525000 0.667969 0.492188 0.640625
0 0.479687 0.556641 0.507812 0.585938 0.445312 0.675781 0.417187 0.644531
0 0.406250 0.550781 0.435937 0.585938 0.373437 0.673828 0.348438 0.640625
0 0.342187 0.554688 0.371875 0.583984 0.320312 0.666016 0.290625 0.646484
0 0.267188 0.703125 0.353125 0.708984 0.353125 0.755859 0.262500 0.751953
0 0.135937 0.705078 0.231250 0.701172 0.228125 0.753906 0.134375 0.753906
0 0.000000 0.712891 0.087500 0.708984 0.085938 0.753906 0.000000 0.759766
0 0.043750 0.531250 0.076563 0.556641 0.012500 0.654297 0.000000 0.632812
0 0.042188 0.341797 0.081250 0.322266 0.112500 0.437500 0.071875 0.455078
0 0.096875 0.326172 0.129688 0.308594 0.164062 0.419922 0.123438 0.437500
0 0.101562 0.189453 0.132812 0.207031 0.109375 0.300781 0.071875 0.289062
0 0.160938 0.205078 0.192188 0.222656 0.164062 0.310547 0.129688 0.294922
0 0.217188 0.195312 0.251563 0.212891 0.228125 0.318359 0.189062 0.304688
0 0.207813 0.337891 0.243750 0.316406 0.276562 0.437500 0.242188 0.451172
0 0.257812 0.333984 0.284375 0.316406 0.329688 0.416016 0.295312 0.437500
0 0.271875 0.191406 0.307812 0.216797 0.270313 0.316406 0.240625 0.296875
0 0.312500 0.335938 0.342187 0.320312 0.387500 0.425781 0.357812 0.447266
0 0.365625 0.337891 0.398438 0.320312 0.429688 0.419922 0.401562 0.435547
0 0.384375 0.199219 0.418750 0.218750 0.385937 0.318359 0.351562 0.300781
0 0.440625 0.203125 0.471875 0.224609 0.440625 0.310547 0.412500 0.291016
0 0.471875 0.320312 0.501563 0.302734 0.540625 0.400391 0.504687 0.417969
0 0.492188 0.193359 0.523438 0.205078 0.495312 0.304688 0.467187 0.287109
0 0.618750 0.179688 0.700000 0.162109 0.706250 0.210938 0.625000 0.220703
0 0.609375 0.117188 0.696875 0.107422 0.696875 0.154297 0.612500 0.162109
0 0.607812 0.050781 0.690625 0.035156 0.698438 0.080078 0.615625 0.093750
0 0.451562 0.000000 0.481250 0.000000 0.520312 0.048828 0.492188 0.064453
0 0.389062 0.000000 0.423438 0.000000 0.465625 0.050781 0.439063 0.068359
0 0.329688 0.000000 0.368750 0.000000 0.409375 0.062500 0.378125 0.083984
0 0.256250 0.000000 0.295312 0.000000 0.343750 0.052734 0.314063 0.076172
0 0.079687 0.000000 0.110937 0.000000 0.156250 0.060547 0.128125 0.083984
0 0.014063 0.000000 0.043750 0.000000 0.084375 0.050781 0.056250 0.072266
