0 0.745313 0.759766 0.823438 0.712891 0.835938 0.761719 0.756250 0.800781
0 0.271875 0.320312 0.364063 0.353516 0.354687 0.402344 0.264062 0.367188
0 0.259375 0.380859 0.343750 0.429688 0.334375 0.472656 0.242188 0.423828
0 0.131250 0.587891 0.226562 0.552734 0.235937 0.605469 0.142187 0.640625
2 0.145313 0.648438 0.235937 0.625000 0.237500 0.673828 0.153125 0.695312
0 0.264062 0.593750 0.343750 0.625000 0.329688 0.675781 0.253125 0.640625
0 0.256250 0.671875 0.329688 0.710938 0.314063 0.750000 0.239063 0.708984
0 0.245312 0.742188 0.329688 0.775391 0.318750 0.824219 0.234375 0.789062
0 0.128125 0.791016 0.225000 0.761719 0.231250 0.804688 0.134375 0.835938
0 0.132812 0.863281 0.220312 0.818359 0.231250 0.863281 0.150000 0.914062
0 0.243750 0.806641 0.328125 0.853516 0.310937 0.896484 0.234375 0.851562
0 0.246875 0.882812 0.329688 0.933594 0.304688 0.970703 0.231250 0.921875
0 0.118750 0.951172 0.214062 0.898438 0.228125 0.939453 0.134375 0.996094
0 0.242188 0.945312 0.318750 1.000000 0.304688 1.000000 0.223438 0.988281
0 0.128125 0.998047 0.209375 0.960938 0.220312 1.000000 0.145313 1.000000
0 0.425000 0.910156 0.504687 0.849609 0.526563 0.890625 0.443750 0.951172
0 0.531250 0.933594 0.623437 0.976562 0.606250 1.000000 0.514062 0.980469
0 0.418750 0.992188 0.500000 0.935547 0.518750 0.982422 0.439063 1.000000
0 0.535937 0.857422 0.623437 0.904297 0.614062 0.949219 0.518750 0.898438
0 0.545312 0.792969 0.625000 0.839844 0.609375 0.886719 0.525000 0.835938
0 0.545312 0.705078 0.618750 0.761719 0.604688 0.808594 0.525000 0.746094
0 0.425000 0.667969 0.509375 0.617188 0.526563 0.660156 0.446875 0.714844
0 0.554688 0.574219 0.635938 0.628906 0.614062 0.669922 0.535937 0.617188
0 0.562500 0.511719 0.635938 0.556641 0.618750 0.599609 0.548438 0.548828
0 0.435937 0.582031 0.521875 0.531250 0.537500 0.580078 0.459375 0.625000
0 0.439063 0.494141 0.528125 0.437500 0.543750 0.478516 0.462500 0.537109
0 0.557813 0.433594 0.646875 0.488281 0.628125 0.527344 0.542188 0.476562
0 0.460938 0.406250 0.532813 0.355469 0.546875 0.392578 0.481250 0.447266
0 0.564063 0.363281 0.640625 0.414062 0.625000 0.460938 0.548438 0.410156
0 0.450000 0.335938 0.520312 0.279297 0.540625 0.320312 0.468750 0.376953
0 0.554688 0.232422 0.637500 0.265625 0.632812 0.314453 0.545312 0.269531
0 0.553125 0.294922 0.637500 0.335938 0.628125 0.376953 0.540625 0.339844
0 0.745313 0.476562 0.814063 0.443359 0.825000 0.474609 0.756250 0.507812
0 0.748437 0.607422 0.826562 0.574219 0.837500 0.625000 0.756250 0.656250
0 0.737500 0.683594 0.815625 0.648438 0.832812 0.699219 0.750000 0.732422
0 0.734375 0.894531 0.817187 0.859375 0.829688 0.908203 0.737500 0.941406
0 0.850000 0.888672 0.935937 0.972656 0.914062 1.000000 0.826562 0.931641
0 0.728125 0.964844 0.817187 0.927734 0.832812 0.974609 0.740625 1.000000
0 0.857812 0.363281 0.931250 0.414062 0.914062 0.457031 0.840625 0.400391
0 0.596875 0.013672 0.631250 0.000000 0.667188 0.085938 0.634375 0.097656
0 0.659375 0.011719 0.698438 0.000000 0.720313 0.072266 0.693750 0.093750
0 0.725000 0.000000 0.759375 0.000000 0.800000 0.072266 0.767188 0.097656
0 0.784375 0.000000 0.821875 0.000000 0.871875 0.074219 0.831250 0.097656
0 0.851562 0.000000 0.882812 0.000000 0.925000 0.056641 0.900000 0.087891
0 0.953125 0.000000 0.996875 0.000000 0.998437 0.078125 0.957812 0.080078
0 0.271875 0.039062 0.362500 0.062500 0.354687 0.111328 0.257812 0.082031
0 0.007812 0.470703 0.075000 0.544922 0.045312 0.587891 0.000000 0.515625
0 0.146875 0.455078 0.231250 0.412109 0.243750 0.457031 0.165625 0.503906
