0 0.173437 0.246094 0.207813 0.248047 0.207813 0.351562 0.171875 0.351562
0 0.940625 0.013672 0.981250 0.015625 0.985938 0.121094 0.948438 0.123047
1 0.937500 0.339844 0.981250 0.339844 0.989062 0.484375 0.945312 0.488281
0 0.475000 0.378906 0.509375 0.376953 0.514062 0.500000 0.476562 0.500000
1 0.945312 0.507812 0.987500 0.507812 0.992188 0.656250 0.950000 0.658203
0 0.978125 0.812500 1.000000 0.812500 1.000000 0.931641 0.981250 0.929688
0 0.351562 0.511719 0.398438 0.511719 0.400000 0.638672 0.357812 0.634766
0 0.346875 0.162109 0.385937 0.160156 0.385937 0.277344 0.348438 0.277344
0 0.651563 0.156250 0.689063 0.152344 0.696875 0.283203 0.659375 0.283203
0 0.417187 0.607422 0.457813 0.605469 0.459375 0.728516 0.420312 0.732422
0 0.482812 0.658203 0.523438 0.656250 0.523438 0.777344 0.482812 0.779297
0 0.353125 0.935547 0.392188 0.935547 0.390625 1.000000 0.353125 1.000000
0 0.429688 0.935547 0.470313 0.937500 0.467187 1.000000 0.429688 1.000000
