0 0.151562 0.394531 0.251563 0.394531 0.251563 0.445312 0.151562 0.445312
0 0.126562 0.703125 0.223438 0.691406 0.226562 0.740234 0.129688 0.753906
0 0.043750 0.392578 0.140625 0.392578 0.140625 0.441406 0.043750 0.441406
0 0.000000 0.587891 0.076563 0.583984 0.084375 0.621094 0.000000 0.636719
0 0.437500 0.072266 0.478125 0.095703 0.426563 0.205078 0.389062 0.173828
0 0.412500 0.000000 0.450000 0.000000 0.435937 0.072266 0.395313 0.064453
0 0.864062 0.207031 0.910937 0.207031 0.906250 0.330078 0.865625 0.330078
0 0.943750 0.185547 0.987500 0.207031 0.948438 0.320312 0.909375 0.300781
0 1.000000 0.207031 1.000000 0.228516 0.995313 0.318359 0.964063 0.296875
0 0.734375 0.382812 0.820312 0.382812 0.820312 0.429688 0.734375 0.429688
0 0.282813 0.382812 0.360938 0.382812 0.360938 0.427734 0.282813 0.427734
