0 0.115625 0.396484 0.204687 0.396484 0.204687 0.449219 0.115625 0.449219
0 0.050000 0.277344 0.128125 0.337891 0.106250 0.380859 0.028125 0.318359
0 0.445312 0.078125 0.482812 0.078125 0.489063 0.191406 0.450000 0.193359
0 0.571875 0.289062 0.675000 0.289062 0.678125 0.333984 0.575000 0.341797
0 0.579688 0.845703 0.684375 0.837891 0.685937 0.894531 0.579688 0.900391
0 0.890625 0.500000 0.992188 0.500000 0.992188 0.558594 0.890625 0.558594
0 0.556250 0.382812 0.648438 0.373047 0.651563 0.417969 0.554688 0.429688
0 0.929688 0.246094 1.000000 0.246094 1.000000 0.292969 0.929688 0.292969
0 0.170313 0.322266 0.271875 0.310547 0.273438 0.365234 0.171875 0.369141
3 0.600000 0.121094 0.762500 0.121094 0.762500 0.187500 0.600000 0.187500
0 0.000000 0.402344 0.090625 0.402344 0.090625 0.451172 0.000000 0.451172
