0 0.659375 0.513672 0.739062 0.564453 0.721875 0.605469 0.637500 0.550781
0 0.970313 0.478516 1.000000 0.478516 1.000000 0.515625 0.970313 0.515625
0 0.037500 0.796875 0.071875 0.789062 0.089063 0.900391 0.051562 0.908203
1 0.493750 0.908203 0.529687 0.908203 0.529687 1.000000 0.493750 1.000000
0 0.517188 0.765625 0.546875 0.761719 0.559375 0.863281 0.526563 0.869141
0 0.404687 0.574219 0.487500 0.625000 0.467187 0.664062 0.389062 0.615234
0 0.768750 0.550781 0.856250 0.539062 0.862500 0.582031 0.773438 0.597656
0 0.118750 0.632812 0.195312 0.617188 0.200000 0.660156 0.120313 0.669922
0 0.239063 0.609375 0.334375 0.595703 0.337500 0.636719 0.243750 0.652344
0 0.301563 0.517578 0.387500 0.505859 0.389062 0.550781 0.303125 0.562500
0 0.417187 0.501953 0.514062 0.490234 0.517188 0.529297 0.421875 0.541016
0 0.703125 0.312500 0.795312 0.302734 0.801562 0.341797 0.703125 0.353516
