3 0.135937 0.914062 0.381250 0.777344 0.417187 0.853516 0.159375 0.988281
3 0.598437 0.048828 0.656250 0.031250 0.732812 0.355469 0.662500 0.378906
3 0.164062 1.000000 0.428125 0.878906 0.470313 0.955078 0.201563 1.000000
3 0.765625 0.000000 0.835938 0.000000 0.885938 0.283203 0.815625 0.298828
3 0.860938 0.000000 0.934375 0.000000 0.970313 0.285156 0.900000 0.306641
3 0.123438 0.660156 0.376563 0.572266 0.398438 0.654297 0.140625 0.732422
3 0.062500 0.845703 0.303125 0.693359 0.340625 0.759766 0.090625 0.916016
3 0.501563 0.921875 0.559375 0.878906 0.653125 1.000000 0.585938 1.000000
3 0.579688 0.865234 0.631250 0.820312 0.754687 1.000000 0.696875 1.000000
3 0.660937 0.820312 0.714063 0.783203 0.835938 1.000000 0.779687 1.000000
3 0.770312 0.792969 1.000000 0.652344 1.000000 0.734375 0.793750 0.875000
0 0.840625 0.875000 0.878125 0.857422 0.925000 1.000000 0.887500 1.000000
3 0.440625 0.193359 0.496875 0.173828 0.571875 0.484375 0.512500 0.525391
3 0.521875 0.125000 0.579688 0.103516 0.653125 0.419922 0.596875 0.453125
3 0.670312 0.000000 0.734375 0.000000 0.792188 0.271484 0.732812 0.294922
