0 0.812500 0.271484 0.853125 0.271484 0.853125 0.394531 0.812500 0.394531
0 0.237500 0.234375 0.275000 0.234375 0.275000 0.351562 0.237500 0.351562
0 0.543750 0.123047 0.631250 0.123047 0.631250 0.171875 0.543750 0.171875
0 0.107813 0.222656 0.146875 0.222656 0.146875 0.339844 0.107813 0.339844
0 0.757812 0.273438 0.796875 0.273438 0.796875 0.382812 0.757812 0.382812
0 0.171875 0.220703 0.206250 0.226562 0.196875 0.349609 0.157812 0.343750
0 0.978125 0.283203 1.000000 0.283203 1.000000 0.406250 0.976562 0.404297
0 0.934375 0.277344 0.971875 0.277344 0.971875 0.396484 0.934375 0.396484
0 0.868750 0.277344 0.909375 0.277344 0.906250 0.402344 0.870313 0.400391
0 0.467187 0.244141 0.509375 0.248047 0.503125 0.373047 0.462500 0.369141
0 0.406250 0.244141 0.443750 0.244141 0.443750 0.369141 0.406250 0.369141
0 0.350000 0.244141 0.389062 0.244141 0.389062 0.369141 0.350000 0.369141
0 0.290625 0.234375 0.328125 0.234375 0.328125 0.359375 0.290625 0.359375
