0 0.526563 0.275391 0.614062 0.289062 0.614062 0.341797 0.521875 0.330078
0 0.437500 0.158203 0.535937 0.169922 0.531250 0.226562 0.434375 0.214844
0 0.681250 0.103516 0.726562 0.103516 0.726562 0.228516 0.681250 0.228516
0 0.846875 0.171875 0.882812 0.171875 0.882812 0.283203 0.846875 0.283203
0 0.846875 0.304688 0.956250 0.304688 0.956250 0.357422 0.846875 0.357422
0 0.000000 0.355469 0.054688 0.355469 0.054688 0.414062 0.000000 0.414062
0 0.456250 0.398438 0.557813 0.398438 0.557813 0.443359 0.456250 0.443359
0 0.629687 0.392578 0.732812 0.400391 0.731250 0.460938 0.631250 0.449219
0 0.364063 0.697266 0.464062 0.707031 0.459375 0.763672 0.364063 0.750000
0 0.201563 0.783203 0.310937 0.792969 0.307812 0.853516 0.198437 0.845703
