4 0.237500 0.599609 0.318750 0.599609 0.318750 0.642578 0.237500 0.642578
0 0.967187 0.593750 1.000000 0.593750 1.000000 0.638672 0.967187 0.638672
0 0.975000 0.800781 1.000000 0.796875 1.000000 0.916016 0.979688 0.917969
0 0.418750 0.958984 0.507812 0.951172 0.507812 1.000000 0.418750 1.000000
0 0.456250 0.798828 0.490625 0.798828 0.490625 0.917969 0.456250 0.917969
0 0.407813 0.796875 0.448437 0.796875 0.448437 0.917969 0.407813 0.917969
0 0.357812 0.798828 0.396875 0.798828 0.396875 0.914062 0.357812 0.914062
0 0.309375 0.798828 0.346875 0.798828 0.346875 0.925781 0.309375 0.925781
0 0.260937 0.808594 0.301563 0.808594 0.301563 0.931641 0.260937 0.931641
0 0.796875 0.580078 0.887500 0.580078 0.887500 0.623047 0.796875 0.623047
0 0.468750 0.521484 0.560937 0.521484 0.560937 0.564453 0.468750 0.564453
0 0.468750 0.455078 0.553125 0.455078 0.553125 0.501953 0.468750 0.501953
0 0.460938 0.376953 0.562500 0.376953 0.562500 0.423828 0.460938 0.423828
0 0.200000 0.484375 0.235937 0.515625 0.171875 0.603516 0.140625 0.570312
0 0.310937 0.464844 0.350000 0.464844 0.350000 0.576172 0.310937 0.576172
0 0.301563 0.318359 0.334375 0.316406 0.342187 0.429688 0.307812 0.429688
0 0.365625 0.058594 0.404687 0.056641 0.410938 0.175781 0.370312 0.173828
0 0.189062 0.019531 0.282813 0.019531 0.282813 0.070312 0.189062 0.070312
0 0.709375 0.583984 0.779687 0.583984 0.779687 0.630859 0.709375 0.630859
4 0.215625 0.824219 0.245312 0.824219 0.245312 0.925781 0.215625 0.925781
