0 0.960938 0.531250 1.000000 0.531250 1.000000 0.583984 0.960938 0.583984
0 0.771875 0.966797 0.870313 0.966797 0.870313 1.000000 0.771875 1.000000
0 0.953125 0.361328 0.990625 0.361328 0.990625 0.484375 0.953125 0.484375
0 0.881250 0.375000 0.923438 0.365234 0.942187 0.472656 0.900000 0.480469
0 0.835938 0.376953 0.876563 0.376953 0.876563 0.488281 0.835938 0.488281
0 0.567187 0.347656 0.614062 0.337891 0.621875 0.445312 0.579688 0.451172
0 0.312500 0.345703 0.350000 0.345703 0.350000 0.464844 0.312500 0.464844
0 0.000000 0.365234 0.031250 0.365234 0.031250 0.474609 0.000000 0.474609
0 0.204687 0.345703 0.243750 0.345703 0.243750 0.474609 0.204687 0.474609
0 0.842187 0.683594 0.950000 0.683594 0.950000 0.738281 0.842187 0.738281
4 0.781250 0.361328 0.818750 0.361328 0.818750 0.492188 0.781250 0.492188
0 0.456250 0.523438 0.557813 0.527344 0.554688 0.580078 0.457813 0.576172
