0 0.507812 0.789062 0.592187 0.794922 0.593750 0.835938 0.507812 0.833984
0 0.500000 0.207031 0.534375 0.222656 0.495312 0.332031 0.457813 0.312500
0 0.470313 0.000000 0.506250 0.000000 0.506250 0.048828 0.470313 0.048828
0 0.514062 0.000000 0.551562 0.000000 0.551562 0.054688 0.514062 0.054688
0 0.373437 0.000000 0.410938 0.000000 0.410938 0.078125 0.373437 0.078125
0 0.373437 0.298828 0.409375 0.298828 0.409375 0.410156 0.373437 0.410156
0 0.529687 0.347656 0.603125 0.359375 0.600000 0.406250 0.521875 0.388672
0 0.606250 0.423828 0.703125 0.423828 0.703125 0.466797 0.606250 0.466797
0 0.504687 0.421875 0.592187 0.414062 0.590625 0.462891 0.506250 0.464844
0 0.504687 0.482422 0.598437 0.482422 0.598437 0.529297 0.504687 0.529297
0 0.609375 0.507812 0.695312 0.507812 0.695312 0.558594 0.609375 0.558594
0 0.501563 0.542969 0.584375 0.542969 0.584375 0.589844 0.501563 0.589844
0 0.603125 0.585938 0.689063 0.585938 0.689063 0.628906 0.603125 0.628906
0 0.503125 0.619141 0.584375 0.603516 0.592187 0.646484 0.504687 0.666016
0 0.592187 0.646484 0.696875 0.646484 0.700000 0.691406 0.607812 0.695312
0 0.504687 0.714844 0.592187 0.720703 0.590625 0.765625 0.501563 0.759766
0 0.607812 0.718750 0.701562 0.718750 0.701562 0.765625 0.607812 0.765625
0 0.601562 0.781250 0.693750 0.781250 0.693750 0.830078 0.601562 0.830078
0 0.593750 0.855469 0.687500 0.837891 0.692187 0.890625 0.601562 0.906250
0 0.500000 0.867188 0.582812 0.855469 0.589063 0.902344 0.506250 0.917969
0 0.503125 0.939453 0.593750 0.939453 0.593750 0.982422 0.503125 0.982422
0 0.600000 0.923828 0.696875 0.923828 0.698438 0.970703 0.601562 0.976562
