0 0.884375 0.279297 0.926562 0.291016 0.904687 0.390625 0.870313 0.380859
0 0.443750 0.162109 0.482812 0.173828 0.457813 0.277344 0.415625 0.261719
0 0.562500 0.195312 0.601562 0.207031 0.581250 0.326172 0.545312 0.314453
0 0.537500 0.320312 0.570312 0.328125 0.557813 0.439453 0.521875 0.427734
0 0.585938 0.332031 0.618750 0.341797 0.606250 0.451172 0.567187 0.439453
1 0.482812 0.296875 0.515625 0.308594 0.500000 0.408203 0.467187 0.396484
0 0.618750 0.205078 0.650000 0.218750 0.631250 0.320312 0.598437 0.310547
0 0.668750 0.226562 0.701562 0.234375 0.687500 0.335938 0.653125 0.326172
0 0.639062 0.339844 0.671875 0.353516 0.653125 0.462891 0.617188 0.453125
0 0.695312 0.357422 0.735938 0.365234 0.714063 0.478516 0.675000 0.466797
0 0.718750 0.244141 0.759375 0.251953 0.739062 0.355469 0.703125 0.347656
0 0.748437 0.371094 0.790625 0.378906 0.775000 0.492188 0.735938 0.484375
0 0.809375 0.396484 0.843750 0.404297 0.825000 0.515625 0.789062 0.507812
0 0.831250 0.257812 0.862500 0.267578 0.850000 0.373047 0.814063 0.365234
0 0.732812 0.089844 0.801562 0.095703 0.804688 0.136719 0.731250 0.132812
0 0.523438 0.017578 0.610938 0.060547 0.595313 0.099609 0.514062 0.048828
0 0.821875 0.109375 0.917188 0.125000 0.914062 0.169922 0.818750 0.152344
0 0.946875 0.255859 1.000000 0.267578 1.000000 0.320312 0.940625 0.304688
0 0.917188 0.425781 0.957812 0.433594 0.934375 0.548828 0.900000 0.537109
0 0.864062 0.408203 0.900000 0.417969 0.882812 0.533203 0.843750 0.525391
0 0.120313 0.197266 0.162500 0.201172 0.145313 0.322266 0.103125 0.316406
0 0.131250 0.076172 0.165625 0.083984 0.153125 0.183594 0.115625 0.173828
0 0.189062 0.093750 0.218750 0.105469 0.201563 0.191406 0.168750 0.181641
0 0.240625 0.087891 0.276562 0.097656 0.253125 0.203125 0.218750 0.191406
0 0.292187 0.117188 0.323437 0.130859 0.300000 0.240234 0.268750 0.232422
0 0.337500 0.130859 0.373437 0.142578 0.357812 0.250000 0.320312 0.240234
0 0.392188 0.125000 0.425000 0.136719 0.406250 0.240234 0.373437 0.228516
0 0.167187 0.226562 0.201563 0.236328 0.184375 0.347656 0.153125 0.339844
0 0.218750 0.244141 0.256250 0.246094 0.239063 0.359375 0.204687 0.351562
0 0.260937 0.240234 0.300000 0.248047 0.287500 0.365234 0.250000 0.361328
0 0.317188 0.261719 0.350000 0.271484 0.328125 0.378906 0.293750 0.365234
0 0.364063 0.271484 0.403125 0.281250 0.379688 0.390625 0.345313 0.378906
0 0.414062 0.291016 0.450000 0.294922 0.429688 0.412109 0.392188 0.402344
