0 0.960938 0.662109 1.000000 0.669922 1.000000 0.787109 0.953125 0.779297
0 0.975000 0.537109 1.000000 0.542969 1.000000 0.658203 0.967187 0.652344
0 0.918750 0.521484 0.959375 0.533203 0.940625 0.646484 0.901563 0.634766
0 0.900000 0.658203 0.939063 0.667969 0.932813 0.785156 0.889062 0.775391
0 0.848437 0.632812 0.887500 0.646484 0.878125 0.757812 0.834375 0.744141
0 0.865625 0.500000 0.896875 0.515625 0.881250 0.621094 0.842187 0.607422
0 0.792188 0.621094 0.828125 0.630859 0.818750 0.736328 0.785937 0.726562
0 0.753125 0.484375 0.785937 0.484375 0.787500 0.591797 0.753125 0.591797
0 0.740625 0.603516 0.771875 0.613281 0.765625 0.722656 0.726562 0.718750
0 0.687500 0.609375 0.725000 0.623047 0.707812 0.732422 0.671875 0.722656
0 0.704688 0.470703 0.739062 0.480469 0.723437 0.574219 0.692187 0.562500
0 0.904687 0.335938 1.000000 0.355469 1.000000 0.400391 0.903125 0.380859
0 0.804688 0.318359 0.896875 0.337891 0.892188 0.380859 0.803125 0.365234
0 0.626563 0.281250 0.714063 0.298828 0.710938 0.337891 0.625000 0.322266
0 0.653125 0.457031 0.685937 0.462891 0.673438 0.576172 0.635938 0.568359
0 0.579688 0.468750 0.617188 0.468750 0.617188 0.582031 0.579688 0.582031
0 0.548438 0.679688 0.646875 0.701172 0.640625 0.753906 0.540625 0.732422
0 0.000000 0.277344 0.035937 0.289062 0.017188 0.394531 0.000000 0.380859
0 0.471875 0.068359 0.506250 0.076172 0.493750 0.179688 0.457813 0.173828
0 0.314063 0.322266 0.409375 0.347656 0.403125 0.390625 0.310937 0.361328
0 0.114062 0.271484 0.214062 0.292969 0.203125 0.335938 0.103125 0.316406
0 0.056250 0.298828 0.090625 0.310547 0.071875 0.406250 0.037500 0.390625
0 0.037500 0.423828 0.068750 0.429688 0.054688 0.548828 0.015625 0.537109
0 0.085938 0.439453 0.121875 0.445312 0.106250 0.556641 0.071875 0.554688
0 0.167187 0.601562 0.256250 0.617188 0.251563 0.664062 0.162500 0.646484
