0 0.162500 0.634766 0.201563 0.640625 0.184375 0.746094 0.150000 0.744141
0 0.051562 0.607422 0.092188 0.607422 0.092188 0.720703 0.051562 0.720703
0 0.000000 0.603516 0.037500 0.611328 0.026562 0.722656 0.000000 0.722656
0 0.000000 0.476562 0.032813 0.480469 0.028125 0.589844 0.000000 0.585938
0 0.048438 0.490234 0.089063 0.490234 0.089063 0.595703 0.048438 0.595703
0 0.121875 0.494141 0.157812 0.505859 0.137500 0.613281 0.101562 0.603516
0 0.181250 0.498047 0.218750 0.505859 0.201563 0.615234 0.162500 0.607422
0 0.253125 0.513672 0.289062 0.509766 0.295312 0.621094 0.254688 0.626953
0 0.307812 0.505859 0.350000 0.507812 0.339062 0.625000 0.303125 0.615234
0 0.365625 0.521484 0.396875 0.527344 0.389062 0.646484 0.353125 0.640625
0 0.415625 0.527344 0.448437 0.533203 0.443750 0.640625 0.410938 0.636719
0 0.540625 0.492188 0.623437 0.548828 0.612500 0.591797 0.523438 0.527344
0 0.475000 0.365234 0.562500 0.382812 0.556250 0.425781 0.470313 0.410156
0 0.740625 0.582031 0.828125 0.599609 0.826562 0.640625 0.739062 0.628906
0 0.735938 0.646484 0.829688 0.662109 0.826562 0.705078 0.729688 0.691406
0 0.750000 0.527344 0.843750 0.535156 0.842187 0.578125 0.748437 0.568359
0 0.735938 0.404297 0.829688 0.404297 0.829688 0.457031 0.735938 0.457031
4 0.470313 0.564453 0.501563 0.576172 0.482812 0.664062 0.457813 0.654297
0 0.873437 0.556641 0.907813 0.537109 0.942187 0.642578 0.906250 0.656250
0 0.917188 0.478516 1.000000 0.500000 1.000000 0.554688 0.914062 0.533203
0 0.406250 0.662109 0.440625 0.662109 0.428125 0.785156 0.385937 0.773438
0 0.331250 0.650391 0.364063 0.660156 0.353125 0.767578 0.317188 0.757812
0 0.273438 0.640625 0.306250 0.646484 0.295312 0.744141 0.264062 0.740234
0 0.206250 0.636719 0.253125 0.636719 0.253125 0.750000 0.206250 0.750000
0 0.110937 0.615234 0.148438 0.623047 0.137500 0.732422 0.100000 0.726562
