0 0.601562 0.435547 0.703125 0.435547 0.703125 0.480469 0.601562 0.480469
0 0.615625 0.720703 0.704688 0.720703 0.704688 0.761719 0.615625 0.761719
0 0.614062 0.652344 0.714063 0.652344 0.714063 0.697266 0.614062 0.697266
0 0.612500 0.570312 0.690625 0.570312 0.690625 0.613281 0.612500 0.613281
0 0.606250 0.490234 0.689063 0.505859 0.687500 0.552734 0.598437 0.531250
0 0.600000 0.369141 0.693750 0.369141 0.693750 0.417969 0.600000 0.417969
0 0.604688 0.304688 0.701562 0.304688 0.701562 0.351562 0.604688 0.351562
0 0.685937 0.001953 0.706250 0.000000 0.796875 0.001953 0.778125 0.050781
0 0.645312 0.111328 0.729688 0.111328 0.729688 0.169922 0.645312 0.169922
0 0.023438 0.185547 0.118750 0.185547 0.118750 0.224609 0.023438 0.224609
0 0.217188 0.146484 0.310937 0.146484 0.310937 0.207031 0.217188 0.207031
0 0.040625 0.283203 0.128125 0.283203 0.128125 0.328125 0.040625 0.328125
0 0.156250 0.279297 0.253125 0.292969 0.251563 0.333984 0.154688 0.322266
0 0.370312 0.384766 0.464062 0.384766 0.464062 0.429688 0.370312 0.429688
0 0.410938 0.478516 0.485938 0.417969 0.500000 0.460938 0.421875 0.513672
0 0.417187 0.542969 0.496875 0.478516 0.514062 0.521484 0.435937 0.578125
0 0.437500 0.589844 0.528125 0.568359 0.535937 0.613281 0.446875 0.636719
0 0.440625 0.669922 0.532813 0.654297 0.534375 0.705078 0.448437 0.716797
0 0.435937 0.771484 0.515625 0.726562 0.535937 0.767578 0.453125 0.820312
0 0.445312 0.845703 0.520312 0.792969 0.532813 0.826172 0.464062 0.884766
0 0.220312 0.927734 0.262500 0.927734 0.262500 1.000000 0.220312 1.000000
0 0.287500 0.902344 0.325000 0.908203 0.307812 1.000000 0.273438 1.000000
0 0.362500 0.880859 0.403125 0.892578 0.364063 1.000000 0.335938 1.000000
0 0.445312 0.906250 0.537500 0.851562 0.553125 0.884766 0.462500 0.943359
0 0.625000 0.789062 0.703125 0.789062 0.703125 0.835938 0.625000 0.835938
0 0.707812 0.287109 0.748437 0.287109 0.748437 0.392578 0.707812 0.392578
