0 0.287500 0.158203 0.392188 0.121094 0.403125 0.173828 0.300000 0.197266
0 0.289062 0.093750 0.385937 0.050781 0.400000 0.093750 0.303125 0.136719
0 0.306250 0.025391 0.389062 0.000000 0.401562 0.041016 0.320312 0.066406
0 0.098437 0.019531 0.193750 0.019531 0.193750 0.072266 0.098437 0.072266
0 0.118750 0.085938 0.204687 0.085938 0.204687 0.134766 0.118750 0.134766
0 0.937500 0.029297 0.978125 0.029297 0.978125 0.152344 0.937500 0.152344
0 0.106250 0.310547 0.206250 0.310547 0.206250 0.361328 0.106250 0.361328
0 0.109375 0.386719 0.200000 0.386719 0.200000 0.427734 0.109375 0.427734
0 0.110937 0.466797 0.206250 0.466797 0.206250 0.517578 0.110937 0.517578
0 0.110937 0.535156 0.206250 0.535156 0.206250 0.582031 0.110937 0.582031
0 0.142187 0.599609 0.232813 0.605469 0.231250 0.646484 0.139063 0.640625
0 0.184375 0.675781 0.278125 0.724609 0.259375 0.771484 0.168750 0.726562
0 0.696875 0.097656 0.785937 0.097656 0.782813 0.144531 0.700000 0.144531
0 0.687500 0.207031 0.767188 0.154297 0.787500 0.191406 0.707812 0.248047
0 0.779687 0.253906 0.803125 0.294922 0.745313 0.365234 0.723437 0.332031
0 0.840625 0.466797 0.889062 0.466797 0.889062 0.603516 0.840625 0.603516
0 0.703125 0.548828 0.732812 0.527344 0.779687 0.607422 0.757812 0.642578
0 0.712500 0.667969 0.743750 0.662109 0.754687 0.777344 0.723437 0.787109
0 0.662500 0.710938 0.700000 0.705078 0.704688 0.814453 0.671875 0.814453
0 0.070312 0.792969 0.171875 0.775391 0.176563 0.824219 0.075000 0.847656
0 0.432812 0.923828 0.525000 0.933594 0.523438 0.976562 0.429688 0.955078
4 0.690625 0.935547 0.765625 0.951172 0.765625 0.994141 0.687500 0.982422
4 0.782813 0.414062 0.809375 0.437500 0.748437 0.533203 0.723437 0.505859
0 0.109375 0.162109 0.201563 0.162109 0.201563 0.212891 0.109375 0.212891
0 0.110937 0.250000 0.196875 0.240234 0.201563 0.279297 0.118750 0.296875
0 0.460938 0.841797 0.542188 0.865234 0.532813 0.921875 0.450000 0.894531
0 0.601562 0.646484 0.635938 0.640625 0.656250 0.771484 0.615625 0.777344
0 0.443750 0.642578 0.478125 0.621094 0.509375 0.726562 0.479687 0.738281
0 0.523438 0.619141 0.568750 0.619141 0.568750 0.744141 0.523438 0.744141
0 0.310937 0.330078 0.414062 0.330078 0.414062 0.375000 0.310937 0.375000
0 0.314063 0.261719 0.400000 0.251953 0.401562 0.298828 0.320312 0.308594
0 0.307812 0.197266 0.396875 0.191406 0.400000 0.236328 0.312500 0.246094
