0 0.101562 0.683594 0.135937 0.689453 0.129688 0.806641 0.090625 0.802734
0 0.034375 0.667969 0.073438 0.667969 0.073438 0.785156 0.034375 0.785156
0 0.000000 0.919922 0.101562 0.906250 0.104688 0.951172 0.000000 0.966797
0 0.968750 0.677734 1.000000 0.677734 1.000000 0.785156 0.968750 0.785156
0 0.892188 0.669922 0.928125 0.669922 0.932813 0.789062 0.898438 0.791016
0 0.835938 0.662109 0.881250 0.662109 0.881250 0.781250 0.835938 0.781250
0 0.778125 0.660156 0.818750 0.654297 0.817187 0.777344 0.773438 0.773438
0 0.720313 0.650391 0.760938 0.650391 0.760938 0.767578 0.720313 0.767578
0 0.906250 0.191406 0.946875 0.191406 0.946875 0.308594 0.906250 0.308594
0 0.917188 0.031250 0.957812 0.031250 0.957812 0.148438 0.917188 0.148438
0 0.660937 0.658203 0.703125 0.660156 0.695312 0.783203 0.656250 0.777344
0 0.907813 0.488281 1.000000 0.484375 1.000000 0.533203 0.909375 0.539062
0 0.615625 0.675781 0.656250 0.673828 0.653125 0.792969 0.610938 0.791016
0 0.559375 0.660156 0.598437 0.660156 0.598437 0.791016 0.559375 0.791016
0 0.428125 0.908203 0.531250 0.908203 0.531250 0.951172 0.428125 0.951172
0 0.495312 0.660156 0.539062 0.660156 0.539062 0.775391 0.498437 0.777344
0 0.625000 0.521484 0.721875 0.517578 0.720313 0.574219 0.625000 0.568359
0 0.346875 0.537109 0.446875 0.537109 0.446875 0.593750 0.346875 0.593750
0 0.332813 0.683594 0.368750 0.683594 0.368750 0.798828 0.332813 0.798828
0 0.279687 0.673828 0.320312 0.673828 0.320312 0.796875 0.279687 0.796875
0 0.142187 0.890625 0.237500 0.890625 0.237500 0.943359 0.142187 0.943359
0 0.153125 0.681641 0.192188 0.681641 0.189062 0.798828 0.151562 0.798828
