0 0.629687 0.093750 0.673438 0.093750 0.673438 0.214844 0.629687 0.214844
0 0.621875 0.271484 0.662500 0.271484 0.662500 0.408203 0.621875 0.408203
0 0.557813 0.398438 0.595313 0.398438 0.595313 0.501953 0.557813 0.501953
0 0.610938 0.472656 0.654687 0.472656 0.654687 0.603516 0.610938 0.603516
0 0.687500 0.509766 0.726562 0.513672 0.718750 0.634766 0.678125 0.634766
0 0.614062 0.654297 0.657813 0.656250 0.653125 0.773438 0.610938 0.771484
0 0.675000 0.683594 0.714063 0.683594 0.712500 0.808594 0.668750 0.808594
0 0.568750 0.945312 0.606250 0.955078 0.589063 1.000000 0.550000 1.000000
0 0.184375 0.820312 0.231250 0.830078 0.221875 0.951172 0.178125 0.947266
0 0.904687 0.199219 0.942187 0.199219 0.942187 0.328125 0.904687 0.328125
0 0.121875 0.142578 0.215625 0.158203 0.210938 0.208984 0.114062 0.191406
0 0.064062 0.390625 0.101562 0.388672 0.106250 0.505859 0.064062 0.507812
0 0.320312 0.396484 0.407813 0.410156 0.406250 0.455078 0.320312 0.441406
0 0.315625 0.468750 0.415625 0.468750 0.415625 0.515625 0.315625 0.515625
0 0.306250 0.576172 0.404687 0.576172 0.404687 0.625000 0.306250 0.625000
0 0.115625 0.089844 0.212500 0.076172 0.217188 0.130859 0.110937 0.136719
0 0.825000 0.373047 0.875000 0.373047 0.875000 0.511719 0.825000 0.511719
0 0.325000 0.097656 0.420312 0.097656 0.420312 0.154297 0.325000 0.154297
0 0.301563 0.646484 0.392188 0.646484 0.392188 0.697266 0.301563 0.697266
0 0.309375 0.777344 0.393750 0.777344 0.393750 0.826172 0.309375 0.826172
