0 0.140625 0.726562 0.240625 0.726562 0.240625 0.783203 0.140625 0.783203
0 0.723437 0.361328 0.771875 0.361328 0.771875 0.521484 0.723437 0.521484
0 0.451562 0.455078 0.492188 0.458984 0.495312 0.595703 0.448437 0.593750
0 0.517188 0.253906 0.560937 0.253906 0.560937 0.384766 0.517188 0.384766
0 0.415625 0.005859 0.459375 0.007812 0.453125 0.121094 0.407813 0.117188
0 0.145313 0.248047 0.242188 0.248047 0.242188 0.304688 0.145313 0.304688
0 0.153125 0.484375 0.243750 0.484375 0.243750 0.533203 0.153125 0.533203
0 0.493750 0.947266 0.540625 0.947266 0.540625 1.000000 0.493750 1.000000
0 0.435937 0.912109 0.481250 0.912109 0.481250 1.000000 0.435937 1.000000
0 0.370312 0.939453 0.414062 0.939453 0.414062 1.000000 0.370312 1.000000
0 0.446875 0.728516 0.487500 0.728516 0.487500 0.847656 0.446875 0.847656
0 0.000000 0.716797 0.043750 0.701172 0.046875 0.748047 0.000000 0.761719
