4 0.500000 0.390625 0.587500 0.398438 0.587500 0.447266 0.498437 0.441406
0 0.959375 0.738281 0.989062 0.771484 0.935937 0.873047 0.895312 0.845703
0 0.890625 0.732422 0.921875 0.755859 0.871875 0.855469 0.842187 0.828125
4 0.000000 0.177734 0.071875 0.111328 0.092188 0.156250 0.000000 0.222656
0 0.773438 0.728516 0.803125 0.751953 0.735938 0.865234 0.706250 0.839844
0 0.614062 0.722656 0.642188 0.753906 0.579688 0.847656 0.553125 0.816406
0 0.543750 0.714844 0.571875 0.750000 0.507812 0.839844 0.475000 0.800781
0 0.470313 0.707031 0.500000 0.734375 0.432812 0.822266 0.404687 0.791016
0 0.328125 0.701172 0.362500 0.724609 0.318750 0.822266 0.285938 0.798828
0 0.198437 0.699219 0.235937 0.716797 0.203125 0.820312 0.168750 0.798828
0 0.157812 0.695312 0.192188 0.724609 0.132812 0.818359 0.101562 0.783203
0 0.006250 0.000000 0.085938 0.000000 0.096875 0.029297 0.017188 0.052734
0 0.004687 0.082031 0.075000 0.044922 0.084375 0.080078 0.007812 0.119141
0 0.000000 0.406250 0.021875 0.406250 0.021875 0.535156 0.000000 0.535156
0 0.035937 0.531250 0.110937 0.447266 0.145313 0.476562 0.070312 0.568359
0 0.179688 0.447266 0.217188 0.482422 0.151562 0.566406 0.115625 0.527344
0 0.193750 0.541016 0.264062 0.455078 0.295312 0.492188 0.225000 0.574219
0 0.346875 0.464844 0.370312 0.496094 0.301563 0.582031 0.275000 0.554688
0 0.437500 0.462891 0.465625 0.494141 0.407813 0.568359 0.379688 0.535156
0 0.554688 0.615234 0.623437 0.535156 0.651563 0.572266 0.584375 0.654297
0 0.901563 0.548828 0.935937 0.515625 1.000000 0.609375 0.968750 0.642578
0 0.723437 0.531250 0.796875 0.617188 0.775000 0.656250 0.696875 0.570312
