0 0.292187 0.570312 0.328125 0.548828 0.365625 0.660156 0.328125 0.679688
0 0.512500 0.431641 0.553125 0.404297 0.596875 0.523438 0.553125 0.544922
0 0.471875 0.167969 0.512500 0.144531 0.556250 0.255859 0.515625 0.281250
0 0.257812 0.292969 0.295312 0.265625 0.339062 0.390625 0.295312 0.412109
0 0.028125 0.371094 0.107813 0.326172 0.125000 0.367188 0.039062 0.414062
0 0.081250 0.421875 0.117188 0.398438 0.154688 0.494141 0.117188 0.517578
0 0.070312 0.699219 0.107813 0.679688 0.140625 0.789062 0.101562 0.808594
0 0.878125 0.242188 0.914062 0.220703 0.948438 0.302734 0.904687 0.328125
0 0.593750 0.382812 0.635938 0.351562 0.678125 0.458984 0.639062 0.486328
0 0.562500 0.408203 0.596875 0.382812 0.629687 0.496094 0.595313 0.513672
