0 0.673438 0.296875 0.712500 0.296875 0.712500 0.412109 0.673438 0.412109
0 0.529687 0.164062 0.573438 0.164062 0.573438 0.287109 0.529687 0.287109
0 0.329688 0.169922 0.370312 0.169922 0.370312 0.289062 0.329688 0.289062
0 0.385937 0.175781 0.418750 0.183594 0.407813 0.281250 0.375000 0.273438
0 0.226562 0.175781 0.268750 0.175781 0.268750 0.283203 0.226562 0.283203
0 0.123438 0.167969 0.162500 0.167969 0.162500 0.289062 0.123438 0.289062
0 0.071875 0.169922 0.115625 0.164062 0.114062 0.287109 0.075000 0.289062
0 0.950000 0.835938 0.985938 0.832031 0.998437 0.957031 0.960938 0.962891
0 0.000000 0.171875 0.015625 0.171875 0.015625 0.289062 0.000000 0.289062
0 0.275000 0.650391 0.318750 0.650391 0.320312 0.777344 0.268750 0.777344
0 0.381250 0.560547 0.423438 0.560547 0.421875 0.679688 0.378125 0.683594
0 0.479687 0.714844 0.517188 0.714844 0.517188 0.833984 0.479687 0.833984
0 0.587500 0.634766 0.629687 0.636719 0.640625 0.748047 0.595313 0.757812
0 0.635938 0.576172 0.726562 0.576172 0.726562 0.625000 0.635938 0.625000
0 0.182812 0.578125 0.225000 0.578125 0.225000 0.697266 0.182812 0.697266
0 0.134375 0.574219 0.173437 0.574219 0.173437 0.699219 0.134375 0.699219
0 0.081250 0.587891 0.117188 0.587891 0.117188 0.707031 0.081250 0.707031
0 0.025000 0.544922 0.064062 0.544922 0.064062 0.642578 0.025000 0.642578
0 0.000000 0.677734 0.018750 0.677734 0.018750 0.806641 0.000000 0.806641
0 0.023438 0.298828 0.064062 0.296875 0.070312 0.425781 0.026562 0.427734
0 0.082812 0.302734 0.120313 0.302734 0.120313 0.416016 0.082812 0.416016
0 0.129688 0.304688 0.168750 0.304688 0.168750 0.416016 0.129688 0.416016
0 0.182812 0.294922 0.220312 0.294922 0.220312 0.419922 0.182812 0.419922
0 0.281250 0.296875 0.323437 0.296875 0.323437 0.419922 0.281250 0.419922
0 0.332813 0.310547 0.368750 0.304688 0.364063 0.433594 0.329688 0.431641
0 0.425000 0.302734 0.471875 0.296875 0.467187 0.425781 0.431250 0.419922
0 0.481250 0.304688 0.520312 0.304688 0.520312 0.427734 0.481250 0.427734
0 0.621875 0.296875 0.660937 0.296875 0.660937 0.416016 0.621875 0.416016
0 0.731250 0.164062 0.779687 0.164062 0.779687 0.289062 0.735938 0.287109
