0 0.893750 0.000000 0.926562 0.000000 0.879687 0.093750 0.851562 0.066406
0 0.878125 0.169922 0.921875 0.183594 0.896875 0.300781 0.853125 0.285156
0 0.782813 0.527344 0.823438 0.527344 0.823438 0.646484 0.782813 0.646484
0 0.104688 0.000000 0.145313 0.000000 0.145313 0.111328 0.104688 0.111328
0 0.153125 0.000000 0.195312 0.000000 0.195312 0.121094 0.153125 0.121094
0 0.251563 0.000000 0.293750 0.000000 0.293750 0.105469 0.251563 0.105469
0 0.303125 0.000000 0.346875 0.000000 0.346875 0.113281 0.303125 0.113281
0 0.454688 0.000000 0.490625 0.000000 0.490625 0.105469 0.450000 0.107422
0 0.504687 0.000000 0.540625 0.000000 0.540625 0.101562 0.504687 0.101562
0 0.460938 0.265625 0.556250 0.265625 0.556250 0.316406 0.460938 0.316406
0 0.414062 0.328125 0.451562 0.326172 0.462500 0.437500 0.421875 0.447266
0 0.001563 0.265625 0.045312 0.265625 0.045312 0.388672 0.001563 0.388672
0 0.096875 0.337891 0.140625 0.337891 0.140625 0.470703 0.096875 0.470703
0 0.207813 0.253906 0.245312 0.253906 0.245312 0.373047 0.207813 0.373047
0 0.000000 0.000000 0.040625 0.000000 0.040625 0.103516 0.000000 0.103516
0 0.296875 0.408203 0.342187 0.408203 0.342187 0.531250 0.296875 0.531250
0 0.937500 0.375000 0.975000 0.375000 0.975000 0.494141 0.937500 0.494141
0 0.867188 0.339844 0.917188 0.339844 0.917188 0.484375 0.867188 0.484375
