0 0.231250 0.414062 0.268750 0.445312 0.218750 0.537109 0.189062 0.505859
2 0.432812 0.552734 0.467187 0.578125 0.404687 0.693359 0.373437 0.662109
2 0.045312 0.267578 0.079687 0.294922 0.031250 0.396484 0.000000 0.369141
4 0.776563 0.511719 0.810937 0.496094 0.843750 0.599609 0.804688 0.615234
1 0.945312 0.683594 1.000000 0.695312 1.000000 0.750000 0.945312 0.744141
0 0.859375 0.642578 0.959375 0.595703 0.978125 0.640625 0.881250 0.685547
0 0.695312 0.484375 0.725000 0.457031 0.782813 0.550781 0.751563 0.580078
0 0.098437 0.332031 0.123438 0.353516 0.084375 0.431641 0.056250 0.414062
0 0.126562 0.347656 0.156250 0.365234 0.123438 0.478516 0.095312 0.462891
0 0.034375 0.509766 0.107813 0.562500 0.089063 0.599609 0.014063 0.548828
0 0.184375 0.373047 0.220312 0.396484 0.179688 0.500000 0.145313 0.476562
0 0.284375 0.439453 0.318750 0.472656 0.271875 0.570312 0.234375 0.537109
0 0.331250 0.488281 0.364063 0.515625 0.318750 0.611328 0.284375 0.583984
0 0.375000 0.511719 0.407813 0.529297 0.379688 0.636719 0.342187 0.619141
0 0.509375 0.607422 0.542188 0.634766 0.489063 0.730469 0.460938 0.703125
0 0.556250 0.673828 0.587500 0.689453 0.556250 0.792969 0.518750 0.775391
0 0.615625 0.666016 0.657813 0.689453 0.598437 0.845703 0.556250 0.818359
0 0.721875 0.798828 0.762500 0.830078 0.712500 0.927734 0.679688 0.894531
