0 0.790625 0.250000 0.867188 0.207031 0.885938 0.240234 0.804688 0.285156
2 0.106250 0.378906 0.146875 0.376953 0.157812 0.511719 0.114062 0.517578
4 0.190625 0.146484 0.220312 0.144531 0.228125 0.234375 0.193750 0.236328
4 0.676562 0.798828 0.750000 0.710938 0.779687 0.751953 0.701562 0.835938
4 0.750000 0.804688 0.817187 0.724609 0.848437 0.763672 0.778125 0.843750
0 0.767188 0.146484 0.865625 0.097656 0.875000 0.144531 0.775000 0.185547
0 0.818750 0.373047 0.890625 0.330078 0.907813 0.375000 0.842187 0.421875
0 0.668750 0.716797 0.692187 0.750000 0.629687 0.841797 0.604688 0.808594
0 0.587500 0.718750 0.618750 0.751953 0.570312 0.847656 0.529687 0.826172
0 0.525000 0.724609 0.554688 0.755859 0.484375 0.845703 0.457813 0.812500
0 0.450000 0.722656 0.479687 0.748047 0.425000 0.855469 0.396875 0.828125
0 0.407813 0.730469 0.428125 0.757812 0.375000 0.847656 0.351562 0.826172
0 0.242188 0.744141 0.275000 0.744141 0.290625 0.851562 0.253125 0.859375
0 0.260937 0.353516 0.296875 0.347656 0.306250 0.445312 0.275000 0.451172
0 0.203125 0.386719 0.235937 0.390625 0.240625 0.505859 0.206250 0.503906
0 0.196875 0.255859 0.232813 0.251953 0.232813 0.361328 0.201563 0.363281
0 0.175000 0.015625 0.212500 0.011719 0.218750 0.105469 0.179688 0.111328
0 0.096875 0.000000 0.137500 0.000000 0.137500 0.119141 0.096875 0.119141
0 0.103125 0.271484 0.140625 0.271484 0.143750 0.353516 0.107813 0.357422
0 0.118750 0.597656 0.157812 0.593750 0.159375 0.707031 0.121875 0.708984
