0 0.681250 0.000000 0.721875 0.000000 0.710938 0.109375 0.668750 0.105469
0 0.562500 0.103516 0.651563 0.107422 0.650000 0.158203 0.562500 0.150391
0 0.570312 0.167969 0.662500 0.179688 0.657813 0.228516 0.568750 0.207031
0 0.506250 0.021484 0.542188 0.035156 0.518750 0.146484 0.484375 0.136719
0 0.445312 0.039062 0.484375 0.039062 0.484375 0.158203 0.445312 0.158203
0 0.350000 0.064453 0.376563 0.093750 0.314063 0.169922 0.292187 0.136719
0 0.235937 0.062500 0.268750 0.062500 0.268750 0.169922 0.235937 0.169922
0 0.575000 0.433594 0.660937 0.433594 0.660937 0.484375 0.575000 0.484375
0 0.592187 0.365234 0.664062 0.388672 0.654687 0.429688 0.582812 0.410156
0 0.579688 0.304688 0.675000 0.310547 0.676562 0.349609 0.581250 0.355469
0 0.067187 0.876953 0.106250 0.878906 0.101562 0.998047 0.062500 0.994141
0 0.801562 0.703125 0.826562 0.673828 0.900000 0.759766 0.875000 0.791016
0 0.821875 0.585938 0.898438 0.644531 0.879687 0.691406 0.804688 0.625000
0 0.835938 0.488281 0.904687 0.570312 0.875000 0.607422 0.812500 0.521484
0 0.825000 0.408203 0.904687 0.474609 0.887500 0.527344 0.803125 0.445312
0 0.843750 0.353516 0.910937 0.417969 0.893750 0.462891 0.815625 0.390625
0 0.329688 0.634766 0.365625 0.636719 0.351562 0.750000 0.314063 0.742188
0 0.101562 0.652344 0.128125 0.689453 0.071875 0.763672 0.048438 0.724609
0 0.592187 0.226562 0.657813 0.228516 0.668750 0.275391 0.596875 0.277344
0 0.437500 0.648438 0.465625 0.679688 0.401562 0.769531 0.370312 0.732422
0 0.568750 0.960938 0.651563 0.943359 0.665625 0.986328 0.570312 1.000000
0 0.573438 0.863281 0.671875 0.859375 0.673438 0.902344 0.573438 0.906250
0 0.587500 0.710938 0.659375 0.712891 0.662500 0.757812 0.584375 0.755859
0 0.579688 0.560547 0.668750 0.580078 0.665625 0.625000 0.571875 0.603516
0 0.570312 0.511719 0.662500 0.484375 0.673438 0.533203 0.579688 0.554688
2 0.440625 0.759766 0.540625 0.767578 0.537500 0.814453 0.437500 0.814453
2 0.570312 0.777344 0.675000 0.779297 0.675000 0.830078 0.568750 0.830078
4 0.568750 0.640625 0.665625 0.646484 0.662500 0.689453 0.570312 0.683594
4 0.817187 0.839844 0.887500 0.929688 0.857812 0.974609 0.792188 0.884766
4 0.810937 0.792969 0.837500 0.765625 0.898438 0.861328 0.875000 0.888672
0 0.809375 0.230469 0.904687 0.230469 0.904687 0.273438 0.809375 0.273438
0 0.932813 0.083984 1.000000 0.083984 1.000000 0.125000 0.932813 0.125000
