0 0.801562 0.154297 0.878125 0.154297 0.878125 0.199219 0.801562 0.199219
0 0.242188 0.267578 0.331250 0.267578 0.331250 0.320312 0.242188 0.320312
0 0.368750 0.261719 0.450000 0.261719 0.450000 0.316406 0.368750 0.316406
0 0.489063 0.271484 0.579688 0.271484 0.579688 0.312500 0.489063 0.312500
0 0.851562 0.841797 0.892188 0.841797 0.900000 0.972656 0.860938 0.974609
0 0.765625 0.847656 0.807813 0.853516 0.809375 0.982422 0.765625 0.978516
0 0.714063 0.853516 0.748437 0.853516 0.756250 0.968750 0.721875 0.968750
0 0.673438 0.853516 0.704688 0.853516 0.704688 0.960938 0.673438 0.960938
0 0.571875 0.857422 0.609375 0.857422 0.609375 0.955078 0.571875 0.955078
0 0.223438 0.861328 0.257812 0.861328 0.257812 0.968750 0.223438 0.968750
0 0.293750 0.851562 0.329688 0.851562 0.329688 0.960938 0.293750 0.960938
0 0.070312 0.753906 0.160938 0.751953 0.165625 0.798828 0.071875 0.804688
0 0.346875 0.853516 0.387500 0.853516 0.387500 0.955078 0.346875 0.955078
0 0.400000 0.853516 0.434375 0.853516 0.434375 0.966797 0.400000 0.966797
0 0.467187 0.863281 0.503125 0.863281 0.503125 0.968750 0.467187 0.968750
