0 0.389062 0.191406 0.426563 0.191406 0.426563 0.306641 0.389062 0.302734
0 0.487500 0.191406 0.518750 0.187500 0.518750 0.296875 0.492188 0.296875
0 0.437500 0.193359 0.471875 0.195312 0.473438 0.289062 0.440625 0.294922
0 0.342187 0.169922 0.382812 0.173828 0.371875 0.294922 0.334375 0.289062
0 0.429688 0.359375 0.526563 0.371094 0.518750 0.417969 0.432812 0.408203
0 0.915625 0.470703 1.000000 0.486328 1.000000 0.533203 0.909375 0.519531
0 0.814063 0.488281 0.882812 0.500000 0.884375 0.535156 0.804688 0.521484
0 0.709375 0.468750 0.796875 0.476562 0.796875 0.521484 0.707812 0.515625
0 0.570312 0.445312 0.653125 0.460938 0.650000 0.511719 0.564063 0.492188
0 0.490625 0.445312 0.570312 0.457031 0.564063 0.498047 0.490625 0.484375
