0 0.846875 0.892578 0.975000 0.837891 0.992188 0.912109 0.867188 0.962891
0 0.937500 0.076172 1.000000 0.125000 1.000000 0.203125 0.912500 0.134766
0 0.701562 0.349609 0.829688 0.349609 0.829688 0.419922 0.701562 0.419922
0 0.657813 0.492188 0.776563 0.492188 0.776563 0.560547 0.657813 0.560547
0 0.746875 0.630859 0.856250 0.630859 0.856250 0.705078 0.746875 0.705078
0 0.389062 0.390625 0.512500 0.390625 0.512500 0.455078 0.389062 0.455078
0 0.000000 0.398438 0.093750 0.398438 0.093750 0.457031 0.000000 0.457031
0 0.206250 0.605469 0.335938 0.605469 0.335938 0.691406 0.206250 0.691406
0 0.000000 0.751953 0.093750 0.751953 0.093750 0.816406 0.000000 0.816406
0 0.943750 0.638672 1.000000 0.638672 1.000000 0.714844 0.943750 0.714844
0 0.796875 0.800781 0.920312 0.763672 0.940625 0.826172 0.812500 0.873047
0 0.000000 0.509766 0.054688 0.505859 0.053125 0.582031 0.000000 0.580078
