3 0.240625 0.833984 0.321875 0.833984 0.321875 1.000000 0.240625 1.000000
0 0.456250 0.701172 0.504687 0.701172 0.504687 0.863281 0.456250 0.863281
0 0.542188 0.716797 0.603125 0.716797 0.603125 0.875000 0.542188 0.875000
0 0.460938 0.523438 0.515625 0.523438 0.515625 0.654297 0.460938 0.654297
0 0.287500 0.396484 0.339062 0.396484 0.339062 0.546875 0.287500 0.546875
0 0.368750 0.410156 0.421875 0.410156 0.421875 0.576172 0.368750 0.576172
0 0.459375 0.304688 0.518750 0.304688 0.518750 0.468750 0.459375 0.468750
0 0.285938 0.000000 0.340625 0.000000 0.340625 0.119141 0.285938 0.119141
0 0.171875 0.156250 0.231250 0.156250 0.231250 0.316406 0.171875 0.316406
0 0.284375 0.158203 0.335938 0.158203 0.335938 0.287109 0.284375 0.287109
0 0.460938 0.000000 0.510938 0.000000 0.510938 0.105469 0.460938 0.105469
0 0.375000 0.107422 0.425000 0.107422 0.425000 0.259766 0.375000 0.259766
0 0.464062 0.121094 0.523438 0.121094 0.523438 0.281250 0.464062 0.281250
4 0.354687 0.699219 0.404687 0.699219 0.404687 0.843750 0.354687 0.843750
0 0.350000 0.882812 0.406250 0.882812 0.406250 1.000000 0.350000 1.000000
0 0.262500 0.601562 0.323437 0.601562 0.323437 0.753906 0.262500 0.753906
