0 0.659375 0.710938 0.770312 0.710938 0.770312 0.781250 0.659375 0.781250
0 0.482812 0.720703 0.615625 0.720703 0.615625 0.794922 0.482812 0.794922
0 0.000000 0.441406 0.090625 0.441406 0.090625 0.511719 0.000000 0.511719
0 0.000000 0.548828 0.112500 0.548828 0.112500 0.621094 0.000000 0.621094
0 0.000000 0.664062 0.118750 0.664062 0.118750 0.736328 0.000000 0.736328
0 0.135937 0.439453 0.268750 0.439453 0.268750 0.513672 0.135937 0.513672
0 0.196875 0.574219 0.323437 0.574219 0.323437 0.644531 0.196875 0.644531
0 0.145313 0.677734 0.265625 0.677734 0.265625 0.748047 0.145313 0.748047
0 0.329688 0.425781 0.457813 0.425781 0.457813 0.500000 0.329688 0.500000
0 0.950000 0.718750 1.000000 0.718750 1.000000 0.789062 0.950000 0.789062
0 0.803125 0.730469 0.926562 0.730469 0.926562 0.800781 0.803125 0.800781
0 0.881250 0.611328 0.996875 0.611328 0.996875 0.677734 0.881250 0.677734
0 0.818750 0.472656 0.950000 0.472656 0.950000 0.552734 0.818750 0.552734
0 0.312500 0.708984 0.439063 0.708984 0.439063 0.787109 0.312500 0.787109
0 0.385937 0.582031 0.507812 0.582031 0.507812 0.658203 0.385937 0.658203
0 0.496875 0.462891 0.628125 0.462891 0.628125 0.537109 0.496875 0.537109
0 0.651563 0.472656 0.773438 0.472656 0.773438 0.541016 0.651563 0.541016
0 0.553125 0.587891 0.675000 0.587891 0.675000 0.654297 0.553125 0.654297
0 0.723437 0.593750 0.848437 0.593750 0.848437 0.664062 0.723437 0.664062
