0 0.062500 0.400391 0.181250 0.400391 0.181250 0.472656 0.062500 0.472656
4 0.906250 0.656250 1.000000 0.656250 1.000000 0.724609 0.906250 0.724609
0 0.915625 0.537109 1.000000 0.537109 1.000000 0.613281 0.915625 0.613281
0 0.942187 0.429688 1.000000 0.429688 1.000000 0.505859 0.942187 0.505859
0 0.803125 0.435547 0.917188 0.435547 0.917188 0.501953 0.803125 0.501953
0 0.657813 0.656250 0.792188 0.656250 0.792188 0.730469 0.657813 0.730469
0 0.706250 0.537109 0.835938 0.537109 0.835938 0.615234 0.706250 0.615234
0 0.660937 0.425781 0.742188 0.425781 0.742188 0.488281 0.660937 0.488281
0 0.507812 0.546875 0.629687 0.546875 0.629687 0.623047 0.507812 0.623047
0 0.459375 0.433594 0.575000 0.433594 0.575000 0.500000 0.459375 0.500000
0 0.440625 0.677734 0.570312 0.677734 0.570312 0.750000 0.440625 0.750000
0 0.271875 0.650391 0.403125 0.650391 0.403125 0.720703 0.271875 0.720703
0 0.335938 0.542969 0.464062 0.542969 0.464062 0.611328 0.335938 0.611328
0 0.253125 0.429688 0.379688 0.429688 0.379688 0.498047 0.253125 0.498047
0 0.057813 0.666016 0.185938 0.666016 0.185938 0.746094 0.057813 0.746094
0 0.042188 0.539062 0.171875 0.539062 0.171875 0.619141 0.042188 0.619141
