0 0.000000 0.388672 0.093750 0.388672 0.093750 0.453125 0.000000 0.453125
4 0.403125 0.375000 0.515625 0.375000 0.515625 0.439453 0.403125 0.439453
0 0.792188 0.585938 0.923438 0.585938 0.923438 0.662109 0.792188 0.662109
0 0.821875 0.484375 0.939063 0.484375 0.939063 0.558594 0.821875 0.558594
0 0.895312 0.365234 1.000000 0.365234 1.000000 0.433594 0.895312 0.433594
0 0.715625 0.367188 0.837500 0.367188 0.837500 0.437500 0.715625 0.437500
0 0.540625 0.613281 0.675000 0.613281 0.675000 0.691406 0.540625 0.691406
0 0.626563 0.472656 0.751563 0.472656 0.751563 0.541016 0.626563 0.541016
0 0.546875 0.367188 0.675000 0.367188 0.675000 0.443359 0.546875 0.443359
1 0.303125 0.458984 0.590625 0.458984 0.590625 0.574219 0.303125 0.574219
0 0.279687 0.255859 0.395313 0.255859 0.395313 0.322266 0.279687 0.322266
0 0.203125 0.380859 0.334375 0.380859 0.334375 0.458984 0.203125 0.458984
0 0.235937 0.615234 0.368750 0.615234 0.368750 0.687500 0.235937 0.687500
0 0.125000 0.498047 0.232813 0.498047 0.232813 0.566406 0.125000 0.566406
0 0.000000 0.615234 0.090625 0.615234 0.090625 0.693359 0.000000 0.693359
0 0.000000 0.498047 0.068750 0.498047 0.068750 0.568359 0.000000 0.568359
