0 0.746875 0.205078 0.865625 0.205078 0.865625 0.271484 0.746875 0.271484
0 0.884375 0.201172 0.992188 0.201172 0.992188 0.263672 0.884375 0.263672
0 0.812500 0.044922 0.925000 0.044922 0.925000 0.115234 0.812500 0.115234
0 0.432812 0.154297 0.576562 0.140625 0.581250 0.220703 0.446875 0.230469
0 0.370312 0.115234 0.498437 0.091797 0.507812 0.148438 0.384375 0.179688
0 0.000000 0.945312 0.110937 0.945312 0.110937 1.000000 0.000000 1.000000
4 0.529687 0.283203 0.637500 0.283203 0.637500 0.349609 0.529687 0.349609
4 0.307812 0.386719 0.443750 0.386719 0.443750 0.466797 0.307812 0.466797
0 0.264062 0.167969 0.381250 0.167969 0.381250 0.240234 0.264062 0.240234
0 0.095312 0.167969 0.214062 0.167969 0.214062 0.240234 0.095312 0.240234
0 0.000000 0.167969 0.043750 0.167969 0.043750 0.236328 0.000000 0.236328
0 0.693750 0.851562 0.812500 0.851562 0.812500 0.921875 0.693750 0.921875
0 0.950000 0.304688 1.000000 0.304688 1.000000 0.373047 0.950000 0.373047
0 0.804688 0.408203 0.931250 0.408203 0.931250 0.478516 0.804688 0.478516
0 0.814063 0.298828 0.926562 0.298828 0.926562 0.363281 0.814063 0.363281
0 0.653125 0.296875 0.781250 0.296875 0.781250 0.375000 0.653125 0.375000
0 0.614062 0.396484 0.748437 0.396484 0.748437 0.472656 0.614062 0.472656
0 0.639062 0.519531 0.778125 0.519531 0.778125 0.589844 0.639062 0.589844
0 0.475000 0.402344 0.584375 0.402344 0.584375 0.470703 0.475000 0.470703
0 0.381250 0.277344 0.506250 0.277344 0.506250 0.353516 0.381250 0.353516
0 0.140625 0.384766 0.259375 0.384766 0.259375 0.457031 0.140625 0.457031
0 0.221875 0.287109 0.342187 0.287109 0.342187 0.355469 0.221875 0.355469
0 0.079687 0.267578 0.196875 0.267578 0.196875 0.347656 0.079687 0.347656
0 0.001563 0.396484 0.118750 0.396484 0.118750 0.472656 0.001563 0.472656
0 0.000000 0.490234 0.046875 0.490234 0.046875 0.554688 0.000000 0.554688
0 0.604688 0.191406 0.721875 0.191406 0.721875 0.257812 0.604688 0.257812
