4 0.000000 0.396484 0.089063 0.396484 0.089063 0.451172 0.000000 0.451172
0 0.442188 0.400391 0.545312 0.400391 0.545312 0.460938 0.442188 0.460938
0 0.304688 0.521484 0.423438 0.521484 0.423438 0.582031 0.304688 0.582031
0 0.226562 0.404297 0.342187 0.404297 0.342187 0.474609 0.226562 0.474609
0 0.335938 0.294922 0.445312 0.294922 0.445312 0.355469 0.335938 0.355469
0 0.285938 0.216797 0.396875 0.216797 0.396875 0.281250 0.285938 0.281250
0 0.623437 0.417969 0.731250 0.417969 0.731250 0.476562 0.623437 0.476562
0 0.043750 0.501953 0.159375 0.501953 0.159375 0.566406 0.043750 0.566406
0 0.060937 0.304688 0.165625 0.304688 0.165625 0.365234 0.060937 0.365234
0 0.550000 0.511719 0.659375 0.511719 0.659375 0.576172 0.550000 0.576172
0 0.767188 0.511719 0.873437 0.511719 0.873437 0.570312 0.767188 0.570312
0 0.800000 0.414062 0.910937 0.414062 0.910937 0.476562 0.800000 0.476562
0 0.745313 0.304688 0.850000 0.304688 0.850000 0.373047 0.745313 0.373047
