0 0.429688 0.419922 0.532813 0.414062 0.534375 0.474609 0.431250 0.472656
0 0.498437 0.533203 0.603125 0.533203 0.603125 0.595703 0.490625 0.591797
0 0.382812 0.503906 0.473438 0.513672 0.475000 0.570312 0.382812 0.572266
0 0.251563 0.582031 0.356250 0.587891 0.356250 0.642578 0.248438 0.634766
0 0.126562 0.519531 0.237500 0.521484 0.234375 0.582031 0.123438 0.580078
0 0.000000 0.517578 0.085938 0.515625 0.084375 0.585938 0.000000 0.578125
0 0.000000 0.410156 0.087500 0.410156 0.087500 0.462891 0.000000 0.462891
0 0.142187 0.410156 0.259375 0.410156 0.257812 0.482422 0.145313 0.478516
0 0.301563 0.421875 0.403125 0.423828 0.403125 0.472656 0.304688 0.468750
0 0.268750 0.320312 0.373437 0.320312 0.373437 0.378906 0.268750 0.375000
0 0.112500 0.320312 0.221875 0.320312 0.221875 0.384766 0.112500 0.384766
0 0.000000 0.306641 0.100000 0.306641 0.098437 0.369141 0.000000 0.367188
4 0.901563 0.416016 1.000000 0.412109 1.000000 0.472656 0.901563 0.478516
4 0.260937 0.521484 0.356250 0.517578 0.356250 0.570312 0.260937 0.570312
4 0.760938 0.529297 0.875000 0.529297 0.875000 0.585938 0.754687 0.587891
0 0.915625 0.283203 1.000000 0.259766 1.000000 0.320312 0.931250 0.339844
0 0.900000 0.544922 1.000000 0.535156 1.000000 0.591797 0.903125 0.597656
0 0.832812 0.330078 0.942187 0.333984 0.937500 0.390625 0.839063 0.394531
0 0.700000 0.335938 0.798438 0.335938 0.801562 0.382812 0.703125 0.388672
0 0.718750 0.414062 0.825000 0.417969 0.829688 0.480469 0.718750 0.482422
0 0.440625 0.628906 0.567187 0.642578 0.568750 0.701172 0.437500 0.707031
0 0.628125 0.517578 0.728125 0.523438 0.734375 0.580078 0.623437 0.580078
0 0.557813 0.431641 0.654687 0.429688 0.656250 0.480469 0.562500 0.482422
0 0.548438 0.314453 0.673438 0.308594 0.670312 0.378906 0.553125 0.373047
0 0.415625 0.328125 0.534375 0.332031 0.531250 0.384766 0.417187 0.384766
