0 0.914062 0.042969 1.000000 0.041016 1.000000 0.087891 0.914062 0.089844
0 0.598437 0.154297 0.643750 0.154297 0.648438 0.273438 0.596875 0.271484
0 0.531250 0.121094 0.581250 0.109375 0.596875 0.222656 0.553125 0.234375
0 0.479687 0.123047 0.523438 0.115234 0.535937 0.234375 0.489063 0.238281
0 0.431250 0.125000 0.473438 0.125000 0.476562 0.238281 0.431250 0.240234
0 0.375000 0.130859 0.418750 0.132812 0.418750 0.251953 0.373437 0.251953
0 0.262500 0.138672 0.306250 0.130859 0.306250 0.244141 0.265625 0.246094
0 0.206250 0.148438 0.245312 0.146484 0.245312 0.255859 0.207813 0.261719
0 0.153125 0.136719 0.189062 0.134766 0.192188 0.255859 0.150000 0.255859
0 0.093750 0.125000 0.137500 0.125000 0.137500 0.244141 0.093750 0.244141
0 0.062500 0.123047 0.090625 0.121094 0.093750 0.226562 0.060937 0.226562
0 0.071875 0.382812 0.153125 0.384766 0.150000 0.427734 0.067187 0.423828
0 0.943750 0.000000 1.000000 0.000000 1.000000 0.031250 0.943750 0.031250
4 0.329688 0.121094 0.364063 0.119141 0.367188 0.240234 0.331250 0.242188
4 0.814063 0.355469 0.890625 0.357422 0.889062 0.396484 0.812500 0.396484
