0 0.779687 0.457031 0.812500 0.455078 0.823438 0.564453 0.790625 0.570312
1 0.892188 0.421875 0.937500 0.421875 0.937500 0.570312 0.890625 0.570312
0 0.871875 0.017578 0.917188 0.017578 0.910937 0.148438 0.867188 0.142578
0 0.971875 0.451172 1.000000 0.447266 1.000000 0.546875 0.976562 0.548828
0 0.167187 0.160156 0.196875 0.160156 0.193750 0.269531 0.162500 0.267578
0 0.173437 0.087891 0.265625 0.083984 0.267188 0.132812 0.171875 0.136719
0 0.062500 0.513672 0.092188 0.513672 0.092188 0.597656 0.062500 0.597656
4 0.843750 0.474609 0.871875 0.472656 0.870313 0.566406 0.840625 0.564453
2 0.759375 0.015625 0.800000 0.017578 0.803125 0.162109 0.759375 0.156250
2 0.646875 0.001953 0.685937 0.000000 0.684375 0.130859 0.646875 0.126953
2 0.581250 0.064453 0.615625 0.050781 0.640625 0.167969 0.606250 0.179688
2 0.209375 0.167969 0.245312 0.166016 0.250000 0.341797 0.210938 0.341797
1 0.254688 0.193359 0.301563 0.193359 0.306250 0.339844 0.254688 0.339844
0 0.448437 0.623047 0.487500 0.621094 0.490625 0.740234 0.450000 0.744141
0 0.625000 0.447266 0.664062 0.445312 0.665625 0.566406 0.628125 0.566406
0 0.681250 0.460938 0.712500 0.458984 0.714063 0.564453 0.682813 0.562500
0 0.731250 0.455078 0.767188 0.451172 0.770312 0.566406 0.734375 0.566406
