0 0.353125 0.904297 0.389062 0.900391 0.389062 1.000000 0.354687 1.000000
0 0.264062 0.046875 0.304688 0.025391 0.348438 0.136719 0.306250 0.156250
0 0.501563 0.099609 0.587500 0.152344 0.567187 0.199219 0.481250 0.152344
0 0.400000 0.308594 0.425000 0.281250 0.476562 0.353516 0.451562 0.380859
0 0.157812 0.222656 0.245312 0.279297 0.221875 0.324219 0.139063 0.269531
0 0.301563 0.365234 0.401562 0.410156 0.384375 0.464844 0.284375 0.412109
0 0.426563 0.494141 0.496875 0.541016 0.482812 0.570312 0.414062 0.531250
0 0.000000 0.113281 0.043750 0.160156 0.018750 0.207031 0.000000 0.158203
0 0.606250 0.527344 0.678125 0.572266 0.662500 0.607422 0.592187 0.562500
0 0.732812 0.322266 0.821875 0.371094 0.803125 0.414062 0.715625 0.371094
0 0.634375 0.066406 0.714063 0.126953 0.687500 0.166016 0.610938 0.117188
0 0.706250 0.210938 0.792188 0.261719 0.771875 0.308594 0.689063 0.257812
0 0.818750 0.197266 0.906250 0.246094 0.889062 0.294922 0.801562 0.242188
0 0.868750 0.408203 0.939063 0.455078 0.923438 0.492188 0.850000 0.447266
0 0.942187 0.695312 1.000000 0.728516 0.996875 0.765625 0.928125 0.730469
0 0.818750 0.744141 0.901563 0.783203 0.884375 0.832031 0.804688 0.783203
2 0.784375 0.460938 0.870313 0.501953 0.854688 0.544922 0.771875 0.498047
0 0.414062 0.917969 0.446875 0.916016 0.445312 1.000000 0.410938 1.000000
0 0.948438 0.363281 1.000000 0.404297 1.000000 0.441406 0.931250 0.400391
4 0.909375 0.527344 0.981250 0.568359 0.968750 0.605469 0.895312 0.564453
