0 0.326562 0.363281 0.365625 0.371094 0.354687 0.478516 0.317188 0.472656
0 0.340625 0.222656 0.376563 0.224609 0.370312 0.337891 0.331250 0.335938
0 0.253125 0.199219 0.287500 0.207031 0.273438 0.312500 0.240625 0.306641
0 0.839063 0.294922 0.875000 0.292969 0.878125 0.404297 0.840625 0.404297
0 0.904687 0.294922 0.942187 0.292969 0.943750 0.406250 0.904687 0.406250
0 0.937500 0.435547 0.979688 0.427734 0.993750 0.550781 0.951562 0.558594
4 0.717187 0.408203 0.753125 0.408203 0.753125 0.507812 0.714063 0.505859
4 0.068750 0.320312 0.096875 0.324219 0.087500 0.417969 0.057813 0.416016
0 0.656250 0.400391 0.696875 0.402344 0.692187 0.515625 0.648438 0.515625
0 0.614062 0.388672 0.648438 0.392578 0.642188 0.500000 0.606250 0.496094
0 0.553125 0.386719 0.592187 0.386719 0.590625 0.505859 0.553125 0.505859
0 0.623437 0.273438 0.656250 0.277344 0.651563 0.367188 0.614062 0.363281
0 0.498437 0.242188 0.535937 0.242188 0.534375 0.365234 0.496875 0.363281
0 0.012500 0.291016 0.053125 0.296875 0.043750 0.416016 0.001563 0.408203
0 0.114062 0.316406 0.154688 0.318359 0.148438 0.433594 0.109375 0.429688
0 0.173437 0.339844 0.214062 0.343750 0.204687 0.457031 0.162500 0.451172
0 0.378125 0.369141 0.414062 0.371094 0.407813 0.478516 0.371875 0.476562
0 0.385937 0.240234 0.431250 0.242188 0.423438 0.359375 0.378125 0.355469
