0 0.800000 0.386719 0.837500 0.388672 0.837500 0.494141 0.796875 0.494141
0 0.751563 0.382812 0.790625 0.388672 0.781250 0.498047 0.745313 0.494141
0 0.668750 0.222656 0.701562 0.226562 0.695312 0.335938 0.660937 0.333984
0 0.040625 0.761719 0.128125 0.765625 0.125000 0.812500 0.035937 0.810547
0 0.975000 0.390625 1.000000 0.388672 1.000000 0.509766 0.976562 0.511719
0 0.914062 0.248047 0.953125 0.250000 0.956250 0.365234 0.914062 0.365234
0 0.803125 0.255859 0.843750 0.259766 0.843750 0.373047 0.800000 0.371094
0 0.754687 0.238281 0.787500 0.242188 0.787500 0.353516 0.753125 0.349609
0 0.589063 0.369141 0.628125 0.371094 0.621875 0.482422 0.585938 0.478516
0 0.526563 0.343750 0.570312 0.345703 0.570312 0.464844 0.526563 0.464844
0 0.428125 0.330078 0.467187 0.330078 0.464062 0.449219 0.423438 0.447266
0 0.373437 0.343750 0.412500 0.345703 0.406250 0.468750 0.364063 0.468750
0 0.318750 0.349609 0.360938 0.351562 0.356250 0.464844 0.315625 0.464844
0 0.100000 0.470703 0.134375 0.472656 0.132812 0.580078 0.096875 0.580078
0 0.115625 0.267578 0.196875 0.283203 0.185938 0.330078 0.106250 0.310547
0 0.117188 0.212891 0.206250 0.212891 0.203125 0.255859 0.114062 0.253906
0 0.192188 0.093750 0.223438 0.115234 0.178125 0.197266 0.151562 0.173828
4 0.482812 0.349609 0.514062 0.349609 0.514062 0.455078 0.481250 0.455078
