0 0.953125 0.410156 1.000000 0.429688 1.000000 0.472656 0.943750 0.451172
0 0.939063 0.492188 1.000000 0.511719 1.000000 0.552734 0.932813 0.531250
0 0.814063 0.390625 0.846875 0.402344 0.831250 0.498047 0.796875 0.490234
0 0.960938 0.703125 0.993750 0.708984 0.979688 0.818359 0.948438 0.812500
0 0.748437 0.753906 0.785937 0.763672 0.768750 0.875000 0.735938 0.869141
0 0.339062 0.626953 0.381250 0.634766 0.367188 0.761719 0.321875 0.753906
0 0.223438 0.521484 0.295312 0.537109 0.287500 0.580078 0.215625 0.564453
4 0.248438 0.367188 0.321875 0.384766 0.314063 0.427734 0.240625 0.408203
0 0.289062 0.152344 0.373437 0.177734 0.360938 0.218750 0.279687 0.191406
0 0.268750 0.220703 0.359375 0.246094 0.346875 0.300781 0.256250 0.273438
