0 0.776563 0.523438 0.814063 0.525391 0.814063 0.646484 0.776563 0.646484
0 0.754687 0.369141 0.787500 0.349609 0.821875 0.441406 0.793750 0.460938
0 0.189062 0.960938 0.273438 0.972656 0.265625 1.000000 0.178125 1.000000
0 0.784375 0.132812 0.815625 0.132812 0.817187 0.232422 0.784375 0.230469
0 0.773438 0.000000 0.810937 0.000000 0.809375 0.115234 0.765625 0.115234
0 0.198437 0.101562 0.287500 0.097656 0.289062 0.152344 0.195312 0.156250
1 0.185938 0.269531 0.298438 0.265625 0.298438 0.326172 0.185938 0.324219
0 0.193750 0.361328 0.282813 0.363281 0.279687 0.414062 0.190625 0.408203
0 0.200000 0.492188 0.292187 0.503906 0.284375 0.554688 0.190625 0.541016
4 0.368750 0.697266 0.398438 0.708984 0.378125 0.798828 0.350000 0.787109
0 0.178125 0.683594 0.268750 0.697266 0.257812 0.750000 0.168750 0.732422
0 0.176563 0.830078 0.268750 0.830078 0.267188 0.882812 0.176563 0.884766
0 0.778125 0.740234 0.812500 0.742188 0.812500 0.855469 0.776563 0.857422
