0 0.148438 0.201172 0.176563 0.226562 0.125000 0.306641 0.100000 0.283203
2 0.457813 0.195312 0.534375 0.253906 0.517188 0.291016 0.442188 0.232422
2 0.393750 0.384766 0.423438 0.371094 0.453125 0.480469 0.418750 0.496094
4 0.139063 0.755859 0.171875 0.744141 0.200000 0.865234 0.165625 0.880859
4 0.096875 0.845703 0.125000 0.828125 0.153125 0.917969 0.123438 0.933594
0 0.945312 0.919922 1.000000 0.986328 0.987500 1.000000 0.923438 0.958984
0 0.889062 0.949219 0.951562 1.000000 0.928125 1.000000 0.867188 0.988281
0 0.170313 0.302734 0.200000 0.333984 0.139063 0.419922 0.107813 0.388672
0 0.492188 0.298828 0.576562 0.289062 0.581250 0.335938 0.492188 0.343750
0 0.520312 0.400391 0.585938 0.337891 0.606250 0.371094 0.540625 0.433594
0 0.401562 0.539062 0.432812 0.539062 0.432812 0.644531 0.403125 0.644531
0 0.309375 0.515625 0.343750 0.500000 0.368750 0.607422 0.334375 0.619141
1 0.245312 0.878906 0.335938 0.800781 0.357812 0.835938 0.271875 0.923828
0 0.223438 0.654297 0.251563 0.642578 0.285938 0.746094 0.257812 0.761719
0 0.045312 0.937500 0.079687 0.937500 0.076563 1.000000 0.042188 1.000000
0 0.879687 0.619141 0.912500 0.619141 0.921875 0.728516 0.887500 0.728516
0 1.000000 0.707031 1.000000 0.738281 0.979688 0.814453 0.954688 0.779297
0 0.364063 0.000000 0.401562 0.015625 0.332813 0.115234 0.301563 0.082031
