0 0.717187 0.923828 0.814063 0.927734 0.814063 0.978516 0.714063 0.976562
0 0.910937 0.544922 0.987500 0.542969 0.989062 0.583984 0.909375 0.583984
0 0.921875 0.619141 1.000000 0.619141 1.000000 0.664062 0.921875 0.662109
0 0.920312 0.687500 1.000000 0.683594 1.000000 0.728516 0.920312 0.730469
0 0.709375 0.576172 0.798438 0.580078 0.798438 0.628906 0.709375 0.626953
0 0.720313 0.701172 0.814063 0.701172 0.812500 0.750000 0.720313 0.748047
0 0.350000 0.806641 0.434375 0.787109 0.440625 0.828125 0.354687 0.849609
0 0.220312 0.744141 0.254688 0.740234 0.262500 0.861328 0.226562 0.865234
0 0.215625 0.650391 0.248438 0.619141 0.298438 0.712891 0.265625 0.744141
1 0.379688 0.326172 0.409375 0.335938 0.387500 0.460938 0.353125 0.449219
0 0.242188 0.265625 0.318750 0.330078 0.295312 0.371094 0.221875 0.308594
0 0.242188 0.095703 0.312500 0.150391 0.289062 0.191406 0.218750 0.130859
0 0.276562 0.019531 0.342187 0.072266 0.320312 0.113281 0.254688 0.058594
0 0.018750 0.000000 0.054688 0.000000 0.054688 0.072266 0.017188 0.074219
4 0.229687 0.509766 0.292187 0.556641 0.275000 0.587891 0.214062 0.542969
4 0.229687 0.404297 0.304688 0.478516 0.284375 0.513672 0.203125 0.439453
0 0.000000 0.542969 0.034375 0.542969 0.026562 0.666016 0.000000 0.662109
0 0.892188 0.019531 0.985938 0.019531 0.987500 0.072266 0.889062 0.070312
0 0.781250 0.166016 0.814063 0.167969 0.814063 0.275391 0.781250 0.275391
