0 0.356250 0.345703 0.392188 0.347656 0.392188 0.451172 0.359375 0.449219
0 0.932813 0.277344 0.978125 0.277344 0.978125 0.386719 0.934375 0.384766
0 0.701562 0.638672 0.798438 0.640625 0.796875 0.689453 0.703125 0.687500
0 0.417187 0.761719 0.515625 0.759766 0.515625 0.802734 0.417187 0.802734
0 0.060937 0.677734 0.150000 0.675781 0.151562 0.722656 0.059375 0.728516
0 0.346875 0.662109 0.434375 0.662109 0.434375 0.705078 0.346875 0.705078
0 0.720313 0.117188 0.754687 0.105469 0.778125 0.207031 0.743750 0.216797
0 0.698438 0.238281 0.732812 0.238281 0.735938 0.355469 0.701562 0.355469
0 0.653125 0.289062 0.685937 0.291016 0.690625 0.398438 0.653125 0.400391
0 0.556250 0.324219 0.590625 0.330078 0.589063 0.439453 0.551562 0.435547
0 0.309375 0.343750 0.339062 0.355469 0.323437 0.443359 0.290625 0.433594
0 0.253125 0.332031 0.289062 0.339844 0.270313 0.447266 0.235937 0.439453
0 0.200000 0.332031 0.235937 0.333984 0.221875 0.445312 0.184375 0.439453
0 0.129688 0.355469 0.160938 0.369141 0.129688 0.472656 0.095312 0.458984
0 0.414062 0.212891 0.501563 0.210938 0.501563 0.255859 0.415625 0.259766
0 0.303125 0.226562 0.395313 0.222656 0.396875 0.265625 0.304688 0.265625
4 0.200000 0.775391 0.267188 0.773438 0.267188 0.812500 0.196875 0.814453
2 0.696875 0.769531 0.800000 0.761719 0.800000 0.812500 0.695312 0.814453
