0 0.040625 0.794922 0.139063 0.792969 0.140625 0.839844 0.039062 0.841797
0 0.729688 0.386719 0.764062 0.384766 0.771875 0.500000 0.739062 0.501953
4 0.642188 0.701172 0.734375 0.701172 0.734375 0.748047 0.645312 0.748047
0 0.932813 0.384766 0.968750 0.398438 0.951562 0.507812 0.917188 0.498047
0 0.987500 0.376953 1.000000 0.390625 1.000000 0.507812 0.965625 0.492188
0 0.810937 0.378906 0.848437 0.384766 0.843750 0.501953 0.806250 0.496094
0 0.868750 0.396484 0.900000 0.396484 0.904687 0.501953 0.871875 0.503906
0 0.481250 0.371094 0.575000 0.367188 0.576562 0.412109 0.481250 0.416016
1 0.484375 0.423828 0.656250 0.417969 0.659375 0.480469 0.482812 0.482422
0 0.329688 0.259766 0.360938 0.259766 0.359375 0.357422 0.328125 0.355469
4 0.320312 0.720703 0.396875 0.724609 0.396875 0.763672 0.320312 0.759766
0 0.125000 0.427734 0.209375 0.423828 0.212500 0.468750 0.123438 0.468750
0 0.018750 0.412109 0.109375 0.410156 0.110937 0.455078 0.021875 0.455078
0 0.000000 0.341797 0.040625 0.343750 0.040625 0.382812 0.000000 0.380859
