0 0.120313 0.388672 0.151562 0.406250 0.121875 0.500000 0.090625 0.486328
0 0.365625 0.242188 0.398438 0.240234 0.400000 0.351562 0.367188 0.351562
0 0.421875 0.250000 0.457813 0.253906 0.454688 0.357422 0.418750 0.353516
0 0.535937 0.246094 0.570312 0.257812 0.546875 0.357422 0.515625 0.345703
0 0.537500 0.472656 0.609375 0.400391 0.631250 0.433594 0.559375 0.505859
0 0.620313 0.455078 0.710938 0.437500 0.714063 0.478516 0.626563 0.496094
3 0.898438 0.449219 1.000000 0.449219 1.000000 0.498047 0.898438 0.498047
0 0.515625 0.621094 0.603125 0.621094 0.603125 0.664062 0.514062 0.664062
0 0.390625 0.480469 0.421875 0.474609 0.435937 0.583984 0.401562 0.587891
0 0.331250 0.478516 0.362500 0.470703 0.371875 0.582031 0.339062 0.583984
0 0.270313 0.455078 0.295312 0.433594 0.317188 0.496094 0.293750 0.511719
0 0.262500 0.388672 0.292187 0.416016 0.234375 0.501953 0.206250 0.472656
0 0.000000 0.376953 0.034375 0.378906 0.028125 0.494141 0.000000 0.492188
0 0.046875 0.384766 0.081250 0.382812 0.079687 0.496094 0.042188 0.494141
4 0.759375 0.447266 0.879687 0.451172 0.879687 0.500000 0.759375 0.498047
4 0.482812 0.250000 0.514062 0.253906 0.512500 0.339844 0.482812 0.339844
