0 0.754687 0.421875 0.839063 0.404297 0.848437 0.449219 0.760938 0.468750
4 0.195312 0.732422 0.273438 0.753906 0.268750 0.792969 0.189062 0.775391
1 0.100000 0.539062 0.187500 0.558594 0.179688 0.605469 0.089063 0.585938
0 0.282813 0.406250 0.376563 0.417969 0.371875 0.462891 0.278125 0.451172
0 0.228125 0.564453 0.318750 0.589844 0.310937 0.634766 0.218750 0.607422
0 0.000000 0.511719 0.075000 0.537109 0.065625 0.578125 0.000000 0.550781
0 0.034375 0.597656 0.120313 0.621094 0.107813 0.671875 0.018750 0.648438
2 0.160938 0.623047 0.326562 0.654297 0.314063 0.726562 0.153125 0.689453
0 0.057813 0.695312 0.150000 0.716797 0.137500 0.763672 0.045312 0.740234
0 0.226562 0.837891 0.314063 0.859375 0.307812 0.900391 0.221875 0.876953
0 0.100000 0.785156 0.187500 0.810547 0.181250 0.853516 0.089063 0.826172
0 0.000000 0.771484 0.076563 0.794922 0.068750 0.835938 0.000000 0.810547
