0 0.126562 0.664062 0.209375 0.662109 0.210938 0.712891 0.123438 0.716797
0 0.009375 0.658203 0.101562 0.658203 0.098437 0.705078 0.009375 0.701172
2 0.067187 0.410156 0.170313 0.410156 0.171875 0.455078 0.068750 0.455078
4 0.325000 0.583984 0.401562 0.580078 0.403125 0.619141 0.325000 0.623047
2 0.271875 0.474609 0.437500 0.476562 0.437500 0.542969 0.270313 0.546875
0 0.135937 0.486328 0.221875 0.486328 0.221875 0.533203 0.134375 0.531250
0 0.000000 0.488281 0.089063 0.490234 0.085938 0.542969 0.000000 0.542969
0 0.043750 0.570312 0.143750 0.568359 0.142187 0.628906 0.040625 0.626953
0 0.179688 0.574219 0.273438 0.576172 0.271875 0.621094 0.179688 0.621094
0 0.364063 0.667969 0.460938 0.673828 0.457813 0.716797 0.360938 0.710938
0 0.232813 0.656250 0.323437 0.650391 0.325000 0.701172 0.234375 0.699219
2 0.196875 0.408203 0.285938 0.410156 0.285938 0.453125 0.195312 0.453125
0 0.326562 0.406250 0.420312 0.408203 0.417187 0.455078 0.326562 0.447266
