0 0.993750 0.425781 1.000000 0.441406 1.000000 0.548828 0.975000 0.535156
4 0.976562 0.835938 1.000000 0.839844 1.000000 0.929688 0.975000 0.927734
0 0.904687 0.923828 0.937500 0.923828 0.937500 1.000000 0.904687 1.000000
0 0.959375 0.000000 0.992188 0.000000 0.992188 0.044922 0.959375 0.044922
0 0.942187 0.365234 0.979688 0.365234 0.979688 0.478516 0.942187 0.478516
0 0.012500 0.714844 0.093750 0.716797 0.092188 0.759766 0.012500 0.757812
0 0.115625 0.798828 0.151562 0.798828 0.151562 0.908203 0.115625 0.906250
0 0.168750 0.796875 0.201563 0.796875 0.207813 0.902344 0.171875 0.900391
0 0.221875 0.808594 0.256250 0.808594 0.254688 0.910156 0.220312 0.910156
0 0.139063 0.728516 0.226562 0.732422 0.226562 0.775391 0.139063 0.771484
0 0.270313 0.732422 0.359375 0.734375 0.357812 0.775391 0.270313 0.775391
0 0.389062 0.750000 0.470313 0.750000 0.470313 0.789062 0.389062 0.789062
0 0.321875 0.802734 0.359375 0.800781 0.359375 0.908203 0.323437 0.910156
0 0.515625 0.837891 0.603125 0.851562 0.598437 0.898438 0.509375 0.878906
0 0.626563 0.800781 0.667188 0.804688 0.660937 0.919922 0.620313 0.917969
0 0.704688 0.849609 0.793750 0.847656 0.795312 0.892578 0.706250 0.890625
0 0.503125 0.748047 0.592187 0.744141 0.592187 0.789062 0.501563 0.789062
0 0.673438 0.742188 0.757812 0.742188 0.757812 0.794922 0.673438 0.794922
0 0.557813 0.662109 0.653125 0.666016 0.651563 0.716797 0.556250 0.716797
3 0.267188 0.642578 0.425000 0.644531 0.425000 0.705078 0.267188 0.699219
3 0.698438 0.570312 0.878125 0.603516 0.875000 0.658203 0.692187 0.630859
0 0.803125 0.380859 0.837500 0.380859 0.837500 0.480469 0.803125 0.484375
0 0.748437 0.423828 0.781250 0.410156 0.803125 0.513672 0.767188 0.525391
0 0.704688 0.396484 0.743750 0.388672 0.754687 0.509766 0.717187 0.519531
0 0.662500 0.392578 0.698438 0.390625 0.701562 0.482422 0.667188 0.484375
0 0.620313 0.386719 0.657813 0.382812 0.662500 0.486328 0.625000 0.486328
0 0.560937 0.378906 0.600000 0.376953 0.600000 0.494141 0.564063 0.496094
0 0.510938 0.382812 0.545312 0.382812 0.543750 0.500000 0.510938 0.500000
0 0.450000 0.390625 0.489063 0.388672 0.487500 0.505859 0.448437 0.501953
0 0.389062 0.384766 0.425000 0.384766 0.426563 0.505859 0.389062 0.501953
0 0.323437 0.392578 0.357812 0.394531 0.357812 0.501953 0.321875 0.501953
0 0.267188 0.400391 0.304688 0.400391 0.304688 0.511719 0.267188 0.507812
0 0.215625 0.371094 0.254688 0.373047 0.250000 0.480469 0.214062 0.478516
0 0.165625 0.357422 0.200000 0.359375 0.196875 0.468750 0.162500 0.466797
0 0.104688 0.367188 0.142187 0.367188 0.140625 0.470703 0.103125 0.466797
0 0.059375 0.365234 0.093750 0.367188 0.093750 0.476562 0.060937 0.474609
