0 0.554688 0.933594 0.579688 0.957031 0.542188 1.000000 0.514062 1.000000
0 0.373437 0.933594 0.412500 0.933594 0.412500 1.000000 0.373437 1.000000
0 0.459375 0.931641 0.493750 0.939453 0.484375 1.000000 0.450000 1.000000
0 0.021875 0.820312 0.054688 0.824219 0.048438 0.929688 0.015625 0.923828
0 0.054688 0.894531 0.085938 0.892578 0.085938 0.994141 0.053125 0.996094
0 0.118750 0.900391 0.151562 0.902344 0.145313 1.000000 0.112500 1.000000
0 0.175000 0.910156 0.212500 0.896484 0.232813 1.000000 0.193750 1.000000
4 0.590625 0.876953 0.620313 0.876953 0.625000 0.998047 0.595313 0.998047
0 0.267188 0.921875 0.300000 0.923828 0.298438 1.000000 0.267188 1.000000
0 0.317188 0.916016 0.353125 0.919922 0.345313 1.000000 0.312500 1.000000
0 0.943750 0.693359 1.000000 0.679688 1.000000 0.718750 0.948438 0.732422
0 0.962500 0.398438 0.998437 0.398438 0.998437 0.513672 0.964063 0.511719
0 0.310937 0.580078 0.401562 0.585938 0.398438 0.632812 0.309375 0.623047
