4 0.926562 0.900391 0.959375 0.906250 0.950000 0.988281 0.918750 0.986328
0 0.931250 0.445312 0.968750 0.451172 0.964063 0.564453 0.926562 0.562500
0 0.831250 0.503906 0.906250 0.443359 0.926562 0.482422 0.850000 0.542969
0 0.810937 0.794922 0.846875 0.798828 0.840625 0.902344 0.807813 0.902344
0 0.757812 0.787109 0.793750 0.791016 0.787500 0.906250 0.753125 0.902344
0 0.468750 0.798828 0.501563 0.796875 0.504687 0.898438 0.468750 0.896484
0 0.387500 0.763672 0.428125 0.769531 0.425000 0.880859 0.385937 0.878906
0 0.318750 0.753906 0.357812 0.757812 0.354687 0.869141 0.318750 0.865234
0 0.264062 0.750000 0.298438 0.750000 0.300000 0.859375 0.262500 0.857422
0 0.182812 0.740234 0.218750 0.742188 0.218750 0.855469 0.181250 0.853516
0 0.000000 0.726562 0.026562 0.720703 0.039062 0.828125 0.000000 0.835938
0 0.596875 0.662109 0.689063 0.671875 0.684375 0.724609 0.593750 0.716797
0 0.570312 0.365234 0.604688 0.371094 0.592187 0.480469 0.554688 0.474609
0 0.248438 0.365234 0.284375 0.369141 0.275000 0.472656 0.237500 0.466797
0 0.140625 0.349609 0.173437 0.355469 0.164062 0.464844 0.128125 0.457031
4 0.968750 0.833984 1.000000 0.839844 0.992188 0.941406 0.956250 0.937500
4 0.692187 0.804688 0.720313 0.804688 0.720313 0.886719 0.690625 0.884766
