4 0.732812 0.685547 0.834375 0.681641 0.834375 0.726562 0.734375 0.732422
4 0.728125 0.617188 0.834375 0.611328 0.835938 0.660156 0.728125 0.664062
0 0.582812 0.001953 0.618750 0.005859 0.614062 0.125000 0.578125 0.123047
4 0.735938 0.544922 0.835938 0.542969 0.839063 0.583984 0.737500 0.589844
4 0.726562 0.414062 0.832812 0.398438 0.835938 0.443359 0.731250 0.458984
4 0.523438 0.158203 0.618750 0.156250 0.621875 0.205078 0.521875 0.201172
4 0.525000 0.222656 0.620313 0.224609 0.620313 0.271484 0.528125 0.269531
4 0.517188 0.292969 0.609375 0.294922 0.610938 0.339844 0.515625 0.337891
4 0.507812 0.361328 0.612500 0.365234 0.609375 0.408203 0.509375 0.404297
4 0.707812 0.017578 0.809375 0.009766 0.810937 0.058594 0.710938 0.064453
4 0.501563 0.425781 0.607812 0.433594 0.609375 0.478516 0.501563 0.474609
4 0.507812 0.566406 0.612500 0.564453 0.610938 0.607422 0.509375 0.609375
4 0.506250 0.636719 0.604688 0.636719 0.604688 0.677734 0.506250 0.677734
4 0.504687 0.771484 0.606250 0.769531 0.606250 0.820312 0.507812 0.820312
4 0.504687 0.841797 0.606250 0.837891 0.606250 0.886719 0.504687 0.888672
4 0.500000 0.908203 0.603125 0.906250 0.601562 0.951172 0.501563 0.957031
4 0.501563 0.976562 0.603125 0.978516 0.603125 1.000000 0.501563 1.000000
4 0.743750 0.949219 0.846875 0.943359 0.850000 0.990234 0.746875 0.996094
4 0.740625 0.884766 0.842187 0.882812 0.845313 0.925781 0.742188 0.931641
4 0.739062 0.816406 0.842187 0.814453 0.845313 0.857422 0.737500 0.863281
4 0.732812 0.746094 0.835938 0.742188 0.839063 0.787109 0.734375 0.791016
