0 0.635938 0.681641 0.673438 0.679688 0.675000 0.785156 0.635938 0.783203
0 0.714063 0.488281 0.753125 0.482422 0.759375 0.595703 0.714063 0.599609
0 0.773438 0.310547 0.814063 0.310547 0.817187 0.416016 0.775000 0.416016
0 0.629687 0.136719 0.667188 0.132812 0.671875 0.244141 0.628125 0.244141
0 0.692187 0.099609 0.731250 0.095703 0.740625 0.205078 0.696875 0.207031
0 0.237500 0.011719 0.279687 0.009766 0.281250 0.119141 0.237500 0.117188
0 0.820312 0.000000 0.851562 0.000000 0.840625 0.087891 0.806250 0.078125
0 0.160938 0.201172 0.193750 0.197266 0.192188 0.310547 0.156250 0.310547
3 0.204687 0.417969 0.253125 0.416016 0.251563 0.642578 0.198437 0.638672
0 0.142187 0.000000 0.176563 0.000000 0.176563 0.050781 0.142187 0.050781
3 0.275000 0.261719 0.331250 0.261719 0.328125 0.548828 0.270313 0.548828
0 0.118750 0.523438 0.148438 0.521484 0.150000 0.632812 0.117188 0.630859
0 0.132812 0.791016 0.167187 0.791016 0.168750 0.912109 0.131250 0.912109
