0 0.084375 0.648438 0.198437 0.638672 0.201563 0.699219 0.084375 0.710938
0 0.015625 0.541016 0.128125 0.539062 0.129688 0.599609 0.015625 0.605469
4 0.401562 0.625000 0.515625 0.617188 0.517188 0.677734 0.403125 0.685547
0 0.254688 0.281250 0.360938 0.316406 0.345313 0.371094 0.237500 0.335938
3 0.048438 0.343750 0.293750 0.335938 0.301563 0.429688 0.053125 0.449219
2 0.537500 0.351562 0.657813 0.341797 0.662500 0.398438 0.545312 0.412109
0 0.696875 0.345703 0.790625 0.335938 0.796875 0.390625 0.700000 0.402344
0 0.845313 0.335938 0.946875 0.322266 0.953125 0.380859 0.846875 0.396484
0 0.890625 0.503906 0.995313 0.486328 1.000000 0.544922 0.895312 0.558594
0 0.923438 0.591797 1.000000 0.566406 1.000000 0.621094 0.929688 0.640625
0 0.910937 0.683594 1.000000 0.648438 1.000000 0.701172 0.921875 0.736328
0 1.000000 0.730469 1.000000 0.773438 0.981250 0.837891 0.956250 0.785156
0 0.854688 0.789062 0.940625 0.765625 0.948438 0.818359 0.860938 0.837891
0 0.787500 0.691406 0.887500 0.673828 0.900000 0.734375 0.800000 0.755859
0 0.750000 0.601562 0.862500 0.585938 0.865625 0.638672 0.754687 0.654297
0 0.712500 0.505859 0.823438 0.488281 0.831250 0.552734 0.723437 0.568359
0 0.559375 0.515625 0.670312 0.503906 0.670312 0.560547 0.564063 0.570312
2 0.543750 0.609375 0.693750 0.595703 0.696875 0.667969 0.550000 0.681641
0 0.643750 0.705078 0.759375 0.685547 0.765625 0.746094 0.646875 0.761719
0 0.721875 0.796875 0.826562 0.771484 0.839063 0.835938 0.731250 0.857422
0 0.559375 0.814453 0.676562 0.806641 0.678125 0.873047 0.560937 0.880859
0 0.498437 0.714844 0.604688 0.714844 0.607812 0.779297 0.496875 0.783203
0 0.367188 0.527344 0.485938 0.517578 0.489063 0.585938 0.368750 0.597656
0 0.206250 0.531250 0.312500 0.515625 0.321875 0.574219 0.214062 0.585938
0 0.243750 0.630859 0.360938 0.625000 0.362500 0.687500 0.243750 0.697266
0 0.326562 0.716797 0.443750 0.714844 0.448437 0.779297 0.326562 0.785156
0 0.420312 0.826172 0.539062 0.818359 0.540625 0.876953 0.420312 0.884766
0 0.275000 0.837891 0.390625 0.832031 0.390625 0.884766 0.276562 0.894531
0 0.000000 0.869141 0.067187 0.867188 0.070312 0.929688 0.000000 0.931641
0 0.114062 0.855469 0.231250 0.845703 0.235937 0.910156 0.112500 0.916016
0 0.000000 0.750000 0.109375 0.748047 0.110937 0.800781 0.000000 0.810547
0 0.139063 0.740234 0.256250 0.730469 0.257812 0.789062 0.140625 0.796875
