0 0.732812 0.507812 0.845313 0.503906 0.853125 0.564453 0.739062 0.572266
0 0.854688 0.417969 0.968750 0.410156 0.973437 0.464844 0.859375 0.478516
0 0.704688 0.427734 0.815625 0.419922 0.821875 0.478516 0.710938 0.492188
0 0.595313 0.744141 0.690625 0.679688 0.714063 0.732422 0.617188 0.802734
0 0.476562 0.744141 0.573438 0.718750 0.585938 0.781250 0.487500 0.804688
0 0.545312 0.630859 0.673438 0.597656 0.684375 0.656250 0.557813 0.689453
0 0.537500 0.445312 0.653125 0.433594 0.657813 0.492188 0.542188 0.505859
0 0.340625 0.742188 0.456250 0.726562 0.462500 0.792969 0.346875 0.810547
0 0.420312 0.642578 0.523438 0.621094 0.532813 0.687500 0.425000 0.703125
0 0.385937 0.537109 0.501563 0.529297 0.506250 0.591797 0.385937 0.599609
0 0.350000 0.439453 0.462500 0.437500 0.465625 0.498047 0.353125 0.509766
0 0.170313 0.757812 0.292187 0.753906 0.293750 0.822266 0.170313 0.828125
0 0.267188 0.644531 0.392188 0.634766 0.398438 0.701172 0.267188 0.708984
0 0.110937 0.662109 0.221875 0.658203 0.218750 0.728516 0.107813 0.728516
2 0.164062 0.546875 0.317188 0.541016 0.320312 0.611328 0.168750 0.626953
0 0.187500 0.439453 0.300000 0.435547 0.301563 0.494141 0.189062 0.505859
0 0.021875 0.769531 0.139063 0.763672 0.140625 0.830078 0.018750 0.832031
0 0.000000 0.458984 0.109375 0.455078 0.107813 0.525391 0.000000 0.525391
0 0.885938 0.242188 0.998437 0.236328 1.000000 0.291016 0.887500 0.298828
0 0.339062 0.279297 0.445312 0.271484 0.450000 0.333984 0.345313 0.337891
0 0.514062 0.263672 0.628125 0.259766 0.631250 0.314453 0.518750 0.328125
4 0.006250 0.554688 0.126562 0.550781 0.125000 0.617188 0.007812 0.623047
0 0.653125 0.263672 0.764062 0.253906 0.768750 0.310547 0.656250 0.320312
2 0.117188 0.281250 0.239063 0.273438 0.240625 0.335938 0.118750 0.343750
4 0.560937 0.529297 0.667188 0.523438 0.667188 0.580078 0.562500 0.591797
0 0.832812 0.707031 0.950000 0.701172 0.956250 0.769531 0.839063 0.775391
0 0.728125 0.728516 0.837500 0.710938 0.840625 0.771484 0.734375 0.789062
0 0.879687 0.628906 0.970313 0.626953 0.975000 0.679688 0.882812 0.689453
0 0.721875 0.644531 0.853125 0.613281 0.862500 0.677734 0.737500 0.712891
0 0.909375 0.505859 1.000000 0.500000 1.000000 0.548828 0.912500 0.568359
