0 0.000000 0.490234 0.109375 0.486328 0.109375 0.554688 0.000000 0.556641
0 0.287500 0.378906 0.418750 0.373047 0.425000 0.445312 0.289062 0.457031
0 0.645312 0.566406 0.765625 0.554688 0.776563 0.623047 0.646875 0.634766
0 0.607812 0.466797 0.725000 0.453125 0.735938 0.517578 0.612500 0.533203
0 0.842187 0.570312 0.940625 0.562500 0.945312 0.625000 0.843750 0.638672
0 0.779687 0.460938 0.909375 0.453125 0.914062 0.521484 0.787500 0.533203
0 0.831250 0.359375 0.946875 0.353516 0.953125 0.419922 0.837500 0.429688
0 0.600000 0.355469 0.725000 0.351562 0.728125 0.423828 0.600000 0.423828
0 0.090625 0.593750 0.218750 0.593750 0.225000 0.660156 0.093750 0.667969
0 0.278125 0.597656 0.417187 0.597656 0.420312 0.664062 0.281250 0.671875
0 0.207813 0.488281 0.350000 0.484375 0.351562 0.562500 0.210938 0.566406
0 0.471875 0.583984 0.598437 0.578125 0.603125 0.642578 0.471875 0.652344
0 0.412500 0.484375 0.543750 0.478516 0.550000 0.537109 0.414062 0.554688
0 0.000000 0.279297 0.090625 0.273438 0.089063 0.341797 0.000000 0.343750
0 0.059375 0.373047 0.162500 0.367188 0.168750 0.425781 0.062500 0.435547
