0 0.023438 0.341797 0.148438 0.333984 0.153125 0.402344 0.023438 0.414062
0 0.237500 0.302734 0.367188 0.292969 0.371875 0.361328 0.242188 0.371094
0 0.485938 0.312500 0.606250 0.308594 0.610938 0.373047 0.485938 0.380859
0 0.525000 0.421875 0.653125 0.410156 0.656250 0.488281 0.528125 0.500000
0 0.598437 0.533203 0.734375 0.529297 0.735938 0.595703 0.603125 0.601562
0 0.846875 0.498047 0.959375 0.500000 0.965625 0.560547 0.850000 0.572266
2 0.690625 0.392578 0.856250 0.388672 0.862500 0.472656 0.700000 0.484375
0 0.759375 0.408203 0.856250 0.390625 0.862500 0.453125 0.759375 0.472656
0 0.870313 0.396484 0.975000 0.394531 0.978125 0.458984 0.870313 0.470703
0 0.946875 0.304688 1.000000 0.302734 1.000000 0.365234 0.946875 0.369141
1 0.893750 0.187500 1.000000 0.171875 1.000000 0.244141 0.900000 0.255859
0 0.279687 0.197266 0.395313 0.197266 0.398438 0.259766 0.279687 0.259766
0 0.067187 0.044922 0.181250 0.041016 0.182812 0.099609 0.064062 0.107422
0 0.096875 0.445312 0.223438 0.443359 0.223438 0.521484 0.093750 0.523438
0 0.000000 0.562500 0.084375 0.552734 0.084375 0.625000 0.000000 0.636719
0 0.167187 0.539062 0.275000 0.537109 0.273438 0.601562 0.167187 0.607422
0 0.381250 0.521484 0.506250 0.517578 0.507812 0.587891 0.379688 0.591797
0 0.331250 0.431641 0.464062 0.425781 0.464062 0.496094 0.331250 0.505859
