0 0.451562 0.357422 0.490625 0.353516 0.500000 0.478516 0.459375 0.478516
0 0.392188 0.359375 0.431250 0.357422 0.434375 0.472656 0.395313 0.476562
0 0.265625 0.535156 0.300000 0.531250 0.309375 0.644531 0.271875 0.646484
0 0.332813 0.574219 0.371875 0.574219 0.378125 0.691406 0.335938 0.695312
0 0.398438 0.541016 0.435937 0.542969 0.443750 0.666016 0.400000 0.667969
0 0.470313 0.542969 0.500000 0.537109 0.512500 0.648438 0.475000 0.654297
0 0.539062 0.599609 0.578125 0.591797 0.589063 0.714844 0.548438 0.724609
0 0.484375 0.712891 0.517188 0.705078 0.528125 0.818359 0.490625 0.826172
0 0.118750 0.855469 0.153125 0.880859 0.098437 0.992188 0.060937 0.966797
0 0.925000 0.953125 0.950000 0.921875 1.000000 1.000000 0.989062 1.000000
0 0.764062 0.312500 0.795312 0.302734 0.812500 0.406250 0.778125 0.414062
0 0.889062 0.375000 0.921875 0.373047 0.934375 0.476562 0.895312 0.476562
0 0.932813 0.253906 0.968750 0.250000 0.973437 0.357422 0.937500 0.357422
0 0.923438 0.113281 0.959375 0.109375 0.975000 0.205078 0.935937 0.208984
0 0.325000 0.433594 0.359375 0.433594 0.362500 0.533203 0.326562 0.539062
0 0.237500 0.000000 0.271875 0.000000 0.275000 0.058594 0.239063 0.058594
0 0.310937 0.000000 0.342187 0.000000 0.348438 0.074219 0.312500 0.078125
3 0.234375 0.058594 0.282813 0.056641 0.296875 0.310547 0.242188 0.316406
0 0.307812 0.101562 0.345313 0.097656 0.351562 0.212891 0.309375 0.212891
0 0.381250 0.091797 0.417187 0.089844 0.421875 0.195312 0.382812 0.197266
0 0.375000 0.000000 0.409375 0.000000 0.414062 0.050781 0.376563 0.054688
0 0.495312 0.000000 0.526563 0.000000 0.534375 0.068359 0.501563 0.072266
0 0.448437 0.072266 0.478125 0.070312 0.485938 0.175781 0.451562 0.177734
0 0.379688 0.230469 0.415625 0.228516 0.423438 0.335938 0.382812 0.335938
0 0.514062 0.142578 0.548438 0.138672 0.559375 0.251953 0.525000 0.253906
0 0.451562 0.218750 0.487500 0.212891 0.492188 0.326172 0.456250 0.324219
2 0.507812 0.324219 0.567187 0.320312 0.575000 0.537109 0.525000 0.542969
4 0.875000 0.046875 0.912500 0.044922 0.918750 0.150391 0.881250 0.154297
4 0.320312 0.255859 0.362500 0.253906 0.368750 0.402344 0.323437 0.406250
4 0.184375 0.400391 0.217188 0.392578 0.223438 0.501953 0.193750 0.505859
4 0.256250 0.363281 0.293750 0.359375 0.298438 0.478516 0.260937 0.486328
