4 0.220312 0.777344 0.254688 0.777344 0.254688 0.875000 0.221875 0.873047
4 0.218750 0.083984 0.259375 0.082031 0.257812 0.226562 0.217188 0.224609
4 0.356250 0.677734 0.392188 0.677734 0.393750 0.783203 0.359375 0.787109
4 0.287500 0.755859 0.328125 0.755859 0.328125 0.865234 0.289062 0.867188
0 0.929688 0.900391 0.978125 0.906250 0.979688 1.000000 0.931250 1.000000
0 0.620313 0.916016 0.659375 0.916016 0.659375 1.000000 0.625000 1.000000
0 0.284375 0.908203 0.317188 0.906250 0.317188 1.000000 0.284375 1.000000
0 0.217188 0.902344 0.254688 0.902344 0.254688 1.000000 0.218750 1.000000
2 0.346875 0.861328 0.404687 0.861328 0.404687 1.000000 0.353125 1.000000
0 0.490625 0.751953 0.526563 0.751953 0.532813 0.876953 0.493750 0.880859
0 0.218750 0.687500 0.251563 0.685547 0.253125 0.757812 0.220312 0.757812
0 0.281250 0.583984 0.318750 0.582031 0.321875 0.712891 0.284375 0.714844
0 0.415625 0.625000 0.457813 0.626953 0.459375 0.742188 0.415625 0.740234
0 0.470313 0.513672 0.506250 0.513672 0.514062 0.625000 0.476562 0.625000
0 0.346875 0.517578 0.387500 0.517578 0.387500 0.623047 0.350000 0.625000
0 0.212500 0.500000 0.253125 0.498047 0.251563 0.611328 0.212500 0.615234
0 0.290625 0.425781 0.329688 0.427734 0.331250 0.539062 0.293750 0.541016
0 0.357812 0.384766 0.392188 0.384766 0.392188 0.453125 0.359375 0.453125
0 0.417187 0.298828 0.457813 0.298828 0.457813 0.416016 0.415625 0.416016
0 0.214062 0.361328 0.251563 0.363281 0.250000 0.472656 0.215625 0.474609
0 0.287500 0.285156 0.323437 0.285156 0.325000 0.388672 0.287500 0.392578
0 0.350000 0.214844 0.393750 0.218750 0.395313 0.333984 0.353125 0.332031
0 0.221875 0.250000 0.254688 0.250000 0.259375 0.355469 0.221875 0.349609
0 0.128125 0.244141 0.168750 0.242188 0.170313 0.355469 0.129688 0.355469
0 0.353125 0.070312 0.389062 0.066406 0.389062 0.171875 0.354687 0.171875
3 0.273438 0.011719 0.328125 0.011719 0.328125 0.251953 0.273438 0.253906
0 0.223438 0.000000 0.254688 0.000000 0.254688 0.064453 0.223438 0.064453
