0 0.125000 0.144531 0.160938 0.140625 0.165625 0.246094 0.129688 0.251953
4 0.185938 0.691406 0.223438 0.695312 0.218750 0.796875 0.181250 0.798828
0 0.207813 0.000000 0.243750 0.000000 0.239063 0.042969 0.206250 0.042969
4 0.053125 0.617188 0.089063 0.617188 0.092188 0.728516 0.054688 0.726562
4 0.279687 0.330078 0.317188 0.328125 0.314063 0.439453 0.275000 0.439453
4 0.512500 0.031250 0.553125 0.033203 0.554688 0.142578 0.515625 0.142578
4 0.296875 0.023438 0.326562 0.011719 0.345313 0.107422 0.314063 0.117188
0 0.207813 0.355469 0.243750 0.353516 0.250000 0.472656 0.209375 0.470703
0 0.337500 0.000000 0.376563 0.000000 0.375000 0.033203 0.339062 0.039062
3 0.110937 0.339844 0.168750 0.343750 0.167187 0.634766 0.106250 0.636719
0 0.270313 0.087891 0.296875 0.072266 0.317188 0.136719 0.285938 0.150391
0 0.339062 0.140625 0.379688 0.140625 0.379688 0.244141 0.340625 0.242188
0 0.256250 0.179688 0.300000 0.177734 0.300000 0.291016 0.256250 0.291016
0 0.340625 0.464844 0.378125 0.466797 0.375000 0.574219 0.339062 0.574219
0 0.270313 0.548828 0.312500 0.546875 0.314063 0.656250 0.275000 0.658203
0 0.203125 0.548828 0.235937 0.552734 0.235937 0.656250 0.200000 0.652344
0 0.129688 0.720703 0.167187 0.716797 0.170313 0.832031 0.129688 0.833984
0 0.253125 0.755859 0.290625 0.744141 0.306250 0.867188 0.265625 0.880859
0 0.203125 0.853516 0.242188 0.849609 0.240625 0.972656 0.203125 0.970703
0 0.273438 0.910156 0.314063 0.908203 0.312500 1.000000 0.278125 1.000000
0 0.195312 0.208984 0.229687 0.207031 0.234375 0.302734 0.196875 0.304688
