0 0.153125 0.777344 0.196875 0.777344 0.195312 0.908203 0.153125 0.908203
0 0.034375 0.332031 0.073438 0.332031 0.073438 0.441406 0.032813 0.441406
0 0.245312 0.402344 0.287500 0.402344 0.282813 0.523438 0.242188 0.523438
0 0.231250 0.601562 0.264062 0.585938 0.298438 0.685547 0.260937 0.703125
0 0.096875 0.626953 0.137500 0.625000 0.134375 0.736328 0.096875 0.734375
0 0.034375 0.546875 0.081250 0.550781 0.075000 0.675781 0.031250 0.671875
0 0.000000 0.724609 0.037500 0.720703 0.045312 0.835938 0.003125 0.841797
2 0.082812 0.769531 0.142187 0.773438 0.137500 0.933594 0.081250 0.935547
0 0.181250 0.199219 0.210938 0.179688 0.243750 0.271484 0.209375 0.289062
0 0.250000 0.792969 0.289062 0.777344 0.310937 0.890625 0.265625 0.912109
0 0.307812 0.945312 0.350000 0.947266 0.350000 1.000000 0.309375 1.000000
0 0.859375 0.787109 0.907813 0.789062 0.896875 0.912109 0.857812 0.908203
0 0.742188 0.246094 0.781250 0.248047 0.776563 0.361328 0.742188 0.359375
4 0.296875 0.117188 0.340625 0.117188 0.339062 0.230469 0.296875 0.230469
4 0.100000 0.222656 0.134375 0.226562 0.120313 0.324219 0.090625 0.322266
4 0.860938 0.050781 0.895312 0.048828 0.898438 0.162109 0.860938 0.158203
0 0.182812 0.021484 0.214062 0.027344 0.200000 0.134766 0.162500 0.121094
0 0.348438 0.158203 0.378125 0.156250 0.381250 0.267578 0.348438 0.265625
0 0.240625 0.230469 0.273438 0.212891 0.303125 0.308594 0.264062 0.324219
