0 0.125000 0.667969 0.220312 0.669922 0.220312 0.722656 0.126562 0.722656
0 0.145313 0.750000 0.242188 0.750000 0.242188 0.808594 0.143750 0.808594
0 0.843750 0.171875 0.881250 0.175781 0.867188 0.300781 0.821875 0.285156
0 0.715625 0.576172 0.754687 0.580078 0.743750 0.705078 0.701562 0.699219
0 0.901563 0.605469 0.993750 0.599609 0.996875 0.650391 0.906250 0.658203
0 0.871875 0.699219 0.956250 0.689453 0.959375 0.742188 0.873437 0.748047
0 0.346875 0.679688 0.442188 0.679688 0.442188 0.734375 0.348438 0.738281
0 0.371875 0.595703 0.459375 0.597656 0.459375 0.648438 0.378125 0.650391
3 0.242188 0.035156 0.293750 0.056641 0.220312 0.292969 0.156250 0.277344
0 0.184375 0.332031 0.215625 0.345703 0.178125 0.451172 0.140625 0.439453
0 0.175000 0.552734 0.265625 0.548828 0.265625 0.605469 0.179688 0.611328
0 0.029687 0.462891 0.123438 0.478516 0.120313 0.521484 0.023438 0.509766
0 0.000000 0.587891 0.071875 0.591797 0.070312 0.648438 0.000000 0.644531
