0 0.353125 0.183594 0.382812 0.195312 0.357812 0.271484 0.325000 0.257812
0 0.396875 0.478516 0.431250 0.494141 0.396875 0.587891 0.365625 0.568359
0 0.332813 0.646484 0.362500 0.660156 0.332813 0.746094 0.300000 0.732422
0 0.239063 0.687500 0.270313 0.705078 0.235937 0.808594 0.198437 0.787109
0 0.345313 0.816406 0.379688 0.832031 0.351562 0.935547 0.312500 0.921875
0 0.956250 0.000000 0.982812 0.000000 0.965625 0.074219 0.934375 0.060547
0 0.860938 0.802734 0.896875 0.816406 0.871875 0.912109 0.835938 0.896484
0 0.725000 0.765625 0.762500 0.779297 0.735938 0.867188 0.701562 0.857422
0 0.657813 0.726562 0.700000 0.744141 0.660937 0.849609 0.628125 0.830078
0 0.901563 0.193359 0.931250 0.201172 0.910937 0.289062 0.878125 0.275391
0 0.839063 0.187500 0.868750 0.197266 0.848437 0.285156 0.814063 0.271484
0 0.920312 0.335938 0.953125 0.351562 0.929688 0.435547 0.895312 0.423828
0 0.818750 0.468750 0.853125 0.478516 0.826562 0.574219 0.793750 0.558594
0 0.606250 0.087891 0.640625 0.111328 0.610938 0.203125 0.575000 0.185547
0 0.753125 0.445312 0.787500 0.462891 0.759375 0.552734 0.721875 0.537109
0 0.923438 0.591797 0.957812 0.611328 0.928125 0.701172 0.895312 0.683594
0 0.495312 0.384766 0.525000 0.398438 0.500000 0.486328 0.464062 0.470703
0 0.842187 0.578125 0.875000 0.591797 0.848437 0.687500 0.814063 0.669922
4 0.539062 0.062500 0.568750 0.076172 0.539062 0.158203 0.512500 0.144531
0 0.448437 0.048828 0.479687 0.060547 0.451562 0.148438 0.418750 0.132812
0 0.406250 0.224609 0.439063 0.250000 0.406250 0.347656 0.370312 0.330078
