0 0.050000 0.474609 0.092188 0.474609 0.078125 0.587891 0.035937 0.587891
0 0.098437 0.750000 0.132812 0.755859 0.126562 0.863281 0.085938 0.855469
0 0.162500 0.783203 0.204687 0.785156 0.189062 0.917969 0.153125 0.912109
0 0.648438 0.886719 0.689063 0.880859 0.684375 0.996094 0.645312 0.996094
0 0.551562 0.880859 0.587500 0.867188 0.615625 0.980469 0.578125 0.996094
0 0.451562 0.718750 0.489063 0.714844 0.482812 0.837891 0.443750 0.835938
0 0.598437 0.763672 0.632812 0.761719 0.628125 0.859375 0.590625 0.857422
0 0.671875 0.693359 0.710938 0.693359 0.706250 0.800781 0.665625 0.792969
0 0.767188 0.691406 0.806250 0.693359 0.796875 0.796875 0.759375 0.785156
0 0.603125 0.576172 0.640625 0.578125 0.640625 0.685547 0.604688 0.683594
0 0.537500 0.529297 0.576562 0.533203 0.570312 0.628906 0.534375 0.630859
0 0.742188 0.490234 0.775000 0.494141 0.770312 0.587891 0.737500 0.582031
0 0.682813 0.433594 0.718750 0.431641 0.718750 0.550781 0.679688 0.554688
0 0.610938 0.392578 0.651563 0.394531 0.646875 0.503906 0.609375 0.500000
0 0.546875 0.281250 0.587500 0.281250 0.579688 0.375000 0.540625 0.373047
0 0.684375 0.291016 0.720313 0.287109 0.720313 0.392578 0.681250 0.390625
0 0.787500 0.261719 0.825000 0.259766 0.829688 0.371094 0.790625 0.373047
0 0.681250 0.138672 0.720313 0.134766 0.718750 0.240234 0.679688 0.236328
0 0.615625 0.218750 0.648438 0.212891 0.645312 0.283203 0.612500 0.287109
0 0.482812 0.234375 0.517188 0.234375 0.510938 0.328125 0.481250 0.326172
0 0.551562 0.097656 0.590625 0.097656 0.589063 0.199219 0.546875 0.197266
0 0.629687 0.076172 0.662500 0.076172 0.657813 0.177734 0.626563 0.171875
0 0.564063 0.000000 0.603125 0.000000 0.596875 0.072266 0.559375 0.072266
0 0.789062 0.000000 0.820312 0.000000 0.828125 0.099609 0.793750 0.101562
0 0.696875 0.000000 0.731250 0.000000 0.732812 0.099609 0.693750 0.097656
