0 0.506250 0.923828 0.546875 0.919922 0.543750 1.000000 0.506250 1.000000
0 0.581250 0.771484 0.617188 0.767578 0.621875 0.859375 0.581250 0.863281
0 0.639062 0.796875 0.678125 0.794922 0.678125 0.906250 0.637500 0.908203
0 0.726562 0.785156 0.771875 0.783203 0.767188 0.906250 0.723437 0.902344
0 0.428125 0.615234 0.470313 0.615234 0.470313 0.740234 0.431250 0.742188
0 0.496875 0.656250 0.535937 0.644531 0.557813 0.755859 0.520312 0.769531
0 0.582812 0.580078 0.618750 0.582031 0.621875 0.691406 0.579688 0.689453
0 0.654687 0.601562 0.695312 0.599609 0.693750 0.703125 0.654687 0.703125
0 0.653125 0.433594 0.692187 0.429688 0.695312 0.550781 0.653125 0.552734
0 0.581250 0.394531 0.617188 0.396484 0.618750 0.507812 0.585938 0.505859
0 0.514062 0.404297 0.551562 0.400391 0.548438 0.503906 0.517188 0.503906
0 0.443750 0.218750 0.479687 0.216797 0.479687 0.320312 0.443750 0.322266
0 0.512500 0.250000 0.548438 0.250000 0.546875 0.339844 0.507812 0.339844
0 0.579688 0.216797 0.614062 0.218750 0.610938 0.285156 0.576562 0.281250
0 0.651563 0.285156 0.687500 0.285156 0.687500 0.386719 0.654687 0.390625
0 0.757812 0.316406 0.795312 0.316406 0.792188 0.408203 0.759375 0.404297
0 0.715625 0.158203 0.748437 0.156250 0.753125 0.240234 0.718750 0.246094
0 0.639062 0.136719 0.682813 0.134766 0.681250 0.238281 0.643750 0.236328
0 0.512500 0.105469 0.550000 0.105469 0.548438 0.201172 0.512500 0.208984
0 0.650000 0.000000 0.689063 0.000000 0.690625 0.093750 0.650000 0.093750
0 0.590625 0.000000 0.625000 0.000000 0.621875 0.052734 0.589063 0.046875
0 0.520312 0.000000 0.554688 0.000000 0.553125 0.083984 0.517188 0.082031
0 0.587500 0.080078 0.620313 0.082031 0.620313 0.179688 0.582812 0.179688
