0 0.493750 0.607422 0.529687 0.609375 0.529687 0.712891 0.492188 0.716797
0 0.045312 0.128906 0.081250 0.130859 0.073438 0.226562 0.037500 0.226562
0 0.173437 0.091797 0.215625 0.089844 0.210938 0.193359 0.170313 0.193359
0 0.407813 0.814453 0.450000 0.812500 0.451562 0.949219 0.406250 0.951172
0 0.473438 0.765625 0.509375 0.761719 0.521875 0.884766 0.481250 0.890625
0 0.560937 0.800781 0.596875 0.798828 0.600000 0.921875 0.562500 0.917969
0 0.632812 0.818359 0.673438 0.816406 0.676562 0.925781 0.632812 0.925781
0 0.695312 0.835938 0.734375 0.832031 0.740625 0.949219 0.700000 0.955078
0 0.635938 0.650391 0.675000 0.650391 0.676562 0.773438 0.639062 0.773438
0 0.564063 0.558594 0.601562 0.560547 0.601562 0.675781 0.562500 0.677734
0 0.710938 0.548828 0.753125 0.544922 0.753125 0.667969 0.707812 0.667969
0 0.634375 0.494141 0.673438 0.496094 0.671875 0.601562 0.631250 0.605469
0 0.493750 0.457031 0.532813 0.457031 0.528125 0.550781 0.481250 0.552734
0 0.417187 0.394531 0.454688 0.394531 0.453125 0.509766 0.418750 0.511719
0 0.560937 0.419922 0.593750 0.417969 0.590625 0.486328 0.560937 0.488281
0 0.492188 0.304688 0.529687 0.304688 0.526563 0.410156 0.492188 0.414062
0 0.626563 0.339844 0.662500 0.337891 0.664062 0.441406 0.629687 0.447266
0 0.567187 0.273438 0.603125 0.277344 0.600000 0.382812 0.567187 0.380859
0 0.498437 0.175781 0.535937 0.175781 0.532813 0.279297 0.496875 0.277344
0 0.571875 0.142578 0.606250 0.142578 0.604688 0.248047 0.570312 0.244141
0 0.632812 0.189453 0.673438 0.191406 0.673438 0.291016 0.635938 0.292969
0 0.726562 0.187500 0.760938 0.185547 0.768750 0.275391 0.731250 0.277344
0 0.631250 0.052734 0.668750 0.052734 0.670312 0.154297 0.631250 0.152344
0 0.570312 0.021484 0.609375 0.023438 0.604688 0.123047 0.568750 0.123047
0 0.503125 0.052734 0.540625 0.052734 0.540625 0.146484 0.506250 0.150391
0 0.434375 0.027344 0.471875 0.027344 0.468750 0.126953 0.431250 0.126953
