0 0.620313 0.855469 0.653125 0.853516 0.659375 0.970703 0.620313 0.970703
0 0.542188 0.882812 0.581250 0.880859 0.582812 0.982422 0.543750 0.984375
0 0.382812 0.892578 0.426563 0.890625 0.423438 1.000000 0.382812 1.000000
0 0.462500 0.757812 0.503125 0.757812 0.501563 0.873047 0.464062 0.869141
0 0.540625 0.720703 0.581250 0.720703 0.581250 0.830078 0.539062 0.832031
0 0.679688 0.464844 0.710938 0.462891 0.712500 0.533203 0.679688 0.533203
3 0.600000 0.468750 0.659375 0.468750 0.662500 0.767578 0.606250 0.771484
0 0.464062 0.601562 0.504687 0.601562 0.507812 0.718750 0.465625 0.714844
0 0.529687 0.570312 0.568750 0.564453 0.571875 0.689453 0.534375 0.693359
0 0.467187 0.474609 0.504687 0.472656 0.506250 0.574219 0.470313 0.576172
0 0.532813 0.419922 0.571875 0.417969 0.573438 0.525391 0.534375 0.529297
0 0.401562 0.378906 0.434375 0.380859 0.435937 0.486328 0.401562 0.484375
0 0.467187 0.349609 0.500000 0.345703 0.504687 0.457031 0.467187 0.455078
0 0.607812 0.208984 0.639062 0.205078 0.643750 0.304688 0.607812 0.304688
0 0.535937 0.185547 0.575000 0.183594 0.575000 0.291016 0.539062 0.291016
0 0.465625 0.199219 0.500000 0.197266 0.504687 0.302734 0.464062 0.300781
0 0.401562 0.164062 0.440625 0.164062 0.440625 0.281250 0.400000 0.279297
0 0.598437 0.062500 0.632812 0.062500 0.639062 0.160156 0.600000 0.158203
0 0.532813 0.027344 0.567187 0.027344 0.568750 0.126953 0.532813 0.126953
0 0.459375 0.058594 0.493750 0.058594 0.495312 0.156250 0.460938 0.158203
0 0.396875 0.000000 0.434375 0.000000 0.432812 0.091797 0.396875 0.095703
0 0.115625 0.615234 0.157812 0.613281 0.154688 0.726562 0.117188 0.728516
0 0.073438 0.000000 0.114062 0.000000 0.106250 0.052734 0.068750 0.052734
4 0.540625 0.306641 0.573438 0.306641 0.573438 0.392578 0.540625 0.390625
