0 0.960938 0.876953 0.998437 0.878906 1.000000 0.990234 0.964063 0.994141
0 0.715625 0.017578 0.750000 0.013672 0.751563 0.105469 0.717187 0.105469
0 0.776563 0.000000 0.812500 0.000000 0.820312 0.046875 0.781250 0.050781
0 0.845313 0.000000 0.876563 0.000000 0.885938 0.074219 0.851562 0.078125
0 0.912500 0.000000 0.943750 0.000000 0.957812 0.082031 0.920312 0.089844
0 0.789062 0.080078 0.821875 0.076172 0.826562 0.167969 0.793750 0.164062
0 0.720313 0.115234 0.754687 0.113281 0.760938 0.214844 0.721875 0.208984
0 0.650000 0.121094 0.685937 0.121094 0.690625 0.224609 0.654687 0.224609
0 0.871875 0.119141 0.910937 0.115234 0.923438 0.226562 0.884375 0.230469
0 0.789062 0.205078 0.828125 0.205078 0.829688 0.289062 0.790625 0.287109
0 0.864062 0.292969 0.900000 0.289062 0.904687 0.386719 0.867188 0.386719
0 0.728125 0.261719 0.767188 0.259766 0.765625 0.365234 0.731250 0.365234
0 0.803125 0.339844 0.832812 0.337891 0.839063 0.402344 0.806250 0.406250
0 0.945312 0.435547 0.982812 0.433594 0.989062 0.546875 0.951562 0.554688
3 0.860938 0.384766 0.925000 0.378906 0.939063 0.675781 0.881250 0.681641
0 0.793750 0.431641 0.831250 0.429688 0.835938 0.544922 0.801562 0.542969
0 0.723437 0.408203 0.765625 0.406250 0.768750 0.521484 0.729688 0.525391
0 0.812500 0.632812 0.846875 0.632812 0.851562 0.742188 0.812500 0.740234
0 0.737500 0.654297 0.779687 0.654297 0.784375 0.771484 0.746875 0.773438
0 0.893750 0.751953 0.929688 0.751953 0.932813 0.857422 0.898438 0.861328
0 0.815625 0.789062 0.850000 0.789062 0.859375 0.884766 0.821875 0.882812
0 0.884375 0.886719 0.920312 0.886719 0.925000 0.996094 0.887500 0.998047
0 0.823438 0.925781 0.864062 0.925781 0.867188 1.000000 0.826562 1.000000
0 0.751563 0.896484 0.792188 0.892578 0.793750 1.000000 0.754687 1.000000
