4 0.806250 0.130859 0.848437 0.128906 0.856250 0.242188 0.815625 0.246094
4 0.743750 0.781250 0.789062 0.781250 0.787500 0.929688 0.743750 0.929688
0 0.850000 0.091797 0.882812 0.078125 0.903125 0.183594 0.870313 0.191406
0 0.848437 0.000000 0.885938 0.000000 0.884375 0.054688 0.848437 0.058594
0 0.801562 0.015625 0.839063 0.013672 0.842187 0.107422 0.807813 0.113281
0 0.739062 0.000000 0.771875 0.000000 0.773438 0.091797 0.739062 0.087891
0 0.920312 0.876953 0.957812 0.878906 0.962500 0.986328 0.925000 0.986328
0 0.860938 0.914062 0.903125 0.914062 0.900000 1.000000 0.864062 1.000000
0 0.810937 0.873047 0.843750 0.873047 0.843750 0.980469 0.810937 0.980469
0 0.609375 0.779297 0.656250 0.781250 0.654687 0.894531 0.610938 0.892578
0 0.678125 0.804688 0.718750 0.806641 0.717187 0.917969 0.678125 0.916016
0 0.820312 0.738281 0.856250 0.738281 0.857812 0.847656 0.818750 0.847656
0 0.864062 0.720703 0.903125 0.722656 0.903125 0.841797 0.865625 0.841797
0 0.914062 0.675781 0.954688 0.675781 0.953125 0.787109 0.914062 0.785156
0 0.918750 0.507812 0.954688 0.507812 0.953125 0.615234 0.915625 0.615234
0 0.854688 0.558594 0.893750 0.550781 0.901563 0.666016 0.864062 0.671875
0 0.812500 0.605469 0.846875 0.603516 0.848437 0.699219 0.815625 0.701172
0 0.198437 0.210938 0.234375 0.210938 0.226562 0.326172 0.187500 0.324219
0 0.739062 0.615234 0.773438 0.615234 0.778125 0.720703 0.737500 0.724609
0 0.664062 0.630859 0.698438 0.628906 0.698438 0.730469 0.660937 0.734375
0 0.607812 0.458984 0.645312 0.460938 0.643750 0.572266 0.606250 0.564453
0 0.681250 0.494141 0.715625 0.494141 0.717187 0.603516 0.679688 0.599609
0 0.740625 0.458984 0.784375 0.458984 0.779687 0.570312 0.740625 0.566406
0 0.798438 0.392578 0.834375 0.394531 0.835938 0.488281 0.801562 0.494141
0 0.837500 0.425781 0.875000 0.421875 0.882812 0.523438 0.848437 0.527344
0 0.871875 0.373047 0.906250 0.357422 0.931250 0.457031 0.895312 0.476562
0 0.612500 0.330078 0.654687 0.330078 0.651563 0.427734 0.615625 0.429688
0 0.675000 0.351562 0.715625 0.351562 0.715625 0.458984 0.675000 0.458984
0 0.735938 0.316406 0.771875 0.316406 0.775000 0.416016 0.735938 0.414062
0 0.854688 0.253906 0.882812 0.244141 0.898438 0.335938 0.867188 0.345703
0 0.810937 0.261719 0.848437 0.257812 0.848437 0.365234 0.812500 0.365234
0 0.603125 0.197266 0.640625 0.195312 0.639062 0.298828 0.600000 0.300781
0 0.678125 0.207031 0.717187 0.208984 0.717187 0.306641 0.678125 0.304688
0 0.607812 0.064453 0.646875 0.064453 0.646875 0.156250 0.609375 0.156250
0 0.679688 0.056641 0.720313 0.056641 0.718750 0.156250 0.682813 0.156250
0 0.743750 0.148438 0.782813 0.146484 0.779687 0.255859 0.740625 0.253906
