4 0.884375 0.785156 0.917188 0.787109 0.923438 0.894531 0.882812 0.888672
0 0.762500 0.011719 0.850000 0.000000 0.856250 0.035156 0.775000 0.050781
0 0.779687 0.068359 0.862500 0.064453 0.871875 0.109375 0.784375 0.113281
0 0.812500 0.458984 0.840625 0.457031 0.840625 0.548828 0.814063 0.548828
0 0.729688 0.486328 0.764062 0.488281 0.765625 0.589844 0.731250 0.591797
0 0.728125 0.757812 0.767188 0.755859 0.771875 0.859375 0.732812 0.863281
0 0.520312 0.439453 0.562500 0.439453 0.562500 0.550781 0.525000 0.554688
0 0.512500 0.000000 0.543750 0.000000 0.543750 0.062500 0.509375 0.062500
0 0.453125 0.195312 0.487500 0.195312 0.489063 0.320312 0.448437 0.312500
0 0.089063 0.484375 0.128125 0.482422 0.131250 0.603516 0.089063 0.599609
0 0.090625 0.306641 0.126562 0.306641 0.129688 0.414062 0.092188 0.419922
4 0.945312 0.826172 0.976562 0.824219 0.976562 0.908203 0.945312 0.910156
4 0.101562 0.751953 0.134375 0.751953 0.134375 0.841797 0.101562 0.843750
4 0.087500 0.132812 0.125000 0.128906 0.121875 0.255859 0.087500 0.259766
