0 0.710938 0.292969 0.756250 0.292969 0.756250 0.414062 0.710938 0.416016
0 0.928125 0.792969 0.968750 0.789062 0.967187 0.906250 0.928125 0.908203
0 0.784375 0.669922 0.826562 0.669922 0.825000 0.802734 0.785937 0.796875
0 0.976562 0.509766 1.000000 0.535156 0.978125 0.638672 0.943750 0.621094
0 0.928125 0.394531 0.968750 0.392578 0.978125 0.501953 0.929688 0.503906
0 0.784375 0.480469 0.829688 0.480469 0.831250 0.595703 0.792188 0.597656
0 0.785937 0.302734 0.826562 0.298828 0.825000 0.414062 0.787500 0.414062
0 0.885938 0.265625 0.917188 0.238281 0.953125 0.339844 0.918750 0.363281
0 0.864062 0.082031 0.912500 0.082031 0.912500 0.191406 0.875000 0.191406
0 0.790625 0.060547 0.831250 0.064453 0.832812 0.171875 0.792188 0.169922
0 0.710938 0.113281 0.753125 0.111328 0.751563 0.230469 0.710938 0.228516
0 0.718750 0.000000 0.760938 0.000000 0.762500 0.070312 0.726562 0.072266
4 0.792188 0.830078 0.828125 0.830078 0.831250 0.933594 0.795312 0.939453
