4 0.131250 0.816406 0.204687 0.849609 0.193750 0.888672 0.117188 0.857422
0 0.593750 0.037109 0.679688 0.000000 0.696875 0.041016 0.609375 0.078125
1 0.870313 0.830078 1.000000 0.878906 1.000000 0.949219 0.856250 0.888672
0 0.817187 0.900391 0.904687 0.931641 0.895312 0.976562 0.809375 0.951172
0 0.692187 0.837891 0.776563 0.869141 0.770312 0.912109 0.679688 0.884766
0 0.493750 0.951172 0.589063 1.000000 0.579688 1.000000 0.478125 0.994141
0 0.437500 0.812500 0.531250 0.816406 0.532813 0.871094 0.434375 0.873047
0 0.360938 0.900391 0.448437 0.935547 0.439063 0.986328 0.346875 0.953125
0 0.239063 0.855469 0.325000 0.892578 0.312500 0.933594 0.223438 0.906250
0 0.303125 0.074219 0.392188 0.039062 0.407813 0.085938 0.321875 0.123047
0 0.028125 0.279297 0.109375 0.236328 0.125000 0.277344 0.039062 0.318359
0 0.000000 0.041016 0.040625 0.009766 0.050000 0.054688 0.000000 0.082031
4 0.565625 0.822266 0.643750 0.839844 0.642188 0.878906 0.564063 0.873047
4 0.351562 0.794922 0.420312 0.820312 0.414062 0.861328 0.340625 0.833984
4 0.221875 0.742188 0.315625 0.773438 0.303125 0.824219 0.207813 0.787109
