0 0.125000 0.367188 0.215625 0.361328 0.217188 0.417969 0.128125 0.423828
0 0.381250 0.968750 0.460938 0.951172 0.464062 0.994141 0.385937 1.000000
0 0.900000 0.964844 0.993750 0.966797 0.995313 1.000000 0.896875 1.000000
0 0.653125 0.957031 0.760938 0.957031 0.762500 1.000000 0.653125 1.000000
0 0.268750 0.970703 0.351562 0.970703 0.351562 1.000000 0.267188 1.000000
0 0.265625 0.900391 0.340625 0.898438 0.342187 0.947266 0.265625 0.949219
0 0.123438 0.904297 0.220312 0.902344 0.223438 0.960938 0.125000 0.958984
0 0.000000 0.937500 0.046875 0.935547 0.046875 0.992188 0.000000 0.992188
0 0.742188 0.000000 0.820312 0.000000 0.820312 0.031250 0.740625 0.033203
0 0.859375 0.000000 0.892188 0.007812 0.854688 0.109375 0.825000 0.089844
0 0.889062 0.130859 0.981250 0.123047 0.984375 0.171875 0.892188 0.177734
0 0.775000 0.126953 0.865625 0.113281 0.873437 0.166016 0.781250 0.179688
0 0.848437 0.275391 0.950000 0.273438 0.956250 0.326172 0.850000 0.328125
0 0.529687 0.283203 0.628125 0.289062 0.626563 0.345703 0.526563 0.345703
1 0.343750 0.265625 0.471875 0.261719 0.467187 0.341797 0.346875 0.339844
0 0.279687 0.365234 0.376563 0.363281 0.379688 0.423828 0.278125 0.423828
0 0.151562 0.281250 0.243750 0.277344 0.246875 0.324219 0.151562 0.332031
0 0.021875 0.259766 0.112500 0.259766 0.110937 0.308594 0.018750 0.312500
0 0.000000 0.000000 0.067187 0.000000 0.067187 0.019531 0.000000 0.019531
