0 0.512500 0.263672 0.603125 0.261719 0.606250 0.314453 0.514062 0.316406
0 0.026562 0.144531 0.109375 0.144531 0.106250 0.191406 0.023438 0.187500
0 0.101562 0.091797 0.195312 0.089844 0.190625 0.138672 0.101562 0.138672
0 0.209375 0.091797 0.298438 0.095703 0.295312 0.136719 0.212500 0.140625
0 0.151562 0.142578 0.245312 0.142578 0.246875 0.189453 0.151562 0.189453
0 0.265625 0.144531 0.359375 0.142578 0.354687 0.195312 0.265625 0.197266
0 0.559375 0.013672 0.653125 0.007812 0.654687 0.056641 0.559375 0.060547
0 0.662500 0.007812 0.764062 0.005859 0.762500 0.060547 0.662500 0.060547
0 0.648438 0.164062 0.732812 0.162109 0.734375 0.207031 0.646875 0.210938
0 0.401562 0.158203 0.487500 0.152344 0.489063 0.195312 0.398438 0.205078
0 0.725000 0.074219 0.860938 0.074219 0.865625 0.134766 0.723437 0.130859
0 0.757812 0.160156 0.850000 0.160156 0.850000 0.207031 0.756250 0.208984
0 0.853125 0.009766 0.951562 0.019531 0.950000 0.074219 0.850000 0.060547
0 0.951562 0.146484 1.000000 0.146484 1.000000 0.201172 0.953125 0.205078
0 0.881250 0.279297 0.982812 0.285156 0.985938 0.333984 0.881250 0.328125
0 0.771875 0.273438 0.864062 0.283203 0.867188 0.326172 0.770312 0.326172
0 0.643750 0.263672 0.743750 0.273438 0.745313 0.322266 0.640625 0.316406
0 0.378125 0.250000 0.479687 0.255859 0.475000 0.308594 0.376563 0.304688
0 0.259375 0.248047 0.348438 0.257812 0.342187 0.308594 0.254688 0.304688
0 0.145313 0.250000 0.240625 0.257812 0.240625 0.312500 0.140625 0.310547
0 0.039062 0.250000 0.129688 0.255859 0.125000 0.310547 0.034375 0.306641
0 0.037500 0.351562 0.131250 0.359375 0.126562 0.406250 0.031250 0.408203
3 0.412500 0.363281 0.587500 0.376953 0.587500 0.447266 0.412500 0.435547
0 0.267188 0.441406 0.365625 0.443359 0.360938 0.486328 0.264062 0.494141
0 0.081250 0.498047 0.171875 0.511719 0.164062 0.558594 0.075000 0.544922
0 0.300000 0.552734 0.379688 0.550781 0.378125 0.599609 0.300000 0.599609
0 0.670312 0.488281 0.776563 0.488281 0.776563 0.541016 0.670312 0.542969
0 0.004687 0.968750 0.107813 0.974609 0.107813 1.000000 0.006250 1.000000
0 0.471875 0.933594 0.565625 0.935547 0.562500 0.986328 0.471875 0.986328
0 0.589063 0.927734 0.684375 0.929688 0.684375 0.984375 0.587500 0.982422
0 0.739062 0.923828 0.826562 0.937500 0.820312 0.990234 0.732812 0.974609
4 0.512500 0.132812 0.618750 0.138672 0.615625 0.185547 0.512500 0.191406
