0 0.667188 0.000000 0.703125 0.000000 0.703125 0.091797 0.664062 0.093750
0 0.606250 0.000000 0.643750 0.001953 0.617188 0.121094 0.571875 0.099609
0 0.795312 0.744141 0.903125 0.742188 0.900000 0.794922 0.795312 0.798828
0 0.442188 0.884766 0.546875 0.884766 0.543750 0.941406 0.442188 0.935547
0 0.706250 0.158203 0.809375 0.162109 0.810937 0.208984 0.712500 0.208984
0 0.789062 0.001953 0.820312 0.000000 0.881250 0.052734 0.857812 0.089844
0 0.304688 0.736328 0.404687 0.732422 0.403125 0.787109 0.303125 0.785156
0 0.160938 0.824219 0.246875 0.816406 0.251563 0.871094 0.164062 0.876953
0 0.046875 0.908203 0.142187 0.908203 0.143750 0.972656 0.046875 0.968750
0 0.203125 0.583984 0.293750 0.580078 0.292187 0.638672 0.201563 0.638672
0 0.000000 0.574219 0.057813 0.576172 0.053125 0.625000 0.000000 0.628906
0 0.093750 0.255859 0.184375 0.289062 0.171875 0.335938 0.079687 0.304688
0 0.056250 0.109375 0.104688 0.125000 0.090625 0.242188 0.039062 0.238281
0 0.721875 0.000000 0.764062 0.000000 0.768750 0.089844 0.726562 0.089844
