0 0.164062 0.068359 0.221875 0.007812 0.253125 0.037109 0.190625 0.107422
4 0.907813 0.703125 0.978125 0.667969 0.992188 0.703125 0.917188 0.742188
4 0.264062 0.669922 0.329688 0.609375 0.351562 0.648438 0.285938 0.701172
0 0.021875 0.119141 0.114062 0.183594 0.093750 0.222656 0.003125 0.158203
0 0.840625 0.429688 0.920312 0.408203 0.928125 0.449219 0.846875 0.470703
0 0.950000 0.314453 0.995313 0.322266 0.976562 0.435547 0.942187 0.429688
0 0.825000 0.365234 0.914062 0.341797 0.920312 0.382812 0.835938 0.400391
0 0.917188 0.773438 0.962500 0.767578 0.968750 0.882812 0.929688 0.886719
0 0.859375 0.544922 0.951562 0.525391 0.960938 0.574219 0.860938 0.593750
0 0.810937 0.294922 0.895312 0.271484 0.903125 0.316406 0.818750 0.339844
0 0.806250 0.218750 0.862500 0.205078 0.871875 0.242188 0.818750 0.259766
0 0.785937 0.160156 0.876563 0.136719 0.887500 0.181641 0.798438 0.205078
0 0.770312 0.089844 0.851562 0.060547 0.865625 0.105469 0.776563 0.130859
0 0.759375 0.015625 0.843750 0.000000 0.856250 0.037109 0.765625 0.062500
0 0.678125 0.070312 0.737500 0.005859 0.762500 0.033203 0.704688 0.101562
0 0.679688 0.158203 0.742188 0.083984 0.771875 0.111328 0.709375 0.189453
0 0.757812 0.148438 0.789062 0.185547 0.723437 0.261719 0.695312 0.228516
0 0.709375 0.304688 0.773438 0.226562 0.806250 0.265625 0.734375 0.339844
0 0.718750 0.386719 0.787500 0.308594 0.817187 0.343750 0.750000 0.427734
0 0.732812 0.462891 0.800000 0.390625 0.825000 0.433594 0.760938 0.500000
0 0.803125 0.470703 0.834375 0.498047 0.778125 0.580078 0.745313 0.548828
0 0.821875 0.537109 0.853125 0.562500 0.796875 0.648438 0.767188 0.621094
0 0.467187 0.064453 0.534375 0.000000 0.564063 0.025391 0.490625 0.097656
0 0.540625 0.060547 0.576562 0.093750 0.510938 0.167969 0.487500 0.138672
0 0.565625 0.134766 0.596875 0.164062 0.539062 0.244141 0.507812 0.208984
0 0.518750 0.285156 0.587500 0.205078 0.614062 0.236328 0.546875 0.316406
0 0.585938 0.294922 0.617188 0.332031 0.554688 0.388672 0.532813 0.361328
0 0.578125 0.388672 0.612500 0.421875 0.551562 0.498047 0.523438 0.470703
0 0.603125 0.449219 0.634375 0.478516 0.575000 0.556641 0.548438 0.529297
0 0.556250 0.582031 0.629687 0.505859 0.657813 0.542969 0.584375 0.625000
0 0.564063 0.660156 0.639062 0.580078 0.662500 0.625000 0.582812 0.691406
0 0.578125 0.714844 0.660937 0.664062 0.679688 0.708984 0.596875 0.759766
0 0.609375 0.828125 0.695312 0.798828 0.706250 0.847656 0.620313 0.869141
0 0.696875 0.892578 0.795312 0.867188 0.798438 0.921875 0.704688 0.939453
0 0.593750 0.910156 0.678125 0.890625 0.692187 0.935547 0.600000 0.955078
0 0.470313 0.943359 0.560937 0.919922 0.571875 0.962891 0.476562 0.988281
0 0.448437 0.865234 0.537500 0.832031 0.553125 0.882812 0.457813 0.917969
0 0.270313 0.917969 0.368750 0.884766 0.376563 0.931641 0.279687 0.962891
0 0.081250 0.730469 0.167187 0.750000 0.160938 0.794922 0.075000 0.781250
0 0.125000 0.636719 0.189062 0.699219 0.164062 0.740234 0.100000 0.675781
0 0.107813 0.558594 0.192188 0.615234 0.171875 0.666016 0.092188 0.603516
0 0.070312 0.482422 0.146875 0.519531 0.139063 0.558594 0.054688 0.527344
0 0.057813 0.365234 0.137500 0.429688 0.118750 0.462891 0.040625 0.406250
0 0.267188 0.824219 0.339062 0.744141 0.368750 0.789062 0.292187 0.865234
0 0.385937 0.718750 0.470313 0.742188 0.460938 0.794922 0.381250 0.769531
0 0.270313 0.759766 0.335938 0.679688 0.367188 0.720703 0.292187 0.787109
0 0.371875 0.628906 0.459375 0.677734 0.439063 0.722656 0.357812 0.679688
0 0.368750 0.556641 0.451562 0.595703 0.443750 0.644531 0.354687 0.599609
0 0.256250 0.593750 0.315625 0.527344 0.340625 0.566406 0.275000 0.625000
0 0.370312 0.480469 0.442188 0.521484 0.431250 0.568359 0.359375 0.531250
0 0.228125 0.513672 0.306250 0.451172 0.334375 0.496094 0.251563 0.564453
0 0.340625 0.394531 0.421875 0.429688 0.407813 0.492188 0.326562 0.455078
0 0.225000 0.441406 0.300000 0.375000 0.320312 0.410156 0.245312 0.476562
0 0.345313 0.322266 0.432812 0.363281 0.425000 0.406250 0.332813 0.371094
0 0.209375 0.341797 0.293750 0.279297 0.310937 0.320312 0.235937 0.384766
0 0.065625 0.296875 0.148438 0.353516 0.128125 0.390625 0.048438 0.339844
0 0.309375 0.244141 0.404687 0.281250 0.396875 0.328125 0.304688 0.306641
0 0.204687 0.273438 0.273438 0.201172 0.295312 0.234375 0.225000 0.310547
0 0.314063 0.169922 0.404687 0.205078 0.396875 0.251953 0.301563 0.214844
0 0.300000 0.119141 0.392188 0.105469 0.393750 0.160156 0.295312 0.160156
0 0.187500 0.203125 0.256250 0.134766 0.284375 0.171875 0.217188 0.244141
0 0.178125 0.136719 0.250000 0.064453 0.278125 0.097656 0.203125 0.171875
