0 0.459375 0.000000 0.551562 0.000000 0.553125 0.015625 0.459375 0.019531
0 0.540625 0.765625 0.621875 0.761719 0.629687 0.800781 0.545312 0.808594
0 0.712500 0.841797 0.754687 0.853516 0.721875 0.970703 0.687500 0.957031
0 0.632812 0.861328 0.671875 0.863281 0.671875 0.982422 0.632812 0.982422
0 0.571875 0.876953 0.612500 0.876953 0.615625 0.992188 0.578125 0.996094
0 0.465625 0.904297 0.493750 0.876953 0.551562 0.960938 0.523438 0.992188
0 0.218750 0.750000 0.309375 0.732422 0.315625 0.781250 0.220312 0.789062
0 0.000000 0.726562 0.025000 0.730469 0.018750 0.839844 0.000000 0.837891
0 0.325000 0.361328 0.414062 0.355469 0.417187 0.406250 0.326562 0.410156
0 0.231250 0.513672 0.329688 0.480469 0.337500 0.523438 0.240625 0.556641
1 0.000000 0.458984 0.090625 0.455078 0.090625 0.505859 0.000000 0.511719
0 0.560937 0.568359 0.646875 0.556641 0.650000 0.611328 0.560937 0.617188
0 0.512500 0.378906 0.606250 0.375000 0.600000 0.429688 0.512500 0.431641
0 0.667188 0.343750 0.762500 0.341797 0.765625 0.396484 0.668750 0.398438
0 0.896875 0.236328 0.968750 0.230469 0.976562 0.279297 0.896875 0.281250
0 0.340625 0.000000 0.421875 0.000000 0.420312 0.025391 0.342187 0.033203
0 0.250000 0.000000 0.335938 0.000000 0.337500 0.027344 0.248438 0.033203
0 0.112500 0.123047 0.203125 0.123047 0.204687 0.175781 0.110937 0.175781
0 0.121875 0.023438 0.148438 0.000000 0.220312 0.021484 0.207813 0.066406
