0 0.857812 0.244141 0.953125 0.242188 0.959375 0.291016 0.860938 0.294922
0 0.731250 0.218750 0.823438 0.218750 0.828125 0.273438 0.728125 0.275391
0 0.928125 0.419922 1.000000 0.425781 1.000000 0.476562 0.929688 0.478516
0 0.812500 0.416016 0.903125 0.416016 0.904687 0.468750 0.815625 0.470703
0 0.785937 0.324219 0.882812 0.326172 0.882812 0.384766 0.785937 0.380859
0 0.687500 0.408203 0.790625 0.410156 0.790625 0.466797 0.689063 0.468750
0 0.653125 0.326172 0.740625 0.328125 0.742188 0.378906 0.653125 0.376953
0 0.551562 0.421875 0.648438 0.417969 0.646875 0.474609 0.551562 0.476562
0 0.435937 0.425781 0.517188 0.419922 0.523438 0.468750 0.434375 0.472656
0 0.500000 0.312500 0.592187 0.314453 0.589063 0.371094 0.493750 0.367188
0 0.593750 0.228516 0.693750 0.226562 0.693750 0.279297 0.596875 0.283203
0 0.443750 0.234375 0.539062 0.228516 0.539062 0.281250 0.445312 0.279297
0 0.367188 0.322266 0.465625 0.326172 0.465625 0.371094 0.368750 0.371094
0 0.304688 0.419922 0.398438 0.416016 0.401562 0.462891 0.307812 0.466797
0 0.781250 0.017578 0.873437 0.019531 0.879687 0.064453 0.785937 0.062500
0 0.643750 0.017578 0.737500 0.001953 0.748437 0.048828 0.646875 0.070312
0 0.514062 0.025391 0.542188 0.000000 0.595313 0.083984 0.564063 0.109375
0 0.000000 0.421875 0.037500 0.419922 0.034375 0.453125 0.000000 0.453125
0 0.287500 0.228516 0.376563 0.230469 0.378125 0.279297 0.289062 0.279297
0 0.242188 0.320312 0.326562 0.320312 0.328125 0.367188 0.245312 0.367188
0 0.185938 0.419922 0.284375 0.414062 0.285938 0.474609 0.184375 0.474609
0 0.167187 0.207031 0.251563 0.214844 0.251563 0.259766 0.164062 0.259766
4 0.017188 0.214844 0.093750 0.214844 0.096875 0.259766 0.020313 0.265625
0 0.106250 0.322266 0.203125 0.324219 0.204687 0.371094 0.107813 0.376953
0 0.079687 0.400391 0.164062 0.400391 0.165625 0.447266 0.076563 0.447266
0 0.000000 0.324219 0.070312 0.328125 0.070312 0.378906 0.000000 0.378906
0 0.365625 0.000000 0.409375 0.000000 0.414062 0.076172 0.376563 0.082031
0 0.306250 0.000000 0.343750 0.000000 0.343750 0.068359 0.306250 0.068359
0 0.198437 0.000000 0.231250 0.000000 0.229687 0.074219 0.195312 0.076172
0 0.150000 0.000000 0.189062 0.000000 0.184375 0.074219 0.150000 0.072266
0 0.000000 0.000000 0.018750 0.000000 0.023438 0.056641 0.000000 0.058594
0 0.868750 0.816406 0.976562 0.818359 0.973437 0.867188 0.870313 0.869141
0 0.668750 0.810547 0.776563 0.806641 0.775000 0.857422 0.671875 0.865234
