4 0.840625 0.544922 0.918750 0.542969 0.918750 0.589844 0.839063 0.585938
4 0.942187 0.000000 0.970313 0.000000 0.973437 0.068359 0.942187 0.064453
0 0.446875 0.757812 0.543750 0.767578 0.537500 0.816406 0.440625 0.802734
3 0.912500 0.164062 1.000000 0.175781 1.000000 0.230469 0.909375 0.220703
0 0.910937 0.460938 1.000000 0.449219 1.000000 0.507812 0.918750 0.515625
0 0.493750 0.000000 0.529687 0.000000 0.529687 0.066406 0.495312 0.066406
0 0.623437 0.339844 0.725000 0.335938 0.723437 0.386719 0.621875 0.388672
0 0.754687 0.625000 0.848437 0.625000 0.850000 0.677734 0.756250 0.679688
0 0.726562 0.837891 0.756250 0.847656 0.731250 0.957031 0.695312 0.941406
0 0.615625 0.769531 0.710938 0.789062 0.693750 0.839844 0.609375 0.820312
3 0.018750 0.531250 0.229687 0.531250 0.231250 0.595703 0.020313 0.593750
0 0.200000 0.154297 0.279687 0.150391 0.276562 0.195312 0.200000 0.199219
0 0.289062 0.048828 0.370312 0.056641 0.365625 0.093750 0.287500 0.097656
0 0.151562 0.320312 0.243750 0.318359 0.245312 0.367188 0.148438 0.373047
0 0.317188 0.382812 0.410938 0.378906 0.410938 0.429688 0.320312 0.433594
0 0.045312 0.619141 0.131250 0.619141 0.131250 0.666016 0.045312 0.664062
0 0.046875 0.701172 0.131250 0.703125 0.126562 0.759766 0.042188 0.750000
0 0.018750 0.937500 0.054688 0.921875 0.076563 1.000000 0.035937 1.000000
0 0.223438 0.728516 0.309375 0.724609 0.306250 0.777344 0.223438 0.773438
0 0.267188 0.619141 0.364063 0.619141 0.365625 0.671875 0.260937 0.669922
0 0.484375 0.439453 0.578125 0.437500 0.581250 0.484375 0.487500 0.486328
0 0.460938 0.535156 0.554688 0.517578 0.560937 0.562500 0.468750 0.576172
0 0.360938 0.726562 0.446875 0.701172 0.457813 0.748047 0.368750 0.769531
0 0.509375 0.626953 0.607812 0.623047 0.610938 0.673828 0.507812 0.675781
