4 0.951562 0.000000 0.982812 0.000000 0.985938 0.074219 0.953125 0.074219
4 0.504687 0.000000 0.540625 0.000000 0.542188 0.070312 0.507812 0.072266
0 0.209375 0.158203 0.290625 0.160156 0.289062 0.203125 0.207813 0.203125
4 0.250000 0.558594 0.325000 0.556641 0.325000 0.603516 0.248438 0.595703
0 0.301563 0.058594 0.378125 0.060547 0.378125 0.103516 0.296875 0.101562
0 0.531250 0.550781 0.632812 0.550781 0.632812 0.611328 0.531250 0.609375
0 0.051562 0.625000 0.143750 0.623047 0.142187 0.677734 0.048438 0.675781
0 0.782813 0.230469 0.884375 0.212891 0.892188 0.265625 0.792188 0.281250
0 0.007812 0.724609 0.095312 0.728516 0.095312 0.775391 0.009375 0.773438
0 0.031250 0.941406 0.067187 0.931641 0.081250 1.000000 0.043750 1.000000
0 0.237500 0.710938 0.335938 0.742188 0.323437 0.787109 0.228125 0.755859
0 0.429688 0.636719 0.521875 0.636719 0.525000 0.693359 0.429688 0.693359
0 0.440625 0.744141 0.529687 0.763672 0.525000 0.816406 0.435937 0.792969
0 0.007812 0.546875 0.100000 0.548828 0.095312 0.593750 0.007812 0.589844
4 0.973437 0.593750 0.998437 0.621094 0.942187 0.708984 0.914062 0.679688
0 0.873437 0.300781 0.968750 0.287109 0.973437 0.341797 0.875000 0.351562
0 0.812500 0.367188 0.909375 0.367188 0.909375 0.417969 0.814063 0.419922
0 0.935937 0.812500 1.000000 0.738281 1.000000 0.781250 0.959375 0.847656
