0 0.507812 0.214844 0.545312 0.210938 0.564063 0.333984 0.518750 0.345703
4 0.210938 0.556641 0.245312 0.554688 0.246875 0.658203 0.210938 0.660156
4 0.307812 0.804688 0.339062 0.833984 0.282813 0.937500 0.254688 0.914062
4 0.546875 0.699219 0.578125 0.697266 0.579688 0.791016 0.546875 0.794922
4 0.856250 0.154297 0.896875 0.152344 0.901563 0.279297 0.862500 0.285156
4 0.951562 0.185547 1.000000 0.183594 1.000000 0.222656 0.951562 0.224609
0 0.218750 0.052734 0.256250 0.050781 0.256250 0.156250 0.218750 0.158203
0 0.312500 0.082031 0.356250 0.083984 0.356250 0.195312 0.315625 0.195312
0 0.310937 0.000000 0.353125 0.000000 0.356250 0.058594 0.312500 0.058594
0 0.209375 0.400391 0.250000 0.400391 0.251563 0.505859 0.212500 0.507812
0 0.312500 0.408203 0.350000 0.410156 0.350000 0.527344 0.317188 0.529297
0 0.307812 0.597656 0.350000 0.597656 0.348438 0.710938 0.309375 0.712891
0 0.151562 0.888672 0.250000 0.882812 0.245312 0.933594 0.151562 0.941406
0 0.148438 0.957031 0.245312 0.947266 0.246875 1.000000 0.153125 1.000000
0 0.446875 0.519531 0.484375 0.513672 0.493750 0.634766 0.456250 0.638672
0 0.468750 0.753906 0.510938 0.753906 0.515625 0.863281 0.468750 0.867188
0 0.684375 0.763672 0.731250 0.759766 0.731250 0.869141 0.692187 0.869141
0 0.756250 0.798828 0.790625 0.798828 0.796875 0.917969 0.757812 0.921875
4 0.215625 0.187500 0.243750 0.187500 0.246875 0.287109 0.217188 0.285156
0 0.767188 0.242188 0.814063 0.244141 0.812500 0.361328 0.773438 0.367188
0 0.853125 0.013672 0.890625 0.011719 0.898438 0.121094 0.862500 0.123047
0 0.851562 0.324219 0.895312 0.320312 0.895312 0.431641 0.857812 0.429688
0 0.851562 0.439453 0.892188 0.439453 0.890625 0.558594 0.850000 0.554688
