4 0.862500 0.775391 0.903125 0.771484 0.907813 0.910156 0.864062 0.908203
4 0.209375 0.806641 0.245312 0.806641 0.243750 0.910156 0.212500 0.908203
0 0.857812 0.357422 0.896875 0.355469 0.896875 0.466797 0.857812 0.464844
0 0.846875 0.220703 0.882812 0.218750 0.887500 0.332031 0.851562 0.335938
0 0.856250 0.087891 0.895312 0.087891 0.893750 0.199219 0.860938 0.197266
0 0.762500 0.199219 0.803125 0.195312 0.803125 0.300781 0.764062 0.298828
0 0.462500 0.628906 0.510938 0.632812 0.506250 0.744141 0.464062 0.742188
0 0.307812 0.697266 0.346875 0.693359 0.351562 0.816406 0.304688 0.816406
0 0.209375 0.658203 0.250000 0.658203 0.251563 0.773438 0.207813 0.771484
0 0.309375 0.541016 0.353125 0.541016 0.351562 0.656250 0.303125 0.656250
0 0.209375 0.515625 0.256250 0.513672 0.250000 0.625000 0.207813 0.621094
4 0.950000 0.820312 1.000000 0.824219 1.000000 0.857422 0.951562 0.851562
0 0.315625 0.394531 0.346875 0.396484 0.348438 0.505859 0.309375 0.509766
0 0.210938 0.349609 0.245312 0.351562 0.248438 0.472656 0.209375 0.474609
0 0.212500 0.193359 0.253125 0.193359 0.256250 0.306641 0.215625 0.306641
0 0.332813 0.070312 0.368750 0.070312 0.368750 0.183594 0.329688 0.183594
0 0.223438 0.046875 0.264062 0.042969 0.260937 0.152344 0.217188 0.152344
0 0.417187 0.150391 0.453125 0.152344 0.454688 0.285156 0.410938 0.283203
0 0.303125 0.210938 0.345313 0.212891 0.345313 0.312500 0.306250 0.312500
0 0.692187 0.812500 0.734375 0.810547 0.735938 0.937500 0.690625 0.939453
0 0.865625 0.636719 0.904687 0.636719 0.903125 0.750000 0.865625 0.750000
0 0.854688 0.490234 0.896875 0.488281 0.893750 0.601562 0.857812 0.599609
