0 0.682813 0.712891 0.726562 0.714844 0.725000 0.832031 0.684375 0.832031
1 0.090625 0.048828 0.181250 0.046875 0.184375 0.091797 0.090625 0.097656
0 0.000000 0.048828 0.071875 0.046875 0.071875 0.095703 0.000000 0.089844
0 0.023438 0.841797 0.118750 0.841797 0.117188 0.890625 0.023438 0.890625
0 0.015625 0.904297 0.118750 0.906250 0.115625 0.962891 0.020313 0.968750
0 0.851562 0.695312 0.890625 0.691406 0.895312 0.804688 0.851562 0.802734
0 0.850000 0.511719 0.892188 0.507812 0.893750 0.621094 0.851562 0.621094
0 0.848437 0.835938 0.893750 0.833984 0.887500 0.947266 0.850000 0.945312
0 0.695312 0.140625 0.740625 0.140625 0.739062 0.251953 0.698438 0.251953
0 0.468750 0.187500 0.506250 0.185547 0.510938 0.294922 0.465625 0.294922
