0 0.537500 0.574219 0.579688 0.558594 0.598437 0.666016 0.560937 0.677734
0 0.968750 0.345703 1.000000 0.343750 1.000000 0.455078 0.975000 0.457031
0 0.971875 0.003906 1.000000 0.000000 1.000000 0.097656 0.985938 0.111328
0 0.926562 0.000000 0.968750 0.000000 0.973437 0.093750 0.931250 0.091797
0 0.868750 0.000000 0.907813 0.000000 0.914062 0.099609 0.875000 0.099609
0 0.815625 0.000000 0.853125 0.000000 0.850000 0.087891 0.815625 0.087891
0 0.712500 0.000000 0.746875 0.000000 0.745313 0.103516 0.710938 0.101562
0 0.771875 0.361328 0.807813 0.359375 0.814063 0.476562 0.776563 0.472656
0 0.720313 0.351562 0.759375 0.351562 0.757812 0.468750 0.718750 0.468750
0 0.904687 0.839844 1.000000 0.835938 1.000000 0.892578 0.906250 0.896484
0 0.820312 0.949219 0.907813 0.957031 0.901563 1.000000 0.820312 0.998047
0 0.757812 0.576172 0.798438 0.548828 0.839063 0.656250 0.801562 0.679688
0 0.673438 0.585938 0.709375 0.556641 0.745313 0.644531 0.717187 0.667969
0 0.126562 0.753906 0.214062 0.771484 0.212500 0.812500 0.118750 0.800781
0 0.045312 0.843750 0.143750 0.847656 0.142187 0.906250 0.043750 0.906250
