4 0.245312 0.179688 0.321875 0.185547 0.323437 0.230469 0.242188 0.224609
0 0.757812 0.578125 0.842187 0.585938 0.839063 0.625000 0.756250 0.625000
0 0.865625 0.599609 0.962500 0.603516 0.959375 0.658203 0.865625 0.660156
0 0.617188 0.570312 0.712500 0.570312 0.712500 0.621094 0.621875 0.623047
0 0.835938 0.798828 0.921875 0.759766 0.937500 0.798828 0.854688 0.841797
0 0.659375 0.880859 0.751563 0.878906 0.751563 0.933594 0.659375 0.929688
0 0.739062 0.718750 0.829688 0.716797 0.828125 0.767578 0.739062 0.769531
0 0.654687 0.654297 0.743750 0.664062 0.745313 0.712891 0.653125 0.712891
4 0.192188 0.119141 0.282813 0.117188 0.284375 0.160156 0.190625 0.162109
0 0.821875 0.449219 0.907813 0.484375 0.900000 0.529297 0.810937 0.492188
4 0.478125 0.664062 0.560937 0.667969 0.562500 0.712891 0.478125 0.712891
0 0.543750 0.070312 0.576562 0.080078 0.562500 0.189453 0.523438 0.179688
0 0.228125 0.765625 0.326562 0.765625 0.326562 0.822266 0.226562 0.824219
0 0.092188 0.753906 0.189062 0.755859 0.185938 0.816406 0.087500 0.812500
0 0.387500 0.531250 0.423438 0.527344 0.426563 0.630859 0.390625 0.634766
0 0.339062 0.423828 0.371875 0.388672 0.437500 0.474609 0.409375 0.509766
0 0.143750 0.371094 0.232813 0.378906 0.228125 0.417969 0.140625 0.416016
0 0.206250 0.044922 0.301563 0.048828 0.303125 0.095703 0.203125 0.089844
0 0.479687 0.603516 0.575000 0.591797 0.578125 0.640625 0.484375 0.652344
0 0.467187 0.761719 0.556250 0.732422 0.570312 0.783203 0.484375 0.810547
0 0.256250 0.949219 0.348438 0.958984 0.345313 1.000000 0.251563 0.994141
0 0.273438 0.667969 0.368750 0.685547 0.362500 0.742188 0.264062 0.722656
0 0.631250 0.037109 0.670312 0.035156 0.667188 0.148438 0.625000 0.146484
0 0.860938 0.130859 0.901563 0.136719 0.890625 0.259766 0.851562 0.248047
0 0.870313 0.275391 0.917188 0.308594 0.868750 0.400391 0.821875 0.369141
