0 0.621875 0.736328 0.714063 0.738281 0.712500 0.787109 0.618750 0.789062
0 0.582812 0.625000 0.670312 0.626953 0.670312 0.679688 0.581250 0.677734
0 0.728125 0.630859 0.812500 0.630859 0.814063 0.673828 0.728125 0.681641
0 0.282813 0.917969 0.371875 0.919922 0.368750 0.972656 0.281250 0.970703
0 0.956250 0.923828 1.000000 0.919922 1.000000 0.968750 0.956250 0.970703
0 0.460938 0.623047 0.556250 0.623047 0.559375 0.679688 0.459375 0.679688
0 0.960938 0.863281 1.000000 0.867188 1.000000 0.910156 0.962500 0.910156
0 0.342187 0.615234 0.431250 0.621094 0.432812 0.673828 0.337500 0.673828
0 0.232813 0.625000 0.317188 0.626953 0.314063 0.675781 0.232813 0.673828
2 0.306250 0.740234 0.412500 0.734375 0.414062 0.789062 0.309375 0.789062
0 0.107813 0.744141 0.193750 0.755859 0.196875 0.791016 0.109375 0.796875
0 0.114062 0.640625 0.207813 0.656250 0.200000 0.699219 0.110937 0.689453
0 0.000000 0.634766 0.085938 0.640625 0.087500 0.689453 0.000000 0.685547
0 0.473438 0.748047 0.562500 0.746094 0.562500 0.800781 0.473438 0.802734
