2 0.518750 0.576172 0.556250 0.576172 0.557813 0.710938 0.520312 0.710938
0 0.882812 0.033203 0.925000 0.035156 0.926562 0.132812 0.889062 0.138672
0 0.589063 0.751953 0.637500 0.753906 0.643750 0.875000 0.596875 0.876953
0 0.592187 0.595703 0.642188 0.597656 0.640625 0.720703 0.596875 0.724609
0 0.598437 0.441406 0.635938 0.445312 0.635938 0.552734 0.600000 0.554688
0 0.532813 0.406250 0.565625 0.404297 0.567187 0.511719 0.532813 0.517578
0 0.443750 0.365234 0.485938 0.367188 0.485938 0.470703 0.442188 0.474609
0 0.590625 0.292969 0.634375 0.294922 0.635938 0.412109 0.592187 0.414062
0 0.587500 0.156250 0.625000 0.154297 0.628125 0.265625 0.595313 0.267578
2 0.525000 0.171875 0.573438 0.169922 0.571875 0.337891 0.525000 0.332031
0 0.596875 0.011719 0.643750 0.011719 0.642188 0.132812 0.596875 0.130859
0 0.523438 0.003906 0.560937 0.007812 0.560937 0.123047 0.523438 0.125000
0 0.450000 0.179688 0.496875 0.179688 0.496875 0.294922 0.451562 0.292969
0 0.437500 0.013672 0.481250 0.017578 0.478125 0.126953 0.439063 0.125000
0 0.390625 0.214844 0.428125 0.216797 0.426563 0.328125 0.390625 0.328125
2 0.454688 0.544922 0.492188 0.542969 0.490625 0.660156 0.454688 0.660156
0 0.523438 0.755859 0.559375 0.755859 0.562500 0.863281 0.521875 0.861328
0 0.451562 0.740234 0.489063 0.738281 0.487500 0.855469 0.451562 0.851562
0 0.207813 0.921875 0.301563 0.921875 0.301563 0.968750 0.206250 0.970703
0 0.221875 0.845703 0.310937 0.855469 0.309375 0.910156 0.220312 0.898438
0 0.206250 0.742188 0.298438 0.728516 0.304688 0.779297 0.209375 0.794922
0 0.206250 0.605469 0.293750 0.603516 0.292187 0.644531 0.203125 0.648438
0 0.215625 0.378906 0.312500 0.386719 0.314063 0.437500 0.214062 0.427734
0 0.223438 0.324219 0.317188 0.332031 0.314063 0.378906 0.220312 0.371094
0 0.225000 0.189453 0.312500 0.183594 0.314063 0.234375 0.226562 0.238281
0 0.240625 0.111328 0.325000 0.107422 0.329688 0.154297 0.242188 0.164062
