0 0.140625 0.357422 0.229687 0.398438 0.212500 0.445312 0.126562 0.410156
0 0.220312 0.939453 0.250000 0.958984 0.215625 1.000000 0.181250 1.000000
0 0.896875 0.041016 0.939063 0.037109 0.948438 0.144531 0.914062 0.148438
0 0.851562 0.019531 0.889062 0.039062 0.859375 0.146484 0.821875 0.126953
0 0.585938 0.259766 0.621875 0.283203 0.590625 0.380859 0.553125 0.361328
2 0.673438 0.851562 0.712500 0.873047 0.670312 1.000000 0.629687 0.986328
0 0.484375 0.603516 0.526563 0.623047 0.490625 0.736328 0.448437 0.714844
0 0.271875 0.935547 0.303125 0.957031 0.264062 1.000000 0.239063 1.000000
0 0.039062 0.892578 0.071875 0.908203 0.042188 1.000000 0.007812 0.994141
1 0.062500 0.730469 0.165625 0.707031 0.173437 0.753906 0.064062 0.777344
0 0.182812 0.488281 0.214062 0.501953 0.179688 0.615234 0.150000 0.595703
0 0.193750 0.240234 0.279687 0.279297 0.267188 0.322266 0.181250 0.281250
