0 0.306250 0.585938 0.345313 0.597656 0.334375 0.705078 0.296875 0.697266
4 0.642188 0.650391 0.675000 0.660156 0.665625 0.777344 0.623437 0.765625
4 0.609375 0.800781 0.646875 0.804688 0.637500 0.900391 0.603125 0.900391
0 0.787500 0.953125 0.828125 0.953125 0.829688 1.000000 0.792188 1.000000
0 0.600000 0.958984 0.634375 0.966797 0.623437 1.000000 0.590625 1.000000
2 0.900000 0.359375 0.935937 0.361328 0.928125 0.498047 0.889062 0.492188
0 0.603125 0.550781 0.635938 0.564453 0.614062 0.675781 0.571875 0.652344
0 0.539062 0.904297 0.576562 0.908203 0.567187 1.000000 0.528125 1.000000
0 0.540625 0.726562 0.581250 0.734375 0.573438 0.847656 0.532813 0.843750
3 0.481250 0.675781 0.529687 0.679688 0.517188 0.880859 0.464062 0.873047
0 0.257812 0.826172 0.356250 0.851562 0.350000 0.894531 0.248438 0.871094
0 0.268750 0.769531 0.348438 0.705078 0.370312 0.742188 0.293750 0.810547
1 0.303125 0.423828 0.395313 0.373047 0.410938 0.417969 0.318750 0.470703
0 0.364063 0.160156 0.393750 0.166016 0.389062 0.281250 0.353125 0.273438
0 0.298438 0.054688 0.389062 0.066406 0.387500 0.119141 0.295312 0.109375
