0 0.989062 0.062500 1.000000 0.091797 0.959375 0.162109 0.935937 0.134766
0 0.915625 0.009766 0.954688 0.027344 0.926562 0.121094 0.892188 0.109375
0 0.806250 0.009766 0.837500 0.000000 0.871875 0.000000 0.835938 0.033203
0 0.739062 0.935547 0.820312 0.976562 0.806250 1.000000 0.721875 0.976562
0 0.756250 0.859375 0.840625 0.910156 0.825000 0.953125 0.742188 0.902344
0 0.787500 0.767578 0.857812 0.837891 0.834375 0.878906 0.759375 0.804688
0 0.662500 0.875000 0.693750 0.888672 0.671875 0.990234 0.635938 0.980469
0 0.228125 0.617188 0.259375 0.632812 0.228125 0.748047 0.190625 0.726562
0 0.062500 0.623047 0.096875 0.640625 0.059375 0.748047 0.023438 0.728516
0 0.057813 0.593750 0.120313 0.519531 0.145313 0.548828 0.085938 0.628906
0 0.000000 0.392578 0.043750 0.425781 0.023438 0.472656 0.000000 0.433594
0 0.023438 0.279297 0.115625 0.296875 0.106250 0.353516 0.012500 0.330078
0 0.610938 0.050781 0.650000 0.076172 0.615625 0.169922 0.575000 0.150391
0 0.504687 0.000000 0.542188 0.009766 0.509375 0.115234 0.468750 0.093750
0 0.396875 0.041016 0.428125 0.056641 0.398438 0.156250 0.360938 0.136719
1 0.087500 0.111328 0.201563 0.173828 0.184375 0.230469 0.065625 0.169922
