0 0.604688 0.710938 0.646875 0.705078 0.665625 0.841797 0.617188 0.855469
0 0.776563 0.341797 0.828125 0.343750 0.842187 0.488281 0.785937 0.490234
0 0.593750 0.345703 0.637500 0.345703 0.646875 0.486328 0.601562 0.496094
0 0.498437 0.191406 0.542188 0.193359 0.546875 0.339844 0.501563 0.341797
0 0.115625 1.000000 0.195312 0.927734 0.225000 0.976562 0.140625 1.000000
0 0.140625 0.861328 0.171875 0.898438 0.109375 0.980469 0.078125 0.947266
0 0.021875 0.898438 0.103125 0.812500 0.131250 0.853516 0.051562 0.937500
0 0.003125 0.820312 0.082812 0.726562 0.117188 0.759766 0.040625 0.859375
0 0.062500 0.662109 0.089063 0.701172 0.009375 0.787109 0.000000 0.744141
0 0.031250 0.591797 0.051562 0.628906 0.000000 0.699219 0.000000 0.656250
0 0.029687 0.443359 0.140625 0.443359 0.139063 0.501953 0.028125 0.500000
3 0.362500 0.136719 0.410938 0.160156 0.346875 0.367188 0.293750 0.339844
3 0.871875 0.359375 0.946875 0.351562 0.976562 0.693359 0.907813 0.707031
