0 0.934375 0.408203 0.990625 0.412109 0.990625 0.572266 0.934375 0.566406
0 0.779687 0.359375 0.828125 0.361328 0.825000 0.507812 0.781250 0.505859
0 0.557813 0.464844 0.603125 0.468750 0.601562 0.591797 0.553125 0.587891
0 0.023438 0.175781 0.039062 0.218750 0.000000 0.257812 0.000000 0.220703
0 0.056250 1.000000 0.164062 0.960938 0.179688 1.000000 0.071875 1.000000
0 0.057813 0.919922 0.157812 0.882812 0.171875 0.939453 0.070312 0.968750
0 0.059375 0.833984 0.159375 0.783203 0.182812 0.837891 0.075000 0.886719
0 0.059375 0.048828 0.162500 0.074219 0.148438 0.125000 0.048438 0.099609
0 0.032813 0.253906 0.057813 0.294922 0.000000 0.355469 0.000000 0.302734
0 0.031250 0.683594 0.132812 0.699219 0.132812 0.751953 0.028125 0.740234
0 0.018750 0.605469 0.123438 0.542969 0.145313 0.593750 0.043750 0.656250
0 0.000000 0.527344 0.076563 0.468750 0.101562 0.509766 0.023438 0.572266
0 0.000000 0.464844 0.059375 0.406250 0.079687 0.455078 0.000000 0.517578
0 0.045312 0.318359 0.076563 0.357422 0.000000 0.439453 0.000000 0.390625
