0 0.509375 0.031250 0.553125 0.031250 0.553125 0.134766 0.509375 0.134766
0 0.306250 0.701172 0.348438 0.712891 0.335938 0.843750 0.293750 0.835938
0 0.398438 0.666016 0.446875 0.675781 0.429688 0.818359 0.375000 0.804688
0 0.289062 0.857422 0.339062 0.865234 0.325000 1.000000 0.273438 0.996094
0 0.495312 0.882812 0.534375 0.890625 0.529687 0.982422 0.487500 0.974609
0 0.971875 0.757812 1.000000 0.763672 1.000000 0.904297 0.957812 0.898438
0 0.201563 0.384766 0.309375 0.337891 0.329688 0.390625 0.215625 0.443359
0 0.193750 0.498047 0.293750 0.421875 0.325000 0.486328 0.235937 0.562500
0 0.379688 0.238281 0.434375 0.259766 0.401562 0.408203 0.351562 0.388672
0 0.440625 0.080078 0.484375 0.082031 0.487500 0.193359 0.440625 0.197266
