0 0.364063 0.576172 0.418750 0.591797 0.395313 0.726562 0.345313 0.716797
0 0.298438 0.570312 0.345313 0.580078 0.323437 0.718750 0.279687 0.710938
0 0.240625 0.507812 0.284375 0.519531 0.268750 0.646484 0.220312 0.638672
0 0.179688 0.437500 0.225000 0.447266 0.204687 0.574219 0.156250 0.560547
0 0.401562 0.355469 0.451562 0.371094 0.426563 0.507812 0.381250 0.488281
0 0.325000 0.384766 0.371875 0.398438 0.346875 0.533203 0.303125 0.521484
0 0.273438 0.292969 0.321875 0.304688 0.298438 0.451172 0.251563 0.441406
0 0.217188 0.218750 0.264062 0.230469 0.243750 0.367188 0.200000 0.357422
0 0.367188 0.199219 0.407813 0.210938 0.387500 0.339844 0.339062 0.326172
0 0.312500 0.126953 0.354687 0.134766 0.331250 0.251953 0.289062 0.242188
0 0.431250 0.160156 0.478125 0.171875 0.457813 0.314453 0.412500 0.298828
0 0.460938 0.000000 0.501563 0.011719 0.485938 0.115234 0.440625 0.099609
0 0.396875 0.035156 0.437500 0.041016 0.420312 0.150391 0.371875 0.138672
0 0.346875 0.000000 0.390625 0.000000 0.360938 0.111328 0.315625 0.095703
0 0.251563 0.041016 0.298438 0.050781 0.270313 0.175781 0.226562 0.160156
