0 0.550000 0.000000 0.623437 0.000000 0.653125 0.277344 0.581250 0.279297
0 0.146875 0.861328 0.204687 0.853516 0.215625 1.000000 0.159375 1.000000
0 0.084375 0.886719 0.137500 0.884766 0.137500 1.000000 0.085938 1.000000
0 0.000000 0.884766 0.045312 0.882812 0.050000 1.000000 0.000000 1.000000
0 0.142187 0.634766 0.192188 0.632812 0.196875 0.785156 0.143750 0.789062
0 0.067187 0.652344 0.120313 0.652344 0.128125 0.810547 0.071875 0.820312
0 0.000000 0.625000 0.039062 0.625000 0.045312 0.779297 0.000000 0.779297
0 0.131250 0.425781 0.181250 0.425781 0.187500 0.568359 0.135937 0.572266
0 0.056250 0.388672 0.106250 0.386719 0.110937 0.539062 0.054688 0.541016
0 0.000000 0.433594 0.051562 0.433594 0.046875 0.585938 0.000000 0.582031
0 0.117188 0.212891 0.170313 0.208984 0.173437 0.351562 0.121875 0.355469
0 0.039062 0.183594 0.092188 0.179688 0.096875 0.326172 0.040625 0.328125
0 0.000000 0.238281 0.032813 0.234375 0.039062 0.376953 0.000000 0.384766
0 0.115625 0.021484 0.164062 0.015625 0.167187 0.150391 0.115625 0.154297
0 0.000000 0.017578 0.028125 0.019531 0.026562 0.173828 0.000000 0.173828
