0 0.317188 0.689453 0.359375 0.687500 0.364063 0.816406 0.317188 0.818359
0 0.318750 0.523438 0.351562 0.523438 0.357812 0.652344 0.321875 0.652344
0 0.312500 0.416016 0.343750 0.416016 0.348438 0.507812 0.317188 0.509766
0 0.307812 0.291016 0.337500 0.291016 0.342187 0.388672 0.310937 0.390625
0 0.306250 0.132812 0.340625 0.126953 0.348438 0.240234 0.310937 0.242188
0 0.406250 0.152344 0.435937 0.148438 0.448437 0.246094 0.415625 0.248047
0 0.293750 0.011719 0.329688 0.009766 0.334375 0.109375 0.307812 0.115234
0 0.429688 0.871094 0.464062 0.869141 0.465625 0.998047 0.426563 0.998047
0 0.420312 0.000000 0.451562 0.000000 0.456250 0.056641 0.429688 0.060547
0 0.320312 0.837891 0.357812 0.835938 0.360938 0.960938 0.321875 0.962891
