0 0.714063 0.818359 0.760938 0.828125 0.760938 0.958984 0.720313 0.960938
0 0.117188 0.109375 0.201563 0.109375 0.201563 0.154297 0.117188 0.154297
0 0.114062 0.158203 0.198437 0.158203 0.198437 0.205078 0.114062 0.205078
0 0.104688 0.314453 0.182812 0.318359 0.179688 0.369141 0.098437 0.359375
0 0.092188 0.380859 0.178125 0.380859 0.178125 0.427734 0.092188 0.427734
0 0.096875 0.734375 0.184375 0.734375 0.184375 0.783203 0.096875 0.783203
0 0.456250 0.384766 0.496875 0.384766 0.496875 0.498047 0.456250 0.498047
0 0.506250 0.515625 0.546875 0.513672 0.551562 0.638672 0.501563 0.638672
0 0.517188 0.660156 0.553125 0.660156 0.559375 0.771484 0.517188 0.771484
0 0.453125 0.667969 0.498437 0.669922 0.500000 0.792969 0.448437 0.789062
0 0.448437 0.812500 0.496875 0.814453 0.493750 0.943359 0.445312 0.947266
0 0.518750 0.812500 0.554688 0.814453 0.554688 0.929688 0.520312 0.931641
0 0.648438 0.804688 0.687500 0.808594 0.689063 0.925781 0.651563 0.927734
3 0.375000 0.937500 0.423438 0.937500 0.423438 1.000000 0.375000 1.000000
0 0.707812 0.046875 0.746875 0.046875 0.746875 0.140625 0.707812 0.140625
4 0.101562 0.214844 0.196875 0.214844 0.196875 0.257812 0.101562 0.257812
4 0.096875 0.263672 0.190625 0.263672 0.190625 0.310547 0.096875 0.310547
