0 0.542188 0.257812 0.604688 0.332031 0.581250 0.361328 0.518750 0.289062
0 0.021875 0.357422 0.039062 0.398438 0.000000 0.443359 0.000000 0.398438
0 0.000000 0.445312 0.056250 0.400391 0.073438 0.441406 0.006250 0.484375
0 0.000000 0.535156 0.043750 0.488281 0.060937 0.529297 0.000000 0.574219
0 0.004687 0.585938 0.087500 0.533203 0.104688 0.576172 0.018750 0.626953
0 0.704688 0.000000 0.732812 0.000000 0.787500 0.009766 0.759375 0.042969
0 0.881250 0.000000 0.907813 0.000000 0.965625 0.021484 0.935937 0.066406
0 0.945312 0.087891 1.000000 0.134766 1.000000 0.177734 0.928125 0.130859
0 0.825000 0.097656 0.901563 0.156250 0.878125 0.193359 0.806250 0.132812
0 0.725000 0.966797 0.764062 0.966797 0.762500 1.000000 0.725000 1.000000
0 0.845313 0.882812 0.884375 0.886719 0.884375 0.990234 0.845313 0.992188
0 0.784375 0.919922 0.825000 0.921875 0.823438 1.000000 0.781250 1.000000
0 0.665625 0.845703 0.700000 0.849609 0.693750 0.962891 0.657813 0.960938
0 0.662500 0.621094 0.696875 0.625000 0.695312 0.734375 0.656250 0.732422
0 0.615625 0.416016 0.645312 0.402344 0.675000 0.490234 0.640625 0.507812
