0 0.264062 0.007812 0.298438 0.000000 0.309375 0.091797 0.276562 0.095703
0 0.190625 0.089844 0.218750 0.076172 0.256250 0.162109 0.218750 0.179688
0 0.223438 0.041016 0.251563 0.031250 0.276562 0.113281 0.246875 0.125000
0 0.307812 0.000000 0.340625 0.000000 0.353125 0.058594 0.320312 0.062500
0 0.354687 0.000000 0.389062 0.000000 0.393750 0.021484 0.360938 0.021484
0 0.139063 0.251953 0.198437 0.195312 0.220312 0.226562 0.159375 0.285156
0 0.034375 0.353516 0.095312 0.289062 0.118750 0.318359 0.056250 0.386719
0 0.079687 0.527344 0.101562 0.500000 0.154688 0.570312 0.129688 0.595703
0 0.246875 0.953125 0.312500 0.884766 0.335938 0.916016 0.267188 0.986328
0 0.342187 0.853516 0.407813 0.789062 0.435937 0.824219 0.368750 0.892578
0 0.393750 0.894531 0.464062 0.824219 0.485938 0.861328 0.418750 0.931641
0 0.487500 0.791016 0.553125 0.722656 0.576562 0.753906 0.514062 0.824219
0 0.585938 0.691406 0.646875 0.630859 0.667188 0.660156 0.609375 0.726562
0 0.462500 0.908203 0.523438 0.843750 0.548438 0.876953 0.487500 0.947266
0 0.351562 1.000000 0.410938 0.966797 0.431250 0.992188 0.373437 1.000000
0 0.306250 0.988281 0.367188 0.923828 0.389062 0.955078 0.328125 1.000000
1 0.457813 0.726562 0.543750 0.636719 0.570312 0.681641 0.482812 0.777344
3 0.535937 0.816406 0.712500 0.621094 0.746875 0.669922 0.575000 0.869141
3 0.603125 0.556641 0.770312 0.380859 0.807813 0.423828 0.637500 0.617188
