0 0.862500 0.402344 0.921875 0.339844 0.943750 0.373047 0.887500 0.431641
0 0.948438 0.328125 1.000000 0.269531 1.000000 0.294922 0.970313 0.353516
0 0.410938 0.000000 0.465625 0.000000 0.490625 0.000000 0.432812 0.031250
0 0.007812 0.332031 0.026562 0.371094 0.000000 0.427734 0.000000 0.388672
0 0.012500 0.326172 0.075000 0.263672 0.098437 0.300781 0.031250 0.361328
0 0.095312 0.250000 0.170313 0.179688 0.187500 0.222656 0.118750 0.283203
0 0.270313 0.134766 0.301563 0.156250 0.250000 0.236328 0.220312 0.210938
0 0.460938 0.158203 0.485938 0.132812 0.539062 0.197266 0.514062 0.220703
0 0.128125 0.000000 0.150000 0.000000 0.196875 0.023438 0.171875 0.048828
0 0.254688 0.009766 0.278125 0.000000 0.328125 0.052734 0.303125 0.078125
0 0.187500 0.058594 0.207813 0.039062 0.257812 0.105469 0.229687 0.126953
0 0.840625 0.519531 0.903125 0.457031 0.925000 0.484375 0.867188 0.552734
0 0.734375 0.626953 0.792188 0.560547 0.820312 0.597656 0.759375 0.664062
4 0.289062 0.000000 0.312500 0.000000 0.353125 0.029297 0.332813 0.050781
1 0.653125 0.535156 0.735938 0.443359 0.767188 0.486328 0.679688 0.576172
0 0.562500 0.640625 0.625000 0.572266 0.650000 0.607422 0.585938 0.673828
3 1.000000 0.251953 1.000000 0.298828 0.945312 0.478516 0.912500 0.429688
0 0.946875 0.810547 0.976562 0.841797 0.909375 0.921875 0.884375 0.888672
3 0.257812 0.925781 0.432812 0.748047 0.465625 0.798828 0.295312 0.980469
3 0.746875 0.421875 0.909375 0.244141 0.945312 0.291016 0.779687 0.470703
0 0.198437 1.000000 0.268750 0.957031 0.290625 0.988281 0.220312 1.000000
0 0.345313 0.976562 0.415625 0.900391 0.437500 0.931641 0.367188 1.000000
0 0.479687 1.000000 0.551562 0.925781 0.578125 0.957031 0.503125 1.000000
0 0.465625 0.925781 0.537500 0.851562 0.560937 0.886719 0.489063 0.958984
0 0.426563 0.878906 0.495312 0.816406 0.518750 0.847656 0.450000 0.916016
0 0.468750 0.738281 0.529687 0.671875 0.554688 0.703125 0.493750 0.769531
0 0.518750 0.785156 0.582812 0.716797 0.604688 0.751953 0.542188 0.820312
0 0.596875 0.884766 0.671875 0.808594 0.695312 0.837891 0.625000 0.917969
0 0.568750 0.818359 0.635938 0.748047 0.662500 0.781250 0.595313 0.855469
0 0.709375 0.777344 0.767188 0.710938 0.789062 0.740234 0.731250 0.804688
0 0.660937 0.730469 0.718750 0.662109 0.740625 0.691406 0.678125 0.757812
0 0.614062 0.689453 0.678125 0.615234 0.701562 0.644531 0.637500 0.718750
0 0.690625 0.580078 0.754687 0.525391 0.778125 0.554688 0.718750 0.625000
0 0.778125 0.501953 0.834375 0.439453 0.857812 0.470703 0.803125 0.535156
