0 0.415625 0.621094 0.451562 0.613281 0.464062 0.718750 0.428125 0.724609
0 0.346875 0.625000 0.379688 0.617188 0.395313 0.728516 0.359375 0.734375
0 0.292187 0.667969 0.325000 0.660156 0.335938 0.763672 0.304688 0.771484
0 0.229687 0.671875 0.262500 0.664062 0.275000 0.761719 0.240625 0.767578
0 0.245312 0.828125 0.282813 0.820312 0.292187 0.931641 0.257812 0.939453
0 0.307812 0.824219 0.340625 0.816406 0.351562 0.923828 0.318750 0.927734
0 0.360938 0.773438 0.398438 0.763672 0.414062 0.873047 0.371875 0.880859
0 0.379688 0.919922 0.415625 0.917969 0.423438 1.000000 0.385937 1.000000
0 0.212500 0.058594 0.243750 0.052734 0.257812 0.158203 0.223438 0.164062
0 0.259375 0.060547 0.301563 0.046875 0.318750 0.164062 0.278125 0.171875
4 0.417187 0.335938 0.448437 0.328125 0.478125 0.439453 0.440625 0.449219
4 0.887500 0.269531 0.912500 0.283203 0.882812 0.365234 0.856250 0.349609
0 0.435937 0.888672 0.481250 0.876953 0.492188 0.998047 0.446875 1.000000
0 0.500000 0.921875 0.537500 0.916016 0.553125 1.000000 0.510938 1.000000
0 0.600000 0.863281 0.632812 0.855469 0.648438 0.968750 0.610938 0.972656
3 0.606250 0.582031 0.653125 0.576172 0.679688 0.746094 0.635938 0.751953
0 0.515625 0.269531 0.545312 0.263672 0.560937 0.353516 0.526563 0.359375
0 0.578125 0.281250 0.618750 0.269531 0.635938 0.378906 0.600000 0.386719
0 0.976562 0.351562 1.000000 0.373047 0.962500 0.457031 0.932813 0.433594
0 0.320312 0.013672 0.365625 0.001953 0.373437 0.107422 0.332813 0.117188
0 0.335938 0.156250 0.379688 0.146484 0.395313 0.250000 0.351562 0.261719
0 0.392188 0.195312 0.418750 0.185547 0.451562 0.283203 0.418750 0.296875
0 0.364063 0.300781 0.393750 0.294922 0.414062 0.396484 0.381250 0.404297
0 0.287500 0.214844 0.321875 0.205078 0.339062 0.310547 0.298438 0.318359
0 0.228125 0.214844 0.270313 0.201172 0.282813 0.316406 0.242188 0.320312
0 0.173437 0.203125 0.212500 0.195312 0.228125 0.306641 0.184375 0.318359
0 0.193750 0.337891 0.228125 0.332031 0.242188 0.435547 0.206250 0.441406
0 0.207813 0.507812 0.245312 0.503906 0.257812 0.615234 0.221875 0.623047
0 0.268750 0.496094 0.300000 0.490234 0.315625 0.595703 0.279687 0.603516
0 0.254688 0.349609 0.289062 0.343750 0.301563 0.451172 0.265625 0.458984
0 0.307812 0.339844 0.340625 0.330078 0.356250 0.439453 0.321875 0.447266
0 0.392188 0.460938 0.421875 0.455078 0.443750 0.576172 0.407813 0.583984
0 0.326562 0.482422 0.371875 0.472656 0.389062 0.591797 0.343750 0.597656
0 0.451562 0.490234 0.484375 0.482422 0.500000 0.595703 0.465625 0.601562
0 0.468750 0.632812 0.501563 0.626953 0.521875 0.736328 0.482812 0.742188
0 0.492188 0.777344 0.525000 0.769531 0.542188 0.882812 0.507812 0.888672
0 0.426563 0.759766 0.459375 0.751953 0.473438 0.855469 0.440625 0.865234
