0 0.696875 0.708984 0.762500 0.638672 0.787500 0.675781 0.723437 0.746094
0 0.829688 0.669922 0.892188 0.597656 0.920312 0.632812 0.853125 0.705078
0 0.909375 0.576172 0.971875 0.511719 0.992188 0.541016 0.932813 0.611328
3 0.670312 0.628906 0.823438 0.470703 0.857812 0.517578 0.704688 0.681641
3 0.850000 0.437500 1.000000 0.273438 1.000000 0.318359 0.885938 0.488281
0 0.950000 0.439453 1.000000 0.388672 1.000000 0.423828 0.976562 0.472656
0 0.800000 0.955078 0.889062 0.884766 0.907813 0.925781 0.817187 0.996094
4 0.042188 0.511719 0.071875 0.505859 0.090625 0.626953 0.051562 0.634766
4 0.740625 0.761719 0.807813 0.695312 0.829688 0.724609 0.764062 0.798828
0 0.006250 0.183594 0.039062 0.171875 0.048438 0.277344 0.010937 0.275391
0 0.264062 0.904297 0.343750 0.964844 0.323437 1.000000 0.239063 0.947266
0 0.898438 0.310547 0.964063 0.242188 0.987500 0.269531 0.923438 0.343750
0 0.810937 0.406250 0.871875 0.339844 0.895312 0.367188 0.832812 0.435547
0 0.739062 0.482422 0.795312 0.417969 0.818750 0.445312 0.759375 0.513672
0 0.665625 0.558594 0.725000 0.501953 0.745313 0.531250 0.689063 0.587891
0 0.782813 0.621094 0.843750 0.558594 0.867188 0.585938 0.804688 0.656250
0 0.873437 0.529297 0.937500 0.457031 0.960938 0.488281 0.900000 0.560547
