0 0.562500 0.550781 0.595313 0.546875 0.600000 0.625000 0.567187 0.628906
3 0.357812 0.193359 0.404687 0.199219 0.425000 0.404297 0.371875 0.412109
3 0.632812 0.421875 0.681250 0.416016 0.704688 0.664062 0.645312 0.667969
0 0.301563 0.923828 0.331250 0.919922 0.342187 1.000000 0.304688 1.000000
0 0.446875 0.957031 0.478125 0.951172 0.487500 1.000000 0.456250 1.000000
0 0.421875 0.771484 0.454688 0.765625 0.473438 0.878906 0.432812 0.886719
0 0.459375 0.660156 0.489063 0.650391 0.514062 0.757812 0.479687 0.769531
0 0.404687 0.626953 0.446875 0.619141 0.454688 0.728516 0.417187 0.734375
0 0.332813 0.539062 0.367188 0.533203 0.381250 0.650391 0.340625 0.658203
0 0.387500 0.445312 0.432812 0.441406 0.439063 0.554688 0.398438 0.556641
4 0.973437 0.775391 0.995313 0.792969 0.964063 0.873047 0.937500 0.853516
0 0.510938 0.207031 0.543750 0.203125 0.551562 0.296875 0.518750 0.302734
0 0.182812 0.382812 0.215625 0.378906 0.220312 0.486328 0.184375 0.490234
0 0.275000 0.361328 0.307812 0.357422 0.312500 0.457031 0.279687 0.460938
0 0.360938 0.048828 0.393750 0.044922 0.401562 0.150391 0.368750 0.152344
4 0.473438 0.820312 0.509375 0.810547 0.534375 0.919922 0.496875 0.935547
