0 0.340625 0.462891 0.365625 0.439453 0.420312 0.519531 0.392188 0.548828
4 0.243750 0.542969 0.270313 0.517578 0.318750 0.578125 0.295312 0.609375
0 0.712500 0.082031 0.748437 0.085938 0.737500 0.177734 0.701562 0.169922
0 0.698438 0.201172 0.728125 0.210938 0.712500 0.304688 0.681250 0.296875
0 0.668750 0.300781 0.704688 0.314453 0.682813 0.414062 0.639062 0.398438
0 0.642188 0.412109 0.687500 0.431641 0.654687 0.537109 0.620313 0.525391
0 0.481250 0.322266 0.518750 0.304688 0.553125 0.408203 0.517188 0.421875
0 0.378125 0.419922 0.406250 0.384766 0.467187 0.474609 0.437500 0.501953
0 0.320312 0.921875 0.403125 0.937500 0.400000 0.982422 0.312500 0.976562
0 0.560937 0.955078 0.648438 0.962891 0.646875 1.000000 0.557813 1.000000
0 0.879687 0.951172 0.978125 0.962891 0.978125 1.000000 0.878125 1.000000
0 0.064062 0.972656 0.153125 0.986328 0.148438 1.000000 0.060937 1.000000
