0 0.364063 0.125000 0.401562 0.130859 0.395313 0.236328 0.356250 0.234375
0 0.039062 0.900391 0.065625 0.941406 0.000000 1.000000 0.000000 0.978516
0 0.035937 0.777344 0.065625 0.757812 0.109375 0.855469 0.079687 0.878906
0 0.895312 1.000000 0.948438 0.937500 0.973437 0.962891 0.923438 1.000000
0 0.348438 0.900391 0.426563 0.822266 0.450000 0.857422 0.370312 0.935547
3 0.825000 0.679688 1.000000 0.611328 1.000000 0.673828 0.835938 0.750000
1 0.700000 0.421875 0.739062 0.410156 0.776563 0.529297 0.728125 0.544922
0 0.739062 0.277344 0.770312 0.263672 0.804688 0.349609 0.771875 0.369141
0 0.654687 0.164062 0.692187 0.166016 0.681250 0.267578 0.643750 0.257812
0 0.550000 0.000000 0.581250 0.003906 0.578125 0.095703 0.543750 0.093750
0 0.542188 0.152344 0.573438 0.156250 0.571875 0.255859 0.534375 0.253906
0 0.476562 0.158203 0.510938 0.162109 0.504687 0.265625 0.470313 0.259766
0 0.412500 0.181641 0.443750 0.189453 0.440625 0.289062 0.401562 0.287109
0 0.482812 0.035156 0.525000 0.044922 0.515625 0.146484 0.479687 0.140625
0 0.426563 0.044922 0.456250 0.044922 0.451562 0.144531 0.417187 0.142578
