0 0.434375 0.845703 0.468750 0.843750 0.485938 0.957031 0.443750 0.964844
0 0.368750 0.748047 0.403125 0.746094 0.410938 0.851562 0.378125 0.855469
0 0.248438 0.652344 0.284375 0.652344 0.295312 0.777344 0.254688 0.781250
0 0.414062 0.558594 0.450000 0.552734 0.462500 0.658203 0.423438 0.662109
0 0.501563 0.470703 0.539062 0.466797 0.546875 0.576172 0.514062 0.580078
0 0.448437 0.000000 0.481250 0.000000 0.489063 0.035156 0.450000 0.035156
0 0.515625 0.078125 0.548438 0.074219 0.556250 0.179688 0.521875 0.181641
0 0.275000 0.255859 0.310937 0.251953 0.320312 0.375000 0.284375 0.380859
0 0.257812 0.019531 0.295312 0.013672 0.304688 0.132812 0.264062 0.134766
0 0.209375 0.056641 0.245312 0.056641 0.254688 0.167969 0.214062 0.171875
0 0.148438 0.021484 0.189062 0.013672 0.195312 0.128906 0.150000 0.130859
0 0.315625 0.875000 0.350000 0.873047 0.359375 0.982422 0.323437 0.984375
0 0.203125 0.826172 0.240625 0.822266 0.253125 0.951172 0.212500 0.958984
3 0.328125 0.312500 0.375000 0.308594 0.403125 0.570312 0.342187 0.576172
