0 0.106250 0.072266 0.140625 0.078125 0.126562 0.158203 0.093750 0.152344
0 0.021875 0.048828 0.059375 0.052734 0.040625 0.160156 0.007812 0.156250
0 0.067187 0.072266 0.101562 0.078125 0.082812 0.173828 0.046875 0.166016
0 0.085938 0.449219 0.120313 0.455078 0.110937 0.558594 0.073438 0.552734
0 0.112500 0.345703 0.142187 0.349609 0.132812 0.449219 0.093750 0.443359
0 0.076563 0.308594 0.146875 0.238281 0.175000 0.267578 0.103125 0.349609
0 0.026562 0.582031 0.056250 0.591797 0.035937 0.683594 0.006250 0.673828
0 0.045312 0.753906 0.084375 0.761719 0.068750 0.863281 0.031250 0.855469
0 0.028125 0.894531 0.057813 0.896484 0.051562 0.974609 0.018750 0.968750
0 0.000000 0.396484 0.029687 0.359375 0.043750 0.396484 0.000000 0.435547
0 0.720313 0.433594 0.765625 0.437500 0.759375 0.554688 0.717187 0.550781
0 0.660937 0.265625 0.700000 0.267578 0.696875 0.376953 0.656250 0.375000
0 0.664062 0.558594 0.695312 0.560547 0.690625 0.666016 0.657813 0.664062
3 0.320312 0.076172 0.371875 0.082031 0.340625 0.345703 0.284375 0.339844
0 0.390625 0.261719 0.428125 0.273438 0.410938 0.390625 0.373437 0.378906
0 0.678125 0.000000 0.712500 0.000000 0.709375 0.042969 0.675000 0.041016
4 0.071875 0.570312 0.107813 0.578125 0.092188 0.681641 0.056250 0.673828
0 0.584375 0.593750 0.625000 0.595703 0.621875 0.710938 0.579688 0.703125
0 0.634375 0.818359 0.673438 0.826172 0.668750 0.951172 0.628125 0.943359
0 0.315625 0.859375 0.359375 0.861328 0.354687 0.988281 0.306250 0.984375
0 0.407813 0.509766 0.442188 0.511719 0.434375 0.617188 0.401562 0.615234
0 0.154688 0.060547 0.190625 0.064453 0.175000 0.173828 0.140625 0.166016
