0 0.000000 0.779297 0.096875 0.779297 0.096875 0.830078 0.000000 0.830078
0 0.085938 0.708984 0.170313 0.708984 0.170313 0.759766 0.085938 0.759766
0 0.134375 0.767578 0.223438 0.767578 0.223438 0.830078 0.134375 0.830078
0 0.251563 0.773438 0.348438 0.773438 0.348438 0.828125 0.251563 0.828125
0 0.225000 0.708984 0.325000 0.708984 0.325000 0.757812 0.225000 0.757812
0 0.031250 0.630859 0.123438 0.630859 0.123438 0.683594 0.031250 0.683594
0 0.171875 0.634766 0.267188 0.634766 0.267188 0.687500 0.171875 0.687500
0 0.296875 0.636719 0.379688 0.648438 0.375000 0.697266 0.289062 0.685547
0 0.425000 0.767578 0.526563 0.767578 0.526563 0.822266 0.425000 0.822266
0 0.570312 0.759766 0.660937 0.759766 0.660937 0.808594 0.570312 0.808594
0 0.679688 0.755859 0.779687 0.755859 0.779687 0.804688 0.679688 0.804688
0 0.931250 0.740234 1.000000 0.740234 1.000000 0.794922 0.931250 0.794922
0 0.887500 0.511719 0.987500 0.511719 0.987500 0.562500 0.887500 0.562500
0 0.965625 0.330078 1.000000 0.320312 1.000000 0.425781 0.973437 0.425781
0 0.915625 0.328125 0.948438 0.328125 0.948438 0.423828 0.915625 0.423828
0 0.865625 0.316406 0.901563 0.316406 0.901563 0.425781 0.865625 0.425781
0 0.728125 0.460938 0.821875 0.457031 0.825000 0.500000 0.735938 0.507812
0 0.732812 0.400391 0.820312 0.400391 0.820312 0.445312 0.732812 0.445312
0 0.743750 0.335938 0.835938 0.335938 0.835938 0.384766 0.743750 0.384766
0 0.601562 0.007812 0.642188 0.007812 0.642188 0.107422 0.601562 0.107422
0 0.607812 0.117188 0.643750 0.117188 0.643750 0.212891 0.607812 0.212891
0 0.614062 0.224609 0.654687 0.224609 0.654687 0.332031 0.614062 0.332031
0 0.620313 0.349609 0.667188 0.351562 0.673438 0.458984 0.632812 0.464844
0 0.584375 0.355469 0.621875 0.355469 0.621875 0.472656 0.584375 0.472656
0 0.535937 0.361328 0.571875 0.361328 0.571875 0.472656 0.535937 0.472656
0 0.437500 0.447266 0.531250 0.457031 0.526563 0.505859 0.434375 0.496094
0 0.095312 0.423828 0.185938 0.423828 0.185938 0.468750 0.095312 0.468750
0 0.000000 0.378906 0.031250 0.445312 0.004687 0.472656 0.000000 0.406250
0 0.000000 0.201172 0.023438 0.201172 0.023438 0.304688 0.000000 0.304688
0 0.023438 0.148438 0.065625 0.148438 0.065625 0.259766 0.023438 0.259766
0 0.021875 0.000000 0.065625 0.000000 0.065625 0.099609 0.021875 0.099609
