0 0.935937 0.564453 1.000000 0.564453 1.000000 0.625000 0.935937 0.625000
0 0.346875 0.779297 0.435937 0.779297 0.435937 0.833984 0.346875 0.833984
0 0.625000 0.369141 0.684375 0.369141 0.684375 0.416016 0.625000 0.416016
0 0.350000 0.376953 0.437500 0.371094 0.440625 0.419922 0.350000 0.421875
0 0.273438 0.449219 0.362500 0.449219 0.362500 0.494141 0.273438 0.494141
0 0.084375 0.027344 0.171875 0.029297 0.170313 0.076172 0.081250 0.076172
0 0.193750 0.035156 0.256250 0.035156 0.256250 0.080078 0.193750 0.080078
0 0.290625 0.046875 0.378125 0.046875 0.378125 0.093750 0.290625 0.093750
0 0.000000 0.023438 0.070312 0.023438 0.070312 0.083984 0.000000 0.083984
0 0.390625 0.136719 0.484375 0.136719 0.484375 0.187500 0.390625 0.187500
0 0.104688 0.699219 0.204687 0.699219 0.204687 0.753906 0.104688 0.753906
0 0.471875 0.691406 0.562500 0.691406 0.562500 0.744141 0.471875 0.744141
0 0.532813 0.054688 0.617188 0.052734 0.621875 0.097656 0.537500 0.101562
0 0.714063 0.693359 0.803125 0.693359 0.803125 0.746094 0.714063 0.746094
4 0.395313 0.039062 0.515625 0.044922 0.514062 0.101562 0.390625 0.085938
0 0.090625 0.791016 0.179688 0.791016 0.179688 0.847656 0.090625 0.847656
0 0.623437 0.767578 0.725000 0.767578 0.725000 0.826172 0.623437 0.826172
0 0.631250 0.066406 0.714063 0.072266 0.715625 0.117188 0.632812 0.109375
0 0.729688 0.019531 0.804688 0.107422 0.778125 0.140625 0.706250 0.070312
0 0.862500 0.085938 0.957812 0.087891 0.956250 0.138672 0.862500 0.132812
0 0.871875 0.027344 0.942187 0.033203 0.943750 0.070312 0.870313 0.070312
0 0.934375 0.767578 1.000000 0.763672 1.000000 0.816406 0.934375 0.816406
