0 0.854688 0.001953 0.884375 0.000000 0.948438 0.044922 0.918750 0.082031
0 0.846875 0.154297 0.926562 0.154297 0.926562 0.199219 0.846875 0.199219
0 0.729688 0.091797 0.817187 0.091797 0.817187 0.144531 0.729688 0.144531
4 0.778125 0.019531 0.854688 0.019531 0.857812 0.064453 0.779687 0.066406
4 0.720313 0.146484 0.828125 0.152344 0.829688 0.201172 0.718750 0.199219
0 0.000000 0.906250 0.059375 0.906250 0.059375 0.962891 0.000000 0.962891
0 0.135937 0.888672 0.231250 0.888672 0.231250 0.937500 0.135937 0.937500
0 0.839063 0.892578 0.934375 0.892578 0.934375 0.945312 0.839063 0.945312
0 0.800000 0.800781 0.898438 0.800781 0.898438 0.849609 0.800000 0.849609
0 0.531250 0.886719 0.637500 0.886719 0.637500 0.939453 0.531250 0.939453
0 0.300000 0.892578 0.404687 0.892578 0.404687 0.949219 0.300000 0.949219
0 0.176563 0.814453 0.276562 0.814453 0.276562 0.869141 0.176563 0.869141
0 0.096875 0.716797 0.187500 0.716797 0.187500 0.765625 0.096875 0.765625
0 0.000000 0.378906 0.068750 0.402344 0.054688 0.455078 0.000000 0.423828
0 0.573438 0.806641 0.678125 0.806641 0.678125 0.857422 0.573438 0.857422
0 0.492188 0.552734 0.585938 0.552734 0.585938 0.605469 0.492188 0.605469
0 0.748437 0.425781 0.835938 0.425781 0.835938 0.480469 0.748437 0.480469
0 0.704688 0.234375 0.804688 0.234375 0.801562 0.292969 0.701562 0.287109
0 0.123438 0.138672 0.206250 0.138672 0.206250 0.185547 0.123438 0.185547
0 0.287500 0.136719 0.373437 0.136719 0.376563 0.185547 0.287500 0.181641
0 0.392188 0.134766 0.481250 0.138672 0.482812 0.177734 0.390625 0.177734
0 0.503125 0.130859 0.571875 0.136719 0.568750 0.181641 0.506250 0.181641
0 0.598437 0.146484 0.685937 0.144531 0.687500 0.189453 0.600000 0.193359
0 0.565625 0.001953 0.587500 0.000000 0.634375 0.042969 0.612500 0.064453
0 0.493750 0.000000 0.515625 0.000000 0.568750 0.029297 0.545312 0.054688
0 0.439063 0.000000 0.462500 0.000000 0.518750 0.029297 0.489063 0.062500
0 0.364063 0.000000 0.392188 0.000000 0.446875 0.029297 0.415625 0.060547
0 0.307812 0.000000 0.332813 0.000000 0.387500 0.025391 0.357812 0.056641
0 0.196875 0.019531 0.223438 0.000000 0.279687 0.058594 0.251563 0.087891
0 0.123438 0.041016 0.210938 0.033203 0.212500 0.080078 0.123438 0.083984
0 0.928125 0.005859 0.956250 0.000000 0.998437 0.078125 0.968750 0.097656
0 0.945312 0.154297 1.000000 0.162109 1.000000 0.208984 0.940625 0.203125
0 0.964063 0.003906 0.985938 0.000000 1.000000 0.050781 1.000000 0.076172
