0 0.632812 0.000000 0.667188 0.000000 0.659375 0.042969 0.621875 0.035156
0 0.962500 0.773438 1.000000 0.773438 1.000000 0.822266 0.962500 0.822266
0 0.021875 0.886719 0.059375 0.914062 0.000000 1.000000 0.000000 0.960938
0 0.048438 1.000000 0.110937 0.958984 0.126562 0.994141 0.062500 1.000000
0 0.089063 0.830078 0.175000 0.785156 0.189062 0.826172 0.107813 0.880859
3 0.295312 0.734375 0.532813 0.710938 0.539062 0.783203 0.300000 0.808594
0 0.456250 0.800781 0.556250 0.800781 0.556250 0.853516 0.456250 0.853516
0 0.739062 0.791016 0.831250 0.791016 0.831250 0.839844 0.739062 0.839844
0 0.670312 0.710938 0.771875 0.705078 0.773438 0.757812 0.675000 0.765625
0 0.560937 0.585938 0.653125 0.580078 0.654687 0.625000 0.562500 0.628906
0 0.576562 0.652344 0.662500 0.652344 0.662500 0.699219 0.576562 0.699219
0 0.725000 0.626953 0.834375 0.626953 0.835938 0.679688 0.734375 0.687500
3 0.854688 0.689453 1.000000 0.683594 1.000000 0.750000 0.864062 0.761719
0 0.898438 0.554688 0.978125 0.554688 0.978125 0.601562 0.898438 0.601562
0 0.942187 0.054688 0.973437 0.054688 0.985938 0.150391 0.953125 0.150391
0 0.892188 0.042969 0.928125 0.044922 0.925000 0.160156 0.884375 0.152344
0 0.845313 0.025391 0.879687 0.033203 0.865625 0.142578 0.829688 0.132812
0 0.793750 0.000000 0.829688 0.000000 0.807813 0.103516 0.771875 0.087891
0 0.737500 0.000000 0.770312 0.000000 0.759375 0.054688 0.726562 0.046875
