0 0.965625 0.187500 1.000000 0.224609 1.000000 0.267578 0.948438 0.234375
0 0.990625 0.000000 1.000000 0.000000 1.000000 0.082031 0.967187 0.070312
0 0.942187 0.000000 0.973437 0.000000 0.960938 0.048828 0.928125 0.039062
0 0.289062 0.798828 0.381250 0.753906 0.396875 0.810547 0.301563 0.845703
0 0.359375 0.935547 0.445312 0.873047 0.468750 0.921875 0.376563 0.982422
0 0.600000 0.798828 0.700000 0.798828 0.700000 0.855469 0.600000 0.855469
0 0.828125 0.787109 0.915625 0.787109 0.915625 0.841797 0.828125 0.841797
0 0.770312 0.648438 0.865625 0.648438 0.865625 0.699219 0.770312 0.699219
0 0.854688 0.710938 0.945312 0.710938 0.945312 0.765625 0.854688 0.765625
0 0.937500 0.628906 1.000000 0.628906 1.000000 0.681641 0.937500 0.681641
0 0.926562 0.558594 1.000000 0.558594 1.000000 0.603516 0.926562 0.603516
0 0.800000 0.482422 0.937500 0.472656 0.937500 0.535156 0.804688 0.548828
0 0.754687 0.576172 0.857812 0.576172 0.857812 0.628906 0.754687 0.628906
3 0.515625 0.720703 0.734375 0.712891 0.737500 0.781250 0.517188 0.791016
