0 0.465625 0.761719 0.548438 0.757812 0.553125 0.808594 0.464062 0.812500
0 0.157812 0.775391 0.254688 0.767578 0.256250 0.822266 0.159375 0.833984
0 0.000000 0.781250 0.068750 0.781250 0.068750 0.832031 0.000000 0.832031
0 0.067187 0.710938 0.157812 0.707031 0.156250 0.761719 0.067187 0.761719
0 0.143750 0.638672 0.228125 0.632812 0.229687 0.673828 0.143750 0.677734
0 0.220312 0.707031 0.314063 0.703125 0.317188 0.757812 0.214062 0.763672
0 0.312500 0.757812 0.410938 0.759766 0.412500 0.820312 0.312500 0.822266
0 0.300000 0.617188 0.401562 0.617188 0.401562 0.667969 0.300000 0.667969
0 0.342187 0.701172 0.431250 0.693359 0.431250 0.748047 0.342187 0.751953
3 0.459375 0.679688 0.700000 0.662109 0.696875 0.734375 0.460938 0.746094
0 0.575000 0.767578 0.671875 0.763672 0.671875 0.814453 0.575000 0.818359
0 0.628125 0.884766 0.723437 0.886719 0.723437 0.939453 0.625000 0.945312
0 0.865625 0.742188 0.965625 0.740234 0.967187 0.785156 0.867188 0.792969
0 0.714063 0.753906 0.809375 0.755859 0.810937 0.802734 0.714063 0.806641
0 0.714063 0.664062 0.809375 0.664062 0.809375 0.720703 0.714063 0.720703
3 0.828125 0.654297 1.000000 0.648438 1.000000 0.710938 0.831250 0.726562
0 0.557813 0.263672 0.657813 0.291016 0.645312 0.339844 0.548438 0.310547
0 0.629687 0.054688 0.670312 0.037109 0.710938 0.144531 0.660937 0.164062
0 0.584375 0.048828 0.625000 0.041016 0.632812 0.132812 0.596875 0.142578
0 0.534375 0.035156 0.568750 0.031250 0.575000 0.132812 0.537500 0.134766
0 0.481250 0.019531 0.521875 0.027344 0.510938 0.138672 0.471875 0.132812
0 0.431250 0.001953 0.471875 0.009766 0.454688 0.125000 0.417187 0.113281
0 0.379688 0.000000 0.420312 0.000000 0.396875 0.083984 0.351562 0.064453
0 0.304688 0.169922 0.385937 0.201172 0.370312 0.253906 0.290625 0.220703
