0 0.070312 0.482422 0.107813 0.478516 0.126562 0.605469 0.070312 0.621094
0 0.035937 0.000000 0.068750 0.000000 0.118750 0.039062 0.084375 0.068359
0 0.023438 0.117188 0.064062 0.082031 0.115625 0.185547 0.071875 0.214844
0 0.064062 0.347656 0.100000 0.316406 0.159375 0.433594 0.125000 0.468750
0 0.304688 0.603516 0.343750 0.583984 0.387500 0.722656 0.340625 0.742188
0 0.187500 0.548828 0.235937 0.521484 0.275000 0.666016 0.221875 0.693359
0 0.281250 0.931641 0.329688 0.917969 0.354687 1.000000 0.303125 1.000000
0 0.728125 0.816406 0.778125 0.798828 0.814063 0.933594 0.762500 0.960938
0 0.587500 0.818359 0.643750 0.802734 0.671875 0.958984 0.618750 0.968750
0 0.417187 0.533203 0.445312 0.505859 0.507812 0.613281 0.473438 0.642578
0 0.620313 0.470703 0.664062 0.443359 0.715625 0.576172 0.673438 0.597656
0 0.489063 0.220703 0.532813 0.195312 0.589063 0.320312 0.537500 0.355469
0 0.435937 0.359375 0.478125 0.326172 0.523438 0.437500 0.481250 0.466797
0 0.257812 0.236328 0.293750 0.205078 0.348438 0.316406 0.310937 0.351562
