0 0.212500 0.000000 0.245312 0.000000 0.295312 0.013672 0.256250 0.041016
0 0.051562 0.000000 0.089063 0.000000 0.142187 0.042969 0.100000 0.070312
0 0.054688 0.158203 0.096875 0.146484 0.132812 0.265625 0.081250 0.281250
0 0.240625 0.871094 0.290625 0.855469 0.320312 0.990234 0.271875 1.000000
0 0.378125 0.800781 0.428125 0.785156 0.453125 0.925781 0.390625 0.937500
0 0.268750 0.593750 0.315625 0.580078 0.345313 0.701172 0.293750 0.720703
0 0.631250 0.734375 0.675000 0.724609 0.704688 0.861328 0.657813 0.873047
0 0.723437 0.750000 0.781250 0.738281 0.806250 0.882812 0.753125 0.898438
0 0.625000 0.380859 0.676562 0.361328 0.728125 0.505859 0.678125 0.529297
0 0.357812 0.224609 0.390625 0.195312 0.450000 0.306641 0.418750 0.337891
0 0.267188 0.283203 0.300000 0.265625 0.346875 0.386719 0.301563 0.412109
0 0.142187 0.195312 0.190625 0.169922 0.240625 0.300781 0.195312 0.330078
