0 0.904687 0.306641 1.000000 0.294922 1.000000 0.349609 0.910937 0.365234
4 0.531250 0.148438 0.584375 0.146484 0.592187 0.296875 0.537500 0.300781
4 0.968750 0.564453 1.000000 0.560547 1.000000 0.619141 0.970313 0.626953
0 0.964063 0.474609 1.000000 0.466797 1.000000 0.525391 0.971875 0.539062
0 0.934375 0.398438 1.000000 0.390625 1.000000 0.439453 0.939063 0.451172
0 0.890625 0.220703 1.000000 0.210938 1.000000 0.271484 0.898438 0.281250
0 0.878125 0.070312 0.989062 0.070312 0.989062 0.130859 0.878125 0.130859
0 0.170313 0.904297 0.218750 0.904297 0.218750 1.000000 0.170313 1.000000
0 0.087500 0.843750 0.143750 0.843750 0.143750 1.000000 0.087500 1.000000
0 0.165625 0.697266 0.214062 0.697266 0.220312 0.855469 0.159375 0.857422
0 0.648438 0.558594 0.696875 0.523438 0.751563 0.658203 0.701562 0.687500
0 0.564063 0.373047 0.603125 0.345703 0.659375 0.470703 0.617188 0.496094
0 0.518750 0.439453 0.564063 0.439453 0.564063 0.591797 0.518750 0.591797
0 0.301563 0.482422 0.365625 0.480469 0.367188 0.648438 0.314063 0.654297
0 0.148438 0.505859 0.200000 0.505859 0.200000 0.648438 0.148438 0.648438
3 0.057813 0.402344 0.131250 0.396484 0.142187 0.783203 0.064062 0.787109
0 0.062500 0.000000 0.115625 0.000000 0.120313 0.140625 0.068750 0.144531
0 0.450000 0.000000 0.496875 0.000000 0.496875 0.117188 0.450000 0.117188
3 0.276562 0.085938 0.339062 0.083984 0.356250 0.447266 0.289062 0.449219
