3 0.189062 0.468750 0.256250 0.501953 0.126562 0.855469 0.060937 0.816406
4 0.384375 0.203125 0.434375 0.230469 0.375000 0.396484 0.329688 0.371094
3 0.390625 0.000000 0.464062 0.000000 0.342187 0.275391 0.275000 0.230469
3 0.400000 0.357422 0.467187 0.390625 0.337500 0.744141 0.271875 0.708984
0 0.464062 0.019531 0.506250 0.042969 0.460938 0.164062 0.417187 0.138672
0 0.554688 0.000000 0.596875 0.000000 0.546875 0.128906 0.506250 0.101562
0 0.490625 0.134766 0.539062 0.158203 0.493750 0.300781 0.440625 0.267578
0 0.595313 0.087891 0.637500 0.113281 0.598437 0.234375 0.557813 0.214844
0 0.534375 0.265625 0.575000 0.283203 0.529687 0.433594 0.481250 0.402344
0 0.468750 0.439453 0.518750 0.466797 0.471875 0.611328 0.415625 0.587891
0 0.404687 0.658203 0.446875 0.681641 0.396875 0.830078 0.353125 0.802734
0 0.275000 0.761719 0.318750 0.787109 0.271875 0.931641 0.223438 0.906250
0 0.332813 0.845703 0.382812 0.871094 0.335938 1.000000 0.282813 0.982422
0 0.181250 0.794922 0.228125 0.816406 0.175000 0.960938 0.126562 0.929688
0 0.054688 0.876953 0.112500 0.908203 0.053125 1.000000 0.006250 1.000000
0 0.323437 0.400391 0.365625 0.421875 0.310937 0.568359 0.270313 0.542969
0 0.275000 0.292969 0.315625 0.314453 0.264062 0.451172 0.223438 0.427734
0 0.237500 0.609375 0.281250 0.625000 0.240625 0.765625 0.195312 0.748047
