0 0.892188 0.187500 0.932813 0.175781 0.934375 0.296875 0.898438 0.302734
0 0.953125 0.855469 1.000000 0.820312 1.000000 0.867188 0.960938 0.896484
0 0.931250 0.796875 1.000000 0.750000 1.000000 0.798828 0.943750 0.841797
0 0.939063 0.669922 1.000000 0.617188 1.000000 0.664062 0.956250 0.714844
0 0.928125 0.613281 1.000000 0.556641 1.000000 0.605469 0.943750 0.656250
0 0.945312 0.421875 1.000000 0.482422 1.000000 0.521484 0.929688 0.468750
0 0.951562 0.314453 0.995313 0.314453 0.995313 0.435547 0.951562 0.435547
0 0.662500 0.000000 0.698438 0.000000 0.698438 0.083984 0.662500 0.083984
0 0.673438 0.695312 0.715625 0.695312 0.715625 0.830078 0.673438 0.830078
0 0.495312 0.699219 0.546875 0.697266 0.545312 0.828125 0.500000 0.833984
0 0.568750 0.468750 0.609375 0.468750 0.609375 0.601562 0.568750 0.601562
