0 0.325000 0.035156 0.365625 0.035156 0.365625 0.111328 0.325000 0.111328
0 0.381250 0.025391 0.421875 0.019531 0.421875 0.117188 0.381250 0.121094
0 0.685937 0.000000 0.731250 0.000000 0.729688 0.101562 0.692187 0.099609
0 0.584375 0.011719 0.621875 0.005859 0.625000 0.099609 0.585938 0.105469
0 0.440625 0.185547 0.471875 0.181641 0.476562 0.296875 0.439063 0.300781
0 0.379688 0.208984 0.420312 0.203125 0.418750 0.326172 0.375000 0.326172
0 0.315625 0.265625 0.353125 0.263672 0.351562 0.382812 0.306250 0.375000
0 0.643750 0.361328 0.690625 0.359375 0.692187 0.478516 0.648438 0.480469
0 0.760938 0.460938 0.801562 0.457031 0.823438 0.564453 0.781250 0.578125
0 0.292187 0.560547 0.339062 0.562500 0.329688 0.687500 0.284375 0.687500
0 0.593750 0.535156 0.631250 0.533203 0.637500 0.648438 0.601562 0.652344
0 0.778125 0.664062 0.823438 0.671875 0.807813 0.792969 0.768750 0.783203
0 0.670312 0.718750 0.710938 0.716797 0.714063 0.837891 0.678125 0.841797
0 0.426563 0.730469 0.467187 0.730469 0.467187 0.849609 0.426563 0.849609
