0 0.732812 0.263672 0.764062 0.263672 0.770312 0.365234 0.735938 0.369141
0 0.676562 0.261719 0.714063 0.261719 0.715625 0.373047 0.673438 0.371094
0 0.684375 0.390625 0.718750 0.392578 0.726562 0.500000 0.690625 0.498047
0 0.567187 0.000000 0.606250 0.000000 0.606250 0.058594 0.567187 0.058594
0 0.762500 0.000000 0.803125 0.000000 0.803125 0.080078 0.762500 0.080078
0 0.715625 0.000000 0.748437 0.000000 0.748437 0.042969 0.715625 0.042969
0 0.670312 0.000000 0.704688 0.000000 0.704688 0.095703 0.670312 0.095703
0 0.612500 0.000000 0.653125 0.000000 0.653125 0.076172 0.612500 0.076172
0 0.734375 0.400391 0.773438 0.400391 0.775000 0.513672 0.737500 0.511719
0 0.795312 0.416016 0.826562 0.416016 0.826562 0.494141 0.795312 0.494141
0 0.795312 0.574219 0.831250 0.570312 0.839063 0.685547 0.801562 0.685547
0 0.809375 0.927734 0.850000 0.927734 0.850000 1.000000 0.809375 1.000000
0 0.801562 0.750000 0.840625 0.751953 0.840625 0.857422 0.803125 0.859375
0 0.740625 0.593750 0.779687 0.587891 0.787500 0.703125 0.750000 0.701172
0 0.687500 0.544922 0.725000 0.541016 0.729688 0.669922 0.689063 0.673828
0 0.743750 0.820312 0.787500 0.820312 0.787500 0.939453 0.743750 0.939453
0 0.670312 0.125000 0.706250 0.123047 0.709375 0.232422 0.670312 0.228516
0 0.720313 0.085938 0.759375 0.082031 0.767188 0.187500 0.721875 0.185547
0 0.770312 0.099609 0.804688 0.101562 0.812500 0.201172 0.775000 0.197266
0 0.779687 0.240234 0.814063 0.240234 0.823438 0.347656 0.782813 0.347656
