0 0.632812 0.707031 0.673438 0.707031 0.681250 0.832031 0.642188 0.835938
0 0.803125 0.488281 0.845313 0.494141 0.848437 0.605469 0.806250 0.605469
0 0.234375 0.660156 0.270313 0.660156 0.270313 0.765625 0.234375 0.765625
0 0.234375 0.802734 0.265625 0.804688 0.271875 0.923828 0.232813 0.921875
0 0.162500 0.384766 0.200000 0.394531 0.160938 0.496094 0.123438 0.476562
0 0.098437 0.400391 0.167187 0.318359 0.190625 0.351562 0.123438 0.435547
0 0.053125 0.365234 0.118750 0.289062 0.145313 0.332031 0.067187 0.396484
0 0.028125 0.306641 0.098437 0.253906 0.118750 0.289062 0.043750 0.347656
0 0.939063 0.181641 0.982812 0.187500 0.967187 0.292969 0.926562 0.283203
0 0.873437 0.771484 0.914062 0.767578 0.923438 0.882812 0.876563 0.884766
0 0.753125 0.542969 0.792188 0.542969 0.798438 0.644531 0.759375 0.648438
