0 0.956250 0.183594 0.995313 0.167969 1.000000 0.279297 0.975000 0.292969
0 0.195312 0.132812 0.267188 0.177734 0.245312 0.212891 0.176563 0.169922
0 0.189062 0.195312 0.257812 0.234375 0.240625 0.267578 0.171875 0.226562
0 0.034375 0.240234 0.050000 0.281250 0.000000 0.328125 0.000000 0.291016
0 0.193750 0.255859 0.260937 0.304688 0.242188 0.337891 0.176563 0.291016
0 0.196875 0.316406 0.271875 0.367188 0.253125 0.412109 0.178125 0.357422
0 0.189062 0.380859 0.262500 0.435547 0.240625 0.470703 0.168750 0.414062
0 0.040625 0.359375 0.059375 0.396484 0.000000 0.451172 0.000000 0.412109
0 0.000000 0.490234 0.054688 0.431641 0.075000 0.466797 0.000000 0.525391
0 0.176563 0.439453 0.267188 0.500000 0.251563 0.548828 0.153125 0.488281
0 0.000000 0.546875 0.065625 0.486328 0.084375 0.527344 0.009375 0.585938
0 0.178125 0.552734 0.251563 0.599609 0.232813 0.646484 0.157812 0.591797
0 0.000000 0.716797 0.065625 0.652344 0.081250 0.697266 0.000000 0.763672
0 0.171875 0.625000 0.257812 0.677734 0.237500 0.724609 0.150000 0.667969
0 0.170313 0.705078 0.250000 0.753906 0.229687 0.796875 0.154688 0.748047
0 0.150000 0.738281 0.215625 0.816406 0.187500 0.857422 0.125000 0.777344
0 0.084375 0.810547 0.123438 0.802734 0.142187 0.906250 0.101562 0.916016
0 0.000000 0.839844 0.028125 0.839844 0.028125 0.953125 0.000000 0.953125
0 0.035937 0.820312 0.079687 0.820312 0.079687 0.937500 0.035937 0.937500
0 0.173437 0.095703 0.196875 0.066406 0.267188 0.115234 0.250000 0.154297
0 0.207813 0.000000 0.267188 0.060547 0.245312 0.093750 0.184375 0.033203
0 0.035937 0.185547 0.051562 0.218750 0.000000 0.267578 0.000000 0.230469
0 0.000000 0.167969 0.040625 0.134766 0.046875 0.169922 0.000000 0.201172
0 0.348438 0.220703 0.392188 0.220703 0.392188 0.333984 0.348438 0.333984
0 0.373437 0.109375 0.415625 0.105469 0.396875 0.222656 0.357812 0.216797
0 0.360938 0.000000 0.404687 0.000000 0.389062 0.095703 0.353125 0.089844
0 0.353125 0.625000 0.396875 0.625000 0.396875 0.736328 0.357812 0.742188
0 0.703125 0.587891 0.740625 0.582031 0.751563 0.703125 0.709375 0.710938
0 0.695312 0.441406 0.739062 0.435547 0.743750 0.550781 0.707812 0.554688
0 0.639062 0.283203 0.679688 0.283203 0.679688 0.404297 0.639062 0.404297
0 0.473438 0.169922 0.509375 0.166016 0.509375 0.287109 0.464062 0.287109
0 0.467187 0.062500 0.507812 0.048828 0.521875 0.167969 0.475000 0.171875
