0 0.328125 0.093750 0.410938 0.087891 0.412500 0.132812 0.328125 0.132812
0 0.881250 0.837891 0.914062 0.857422 0.876563 0.966797 0.843750 0.939453
0 0.932813 0.691406 0.967187 0.710938 0.932813 0.820312 0.896875 0.792969
0 0.957812 0.414062 0.992188 0.437500 0.960938 0.535156 0.926562 0.519531
0 0.812500 0.308594 0.850000 0.333984 0.817187 0.437500 0.782813 0.416016
0 0.857812 0.207031 0.893750 0.220703 0.860938 0.330078 0.825000 0.306641
0 0.907813 0.052734 0.946875 0.078125 0.903125 0.185547 0.870313 0.167969
0 0.751563 0.000000 0.785937 0.021484 0.743750 0.111328 0.712500 0.093750
0 0.784375 0.080078 0.810937 0.095703 0.770312 0.187500 0.739062 0.166016
0 0.750000 0.201172 0.785937 0.226562 0.731250 0.318359 0.703125 0.283203
0 0.689063 0.298828 0.723437 0.314453 0.687500 0.425781 0.648438 0.394531
0 0.548438 0.671875 0.584375 0.691406 0.545312 0.798828 0.507812 0.773438
0 0.596875 0.011719 0.631250 0.000000 0.670312 0.089844 0.635938 0.105469
0 0.564063 0.074219 0.596875 0.056641 0.653125 0.136719 0.620313 0.164062
0 0.543750 0.146484 0.570312 0.113281 0.628125 0.195312 0.598437 0.218750
0 0.521875 0.199219 0.548438 0.173828 0.600000 0.244141 0.568750 0.271484
0 0.507812 0.255859 0.531250 0.232422 0.581250 0.314453 0.551562 0.337891
0 0.482812 0.316406 0.509375 0.289062 0.562500 0.380859 0.537500 0.408203
0 0.450000 0.371094 0.482812 0.347656 0.535937 0.439453 0.503125 0.462891
0 0.412500 0.427734 0.440625 0.396484 0.506250 0.488281 0.471875 0.519531
0 0.351562 0.021484 0.434375 0.046875 0.420312 0.087891 0.339062 0.060547
0 0.296875 0.136719 0.387500 0.128906 0.390625 0.185547 0.301563 0.185547
0 0.268750 0.257812 0.351562 0.248047 0.354687 0.291016 0.271875 0.300781
0 0.257812 0.332031 0.340625 0.322266 0.346875 0.365234 0.260937 0.373047
0 0.243750 0.386719 0.328125 0.378906 0.331250 0.433594 0.250000 0.445312
0 0.381250 0.527344 0.406250 0.501953 0.462500 0.591797 0.426563 0.619141
0 0.176563 0.539062 0.275000 0.527344 0.276562 0.574219 0.181250 0.585938
0 0.346875 0.589844 0.378125 0.560547 0.435937 0.662109 0.401562 0.689453
0 0.323437 0.666016 0.350000 0.640625 0.400000 0.728516 0.367188 0.755859
0 0.279687 0.675781 0.315625 0.658203 0.348438 0.765625 0.314063 0.785156
0 0.243750 0.683594 0.275000 0.701172 0.246875 0.806641 0.214062 0.794922
0 0.193750 0.662109 0.228125 0.687500 0.193750 0.794922 0.154688 0.773438
0 0.146875 0.646484 0.187500 0.673828 0.140625 0.773438 0.104688 0.753906
0 0.107813 0.630859 0.129688 0.664062 0.082812 0.734375 0.050000 0.708984
0 0.000000 0.662109 0.060937 0.605469 0.076563 0.642578 0.007812 0.705078
0 0.000000 0.544922 0.092188 0.544922 0.092188 0.597656 0.000000 0.597656
