0 0.085938 0.187500 0.128125 0.220703 0.068750 0.292969 0.039062 0.267578
0 0.218750 0.164062 0.275000 0.228516 0.248438 0.261719 0.195312 0.195312
0 0.157812 0.248047 0.179688 0.222656 0.235937 0.289062 0.209375 0.318359
0 0.107813 0.289062 0.140625 0.261719 0.189062 0.320312 0.164062 0.355469
0 0.654687 0.462891 0.682813 0.488281 0.621875 0.578125 0.587500 0.552734
0 0.132812 0.892578 0.159375 0.923828 0.095312 1.000000 0.068750 0.974609
0 0.265625 0.095703 0.289062 0.070312 0.350000 0.130859 0.318750 0.156250
0 0.323437 0.023438 0.382812 0.087891 0.360938 0.117188 0.296875 0.060547
0 0.337500 0.033203 0.364063 0.000000 0.429688 0.050781 0.396875 0.085938
4 0.229687 0.150391 0.254688 0.119141 0.310937 0.185547 0.295312 0.214844
0 0.362500 0.000000 0.392188 0.000000 0.448437 0.013672 0.429688 0.052734
