0 0.507812 0.025391 0.585938 0.076172 0.571875 0.128906 0.484375 0.074219
0 0.493750 0.107422 0.590625 0.175781 0.567187 0.228516 0.465625 0.156250
0 0.607812 0.089844 0.654687 0.107422 0.631250 0.242188 0.584375 0.228516
0 0.660937 0.138672 0.703125 0.146484 0.692187 0.265625 0.648438 0.257812
0 0.479687 0.212891 0.565625 0.279297 0.539062 0.335938 0.453125 0.265625
0 0.445312 0.294922 0.521875 0.365234 0.496875 0.410156 0.420312 0.343750
0 0.651563 0.312500 0.690625 0.349609 0.610938 0.453125 0.573438 0.414062
0 0.750000 0.353516 0.795312 0.404297 0.712500 0.513672 0.676562 0.476562
0 0.418750 0.357422 0.510938 0.429688 0.485938 0.490234 0.389062 0.410156
0 0.643750 0.925781 0.762500 0.925781 0.762500 0.984375 0.643750 0.984375
0 0.265625 0.546875 0.310937 0.509766 0.364063 0.621094 0.317188 0.654297
