0 0.721875 0.787109 0.754687 0.765625 0.790625 0.865234 0.759375 0.882812
0 0.932813 0.154297 0.964063 0.142578 0.995313 0.228516 0.968750 0.244141
0 0.893750 0.166016 0.923438 0.152344 0.954688 0.234375 0.928125 0.250000
0 0.848437 0.185547 0.887500 0.166016 0.920312 0.265625 0.887500 0.273438
0 0.785937 0.214844 0.823438 0.193359 0.853125 0.289062 0.820312 0.298828
0 0.746875 0.234375 0.775000 0.220703 0.814063 0.302734 0.781250 0.322266
0 0.690625 0.263672 0.721875 0.242188 0.756250 0.322266 0.723437 0.337891
0 0.831250 0.332031 0.904687 0.306641 0.918750 0.345703 0.843750 0.373047
0 0.764062 0.500000 0.843750 0.466797 0.857812 0.507812 0.779687 0.542969
0 0.681250 0.669922 0.714063 0.654297 0.748437 0.765625 0.715625 0.777344
0 0.775000 0.935547 0.806250 0.917969 0.839063 1.000000 0.803125 1.000000
0 0.625000 0.900391 0.657813 0.886719 0.684375 0.976562 0.653125 0.992188
0 0.595313 0.761719 0.637500 0.742188 0.664062 0.849609 0.626563 0.867188
