0 0.354687 0.673828 0.445312 0.669922 0.446875 0.720703 0.356250 0.722656
0 0.229687 0.677734 0.312500 0.677734 0.310937 0.720703 0.226562 0.720703
4 0.610938 0.386719 0.640625 0.378906 0.664062 0.503906 0.631250 0.511719
4 0.968750 0.621094 1.000000 0.658203 1.000000 0.699219 0.954688 0.660156
4 0.679688 0.671875 0.750000 0.664062 0.754687 0.707031 0.684375 0.712891
0 0.031250 0.685547 0.104688 0.685547 0.103125 0.726562 0.028125 0.724609
0 0.807813 0.646484 0.884375 0.695312 0.865625 0.738281 0.789062 0.685547
0 0.059375 0.533203 0.139063 0.537109 0.137500 0.576172 0.056250 0.576172
0 0.217188 0.535156 0.296875 0.527344 0.301563 0.578125 0.218750 0.580078
0 0.848437 0.251953 0.909375 0.308594 0.893750 0.335938 0.831250 0.281250
0 0.864062 0.189453 0.942187 0.234375 0.921875 0.277344 0.846875 0.224609
0 0.882812 0.146484 0.953125 0.185547 0.939063 0.226562 0.859375 0.187500
0 0.884375 0.078125 0.915625 0.066406 0.937500 0.148438 0.909375 0.154297
0 0.126562 0.687500 0.207813 0.683594 0.206250 0.726562 0.125000 0.726562
0 0.854688 0.000000 0.887500 0.000000 0.915625 0.046875 0.885938 0.054688
0 0.957812 0.105469 0.990625 0.101562 0.996875 0.201172 0.968750 0.201172
0 0.968750 0.318359 1.000000 0.324219 1.000000 0.417969 0.975000 0.417969
0 0.962500 0.683594 0.996875 0.699219 0.976562 0.794922 0.942187 0.775391
0 0.918750 0.664062 0.951562 0.691406 0.917188 0.783203 0.881250 0.755859
0 0.318750 0.525391 0.410938 0.533203 0.407813 0.574219 0.318750 0.568359
0 0.426563 0.525391 0.510938 0.523438 0.510938 0.566406 0.426563 0.568359
0 0.526563 0.513672 0.623437 0.515625 0.620313 0.564453 0.528125 0.564453
0 0.670312 0.527344 0.751563 0.486328 0.762500 0.527344 0.682813 0.566406
0 0.748437 0.373047 0.771875 0.355469 0.817187 0.433594 0.789062 0.458984
0 0.904687 0.478516 0.985938 0.472656 0.992188 0.527344 0.912500 0.531250
0 0.851562 0.318359 0.920312 0.380859 0.900000 0.414062 0.831250 0.347656
0 0.578125 0.669922 0.664062 0.669922 0.665625 0.710938 0.578125 0.712891
0 0.465625 0.671875 0.559375 0.667969 0.557813 0.716797 0.467187 0.720703
