0 0.429688 0.521484 0.475000 0.507812 0.496875 0.595703 0.453125 0.615234
4 0.821875 0.511719 0.846875 0.486328 0.879687 0.558594 0.857812 0.576172
0 0.970313 0.308594 1.000000 0.308594 1.000000 0.353516 0.970313 0.353516
0 0.000000 0.556641 0.078125 0.556641 0.078125 0.599609 0.000000 0.599609
0 0.101562 0.568359 0.179688 0.566406 0.181250 0.609375 0.100000 0.607422
0 0.150000 0.486328 0.231250 0.509766 0.223438 0.546875 0.142187 0.523438
0 0.210938 0.560547 0.242188 0.591797 0.185938 0.667969 0.160938 0.638672
0 0.246875 0.591797 0.273438 0.623047 0.215625 0.699219 0.190625 0.669922
0 0.240625 0.710938 0.306250 0.650391 0.326562 0.679688 0.262500 0.744141
0 0.303125 0.734375 0.368750 0.660156 0.395313 0.691406 0.325000 0.763672
0 0.465625 0.607422 0.506250 0.617188 0.490625 0.716797 0.448437 0.707031
0 0.315625 0.833984 0.395313 0.810547 0.403125 0.849609 0.325000 0.873047
0 0.420312 0.912109 0.454688 0.904297 0.465625 1.000000 0.431250 1.000000
0 0.576562 0.958984 0.606250 0.968750 0.589063 1.000000 0.560937 1.000000
0 0.632812 0.787109 0.659375 0.818359 0.598437 0.908203 0.571875 0.875000
0 0.648438 0.603516 0.673438 0.625000 0.621875 0.708984 0.593750 0.681641
0 0.631250 0.710938 0.703125 0.787109 0.684375 0.822266 0.607812 0.750000
0 0.650000 0.664062 0.740625 0.716797 0.728125 0.755859 0.635938 0.703125
0 0.670312 0.640625 0.696875 0.607422 0.770312 0.675781 0.746875 0.720703
0 0.737500 0.574219 0.809375 0.640625 0.787500 0.673828 0.720313 0.609375
0 0.753125 0.564453 0.787500 0.531250 0.848437 0.601562 0.823438 0.638672
0 0.906250 0.470703 0.932813 0.470703 0.932813 0.552734 0.907813 0.554688
0 0.871875 0.306641 0.948438 0.302734 0.951562 0.343750 0.873437 0.347656
0 0.801562 0.390625 0.884375 0.384766 0.885938 0.427734 0.803125 0.429688
0 0.673438 0.318359 0.756250 0.316406 0.757812 0.357422 0.673438 0.361328
0 0.457813 0.314453 0.543750 0.312500 0.543750 0.359375 0.457813 0.357422
0 0.354687 0.326172 0.437500 0.324219 0.437500 0.367188 0.357812 0.367188
0 0.237500 0.326172 0.314063 0.326172 0.312500 0.365234 0.235937 0.367188
0 0.132812 0.330078 0.204687 0.322266 0.207813 0.369141 0.132812 0.369141
0 0.087500 0.248047 0.118750 0.263672 0.087500 0.353516 0.059375 0.337891
0 0.025000 0.263672 0.054688 0.261719 0.051562 0.349609 0.021875 0.349609
