0 0.318750 0.650391 0.360938 0.656250 0.345313 0.759766 0.300000 0.750000
0 0.150000 0.765625 0.231250 0.697266 0.250000 0.732422 0.171875 0.804688
0 0.165625 0.871094 0.242188 0.841797 0.254688 0.880859 0.173437 0.910156
0 0.268750 0.949219 0.310937 0.949219 0.310937 1.000000 0.268750 1.000000
0 0.498437 0.634766 0.528125 0.666016 0.470313 0.755859 0.435937 0.720703
0 0.481250 0.832031 0.510938 0.861328 0.445312 0.947266 0.417187 0.914062
0 0.479687 0.753906 0.553125 0.826172 0.532813 0.853516 0.459375 0.781250
0 0.506250 0.701172 0.592187 0.746094 0.575000 0.806641 0.485938 0.744141
0 0.557813 0.636719 0.623437 0.714844 0.598437 0.753906 0.525000 0.679688
0 0.598437 0.611328 0.665625 0.683594 0.635938 0.716797 0.573438 0.646484
0 0.607812 0.595703 0.643750 0.560547 0.704688 0.652344 0.679688 0.689453
0 0.760938 0.505859 0.790625 0.505859 0.790625 0.593750 0.760938 0.593750
0 0.895312 0.496094 0.979688 0.486328 0.984375 0.529297 0.901563 0.539062
0 0.837500 0.341797 0.915625 0.347656 0.914062 0.388672 0.835938 0.380859
0 0.732812 0.337891 0.807813 0.332031 0.809375 0.375000 0.735938 0.376953
0 0.531250 0.345703 0.614062 0.343750 0.618750 0.388672 0.534375 0.394531
0 0.315625 0.353516 0.403125 0.349609 0.400000 0.394531 0.315625 0.396484
0 0.206250 0.355469 0.296875 0.353516 0.298438 0.400391 0.207813 0.404297
0 0.098437 0.359375 0.171875 0.359375 0.171875 0.400391 0.093750 0.400391
0 0.000000 0.355469 0.073438 0.357422 0.071875 0.394531 0.000000 0.396484
4 0.676562 0.546875 0.706250 0.525391 0.742188 0.605469 0.714063 0.626953
0 0.892188 0.292969 0.921875 0.269531 0.978125 0.355469 0.943750 0.380859
0 0.000000 0.599609 0.034375 0.599609 0.034375 0.640625 0.000000 0.640625
0 0.078125 0.595703 0.098437 0.626953 0.040625 0.703125 0.015625 0.673828
0 0.004687 0.515625 0.096875 0.542969 0.078125 0.591797 0.000000 0.556641
0 0.101562 0.630859 0.121875 0.660156 0.068750 0.736328 0.042188 0.708984
0 0.093750 0.746094 0.162500 0.673828 0.182812 0.710938 0.115625 0.779297
0 0.284375 0.556641 0.323437 0.539062 0.340625 0.638672 0.307812 0.654297
