0 0.537500 0.279297 0.625000 0.328125 0.609375 0.365234 0.523438 0.316406
0 0.548438 0.232422 0.626563 0.273438 0.614062 0.308594 0.534375 0.267578
0 0.653125 0.005859 0.668750 0.000000 0.739062 0.009766 0.726562 0.044922
0 0.646875 0.015625 0.710938 0.068359 0.698438 0.097656 0.626563 0.046875
0 0.634375 0.074219 0.690625 0.109375 0.679688 0.140625 0.621875 0.105469
0 0.848437 0.003906 0.935937 0.039062 0.923438 0.083984 0.832812 0.044922
0 0.248438 0.955078 0.320312 1.000000 0.301563 1.000000 0.228125 0.988281
0 0.287500 0.884766 0.367188 0.958984 0.337500 1.000000 0.265625 0.921875
4 0.684375 0.511719 0.710938 0.486328 0.757812 0.556641 0.737500 0.580078
4 0.478125 0.472656 0.562500 0.480469 0.559375 0.521484 0.475000 0.517578
0 0.306250 0.000000 0.378125 0.015625 0.365625 0.054688 0.290625 0.023438
0 0.425000 0.042969 0.490625 0.074219 0.479687 0.109375 0.415625 0.078125
0 0.434375 0.939453 0.498437 1.000000 0.476562 1.000000 0.409375 0.980469
0 0.314063 0.818359 0.381250 0.882812 0.359375 0.919922 0.292187 0.859375
0 0.160938 0.544922 0.226562 0.632812 0.196875 0.669922 0.131250 0.585938
0 0.701562 0.455078 0.726562 0.425781 0.768750 0.492188 0.748437 0.517578
0 0.659375 0.554688 0.685937 0.527344 0.748437 0.611328 0.721875 0.640625
1 0.796875 0.843750 0.837500 0.876953 0.775000 0.986328 0.737500 0.955078
0 0.731250 0.833984 0.760938 0.857422 0.717187 0.949219 0.682813 0.919922
0 0.696875 0.775391 0.729688 0.800781 0.684375 0.890625 0.651563 0.863281
0 0.592187 0.691406 0.617188 0.714844 0.564063 0.800781 0.539062 0.773438
0 0.487500 0.701172 0.556250 0.652344 0.571875 0.687500 0.506250 0.736328
0 0.431250 0.654297 0.514062 0.607422 0.534375 0.644531 0.448437 0.701172
0 0.462500 0.525391 0.559375 0.527344 0.559375 0.578125 0.462500 0.582031
0 0.525000 0.345703 0.614062 0.386719 0.603125 0.427734 0.512500 0.384766
0 0.504687 0.074219 0.578125 0.113281 0.565625 0.148438 0.492188 0.111328
