0 0.954688 0.351562 1.000000 0.404297 1.000000 0.445312 0.940625 0.392578
0 0.950000 0.285156 1.000000 0.337891 1.000000 0.380859 0.932813 0.326172
0 0.939063 0.210938 1.000000 0.255859 1.000000 0.298828 0.929688 0.251953
0 0.925000 0.140625 1.000000 0.189453 1.000000 0.230469 0.910937 0.177734
0 0.934375 0.060547 1.000000 0.107422 1.000000 0.156250 0.918750 0.109375
0 0.881250 0.017578 0.896875 0.000000 0.985938 0.031250 0.970313 0.068359
0 0.467187 0.037109 0.551562 0.046875 0.548438 0.083984 0.462500 0.070312
0 0.465625 0.091797 0.551562 0.095703 0.551562 0.125000 0.462500 0.123047
0 0.451562 0.140625 0.551562 0.142578 0.553125 0.173828 0.450000 0.171875
0 0.459375 0.189453 0.540625 0.195312 0.539062 0.238281 0.459375 0.236328
0 0.437500 0.277344 0.512500 0.242188 0.525000 0.287109 0.450000 0.316406
0 0.442188 0.345703 0.498437 0.294922 0.514062 0.322266 0.457813 0.371094
0 0.429688 0.423828 0.495312 0.367188 0.520312 0.402344 0.448437 0.464844
0 0.414062 0.500000 0.492188 0.451172 0.506250 0.490234 0.431250 0.541016
0 0.320312 0.849609 0.359375 0.851562 0.354687 0.966797 0.317188 0.970703
1 0.340625 0.259766 0.385937 0.265625 0.356250 0.572266 0.310937 0.564453
0 0.965625 0.406250 1.000000 0.474609 1.000000 0.517578 0.950000 0.460938
