0 0.871875 0.705078 0.971875 0.707031 0.970313 0.759766 0.876563 0.757812
0 0.856250 0.634766 0.957812 0.638672 0.956250 0.689453 0.857812 0.685547
3 0.810937 0.531250 1.000000 0.541016 1.000000 0.615234 0.812500 0.609375
0 0.723437 0.691406 0.823438 0.697266 0.825000 0.748047 0.721875 0.748047
0 0.587500 0.701172 0.682813 0.708984 0.682813 0.759766 0.584375 0.751953
0 0.462500 0.681641 0.556250 0.685547 0.550000 0.742188 0.459375 0.740234
0 0.540625 0.611328 0.629687 0.615234 0.626563 0.664062 0.537500 0.666016
0 0.448437 0.533203 0.542188 0.537109 0.540625 0.587891 0.448437 0.583984
0 0.342187 0.599609 0.439063 0.605469 0.435937 0.666016 0.337500 0.658203
0 0.326562 0.671875 0.415625 0.683594 0.415625 0.734375 0.317188 0.732422
0 0.184375 0.673828 0.276562 0.675781 0.273438 0.722656 0.184375 0.718750
0 0.039062 0.625000 0.132812 0.646484 0.128125 0.695312 0.031250 0.679688
0 0.000000 0.556641 0.082812 0.570312 0.075000 0.617188 0.000000 0.613281
2 0.101562 0.445312 0.209375 0.472656 0.200000 0.525391 0.092188 0.498047
0 0.000000 0.425781 0.071875 0.443359 0.064062 0.494141 0.000000 0.484375
