0 0.035937 0.478516 0.065625 0.521484 0.000000 0.599609 0.000000 0.554688
0 0.375000 0.097656 0.409375 0.132812 0.348438 0.244141 0.309375 0.210938
0 0.610938 0.001953 0.646875 0.033203 0.584375 0.138672 0.545312 0.101562
0 0.507812 0.021484 0.540625 0.050781 0.485938 0.146484 0.448437 0.117188
0 0.401562 0.060547 0.454688 0.000000 0.490625 0.000000 0.435937 0.089844
0 0.426563 0.144531 0.460938 0.171875 0.412500 0.265625 0.378125 0.236328
1 0.490625 0.173828 0.534375 0.208984 0.456250 0.351562 0.415625 0.312500
0 0.285938 0.255859 0.320312 0.287109 0.260937 0.382812 0.228125 0.355469
0 0.350000 0.287109 0.382812 0.314453 0.323437 0.416016 0.290625 0.386719
0 0.398438 0.337891 0.435937 0.369141 0.368750 0.486328 0.334375 0.455078
0 0.889062 0.792969 0.921875 0.824219 0.864062 0.929688 0.829688 0.894531
0 0.375000 0.707031 0.415625 0.728516 0.375000 0.851562 0.332813 0.833984
