0 0.826562 0.205078 0.912500 0.201172 0.914062 0.248047 0.826562 0.246094
4 0.335938 0.205078 0.407813 0.201172 0.412500 0.246094 0.335938 0.257812
4 0.064062 0.185547 0.154688 0.187500 0.151562 0.232422 0.062500 0.234375
4 0.110937 0.123047 0.181250 0.125000 0.178125 0.169922 0.109375 0.162109
0 0.070312 0.486328 0.154688 0.484375 0.151562 0.533203 0.070312 0.537109
0 0.184375 0.552734 0.256250 0.554688 0.253125 0.605469 0.184375 0.603516
0 0.181250 0.628906 0.265625 0.628906 0.265625 0.681641 0.184375 0.679688
3 0.146875 0.699219 0.385937 0.705078 0.384375 0.783203 0.146875 0.775391
0 0.507812 0.486328 0.610938 0.486328 0.609375 0.541016 0.507812 0.541016
0 0.628125 0.646484 0.703125 0.646484 0.704688 0.693359 0.629687 0.693359
0 0.729688 0.574219 0.821875 0.570312 0.821875 0.626953 0.728125 0.625000
0 0.771875 0.500000 0.867188 0.500000 0.867188 0.554688 0.771875 0.554688
0 0.760938 0.115234 0.795312 0.113281 0.796875 0.216797 0.762500 0.212891
0 0.710938 0.113281 0.742188 0.113281 0.748437 0.220703 0.706250 0.222656
0 0.657813 0.125000 0.695312 0.119141 0.709375 0.222656 0.675000 0.234375
0 0.578125 0.148438 0.609375 0.132812 0.639062 0.222656 0.609375 0.238281
0 0.298438 0.164062 0.384375 0.154297 0.389062 0.199219 0.303125 0.216797
