0 0.268750 0.121094 0.298438 0.103516 0.326562 0.189453 0.292187 0.208984
4 0.012500 0.181641 0.082812 0.175781 0.084375 0.222656 0.014063 0.228516
0 0.856250 0.548828 0.950000 0.548828 0.953125 0.599609 0.856250 0.603516
0 0.734375 0.464844 0.823438 0.464844 0.825000 0.517578 0.737500 0.517578
0 0.000000 0.623047 0.070312 0.626953 0.070312 0.677734 0.000000 0.675781
0 0.506250 0.179688 0.592187 0.177734 0.596875 0.220703 0.506250 0.224609
0 0.443750 0.089844 0.476562 0.089844 0.478125 0.191406 0.442188 0.191406
0 0.390625 0.085938 0.429688 0.085938 0.428125 0.199219 0.392188 0.199219
0 0.342187 0.099609 0.378125 0.093750 0.390625 0.195312 0.356250 0.208984
0 0.000000 0.128906 0.070312 0.123047 0.075000 0.164062 0.000000 0.177734
