0 0.048438 0.632812 0.135937 0.638672 0.137500 0.685547 0.046875 0.681641
0 0.232813 0.830078 0.332813 0.828125 0.332813 0.880859 0.228125 0.882812
0 0.404687 0.876953 0.498437 0.876953 0.496875 0.927734 0.406250 0.925781
0 0.421875 0.634766 0.509375 0.634766 0.509375 0.691406 0.421875 0.687500
0 0.953125 0.421875 1.000000 0.421875 1.000000 0.476562 0.957812 0.472656
0 0.942187 0.222656 0.967187 0.205078 1.000000 0.283203 0.989062 0.314453
0 0.896875 0.222656 0.929688 0.220703 0.946875 0.326172 0.910937 0.326172
0 0.790625 0.199219 0.817187 0.214844 0.784375 0.296875 0.754687 0.275391
0 0.606250 0.162109 0.640625 0.150391 0.654687 0.253906 0.617188 0.261719
3 0.000000 0.740234 0.203125 0.738281 0.203125 0.816406 0.000000 0.814453
