0 0.926562 0.736328 1.000000 0.732422 1.000000 0.775391 0.931250 0.783203
0 0.364063 0.341797 0.450000 0.339844 0.450000 0.388672 0.362500 0.388672
0 0.478125 0.384766 0.559375 0.328125 0.579688 0.375000 0.496875 0.433594
0 0.585938 0.400391 0.653125 0.330078 0.679688 0.363281 0.609375 0.445312
0 0.107813 0.685547 0.201563 0.681641 0.198437 0.738281 0.107813 0.742188
1 0.009375 0.867188 0.131250 0.863281 0.132812 0.917969 0.007812 0.929688
0 0.000000 0.945312 0.065625 0.945312 0.064062 1.000000 0.000000 0.998047
0 0.440625 0.667969 0.539062 0.667969 0.539062 0.716797 0.443750 0.722656
0 0.326562 0.759766 0.415625 0.757812 0.415625 0.808594 0.323437 0.808594
0 0.403125 0.947266 0.493750 0.939453 0.495312 0.984375 0.409375 0.988281
0 0.726562 0.587891 0.810937 0.582031 0.814063 0.636719 0.726562 0.640625
0 0.918750 0.654297 1.000000 0.650391 1.000000 0.701172 0.918750 0.707031
0 0.687500 0.830078 0.776563 0.830078 0.778125 0.884766 0.685937 0.888672
0 0.806250 0.908203 0.892188 0.908203 0.892188 0.957031 0.807813 0.958984
0 0.720313 0.978516 0.814063 0.974609 0.815625 1.000000 0.721875 1.000000
