0 0.278125 0.875000 0.370312 0.857422 0.373437 0.910156 0.284375 0.921875
0 0.956250 0.339844 0.982812 0.310547 1.000000 0.367188 1.000000 0.408203
4 0.110937 0.332031 0.153125 0.330078 0.148438 0.451172 0.106250 0.451172
0 0.846875 0.306641 0.910937 0.386719 0.878125 0.417969 0.823438 0.337891
0 0.003125 0.257812 0.045312 0.257812 0.040625 0.376953 0.000000 0.380859
3 0.882812 0.691406 1.000000 0.689453 1.000000 0.767578 0.890625 0.771484
0 0.879687 0.794922 0.968750 0.792969 0.971875 0.841797 0.884375 0.845703
0 0.675000 0.716797 0.770312 0.710938 0.771875 0.767578 0.678125 0.767578
0 0.675000 0.802734 0.768750 0.800781 0.773438 0.849609 0.671875 0.849609
0 0.731250 0.867188 0.815625 0.865234 0.817187 0.914062 0.734375 0.916016
0 0.498437 0.791016 0.600000 0.789062 0.600000 0.839844 0.498437 0.845703
0 0.378125 0.716797 0.475000 0.714844 0.476562 0.767578 0.379688 0.771484
0 0.435937 0.876953 0.531250 0.875000 0.532813 0.925781 0.439063 0.929688
0 0.068750 0.798828 0.153125 0.796875 0.153125 0.847656 0.070312 0.847656
