0 0.731250 0.185547 0.765625 0.179688 0.782813 0.279297 0.740625 0.281250
0 0.620313 0.181641 0.656250 0.164062 0.695312 0.251953 0.660937 0.269531
0 0.185938 0.193359 0.217188 0.171875 0.264062 0.263672 0.226562 0.289062
0 0.295312 0.193359 0.325000 0.162109 0.373437 0.236328 0.345313 0.261719
0 0.579688 0.191406 0.610938 0.171875 0.646875 0.251953 0.612500 0.271484
4 0.890625 0.218750 0.929688 0.216797 0.935937 0.339844 0.896875 0.345703
0 0.234375 0.867188 0.331250 0.865234 0.331250 0.923828 0.234375 0.917969
0 0.129688 0.193359 0.159375 0.169922 0.206250 0.251953 0.179688 0.281250
0 0.078125 0.187500 0.107813 0.167969 0.150000 0.257812 0.115625 0.279297
0 0.267188 0.164062 0.314063 0.242188 0.285938 0.269531 0.239063 0.205078
0 0.157812 0.943359 0.250000 0.943359 0.251563 0.992188 0.156250 0.990234
0 0.465625 0.871094 0.529687 0.867188 0.531250 0.919922 0.465625 0.919922
0 0.353125 0.687500 0.442188 0.687500 0.445312 0.742188 0.350000 0.736328
0 0.550000 0.677734 0.632812 0.681641 0.632812 0.728516 0.551562 0.730469
0 0.542188 0.939453 0.635938 0.937500 0.635938 0.986328 0.545312 0.990234
0 0.707812 0.865234 0.804688 0.861328 0.803125 0.916016 0.710938 0.917969
0 0.673438 0.750000 0.760938 0.751953 0.762500 0.800781 0.671875 0.808594
0 0.826562 0.681641 0.906250 0.683594 0.904687 0.728516 0.829688 0.730469
0 0.682813 0.621094 0.743750 0.615234 0.740625 0.666016 0.685937 0.666016
0 0.417187 0.617188 0.512500 0.619141 0.512500 0.669922 0.421875 0.669922
0 0.000000 0.720703 0.051562 0.718750 0.048438 0.767578 0.000000 0.767578
3 0.000000 0.582031 0.207813 0.585938 0.206250 0.660156 0.004687 0.660156
0 0.017188 0.365234 0.054688 0.373047 0.025000 0.484375 0.000000 0.470703
0 0.153125 0.357422 0.195312 0.373047 0.175000 0.480469 0.135937 0.470703
0 0.207813 0.357422 0.248438 0.369141 0.223438 0.470703 0.184375 0.460938
0 0.303125 0.359375 0.339062 0.371094 0.320312 0.470703 0.278125 0.458984
0 0.359375 0.341797 0.396875 0.353516 0.375000 0.470703 0.334375 0.460938
0 0.501563 0.335938 0.539062 0.339844 0.526563 0.464844 0.485938 0.458984
0 0.598437 0.353516 0.637500 0.361328 0.628125 0.466797 0.590625 0.460938
0 0.776563 0.158203 0.812500 0.154297 0.820312 0.269531 0.782813 0.271484
