0 0.673438 0.679688 0.767188 0.679688 0.765625 0.728516 0.678125 0.726562
0 0.731250 0.605469 0.817187 0.609375 0.814063 0.658203 0.734375 0.654297
0 0.690625 0.546875 0.773438 0.544922 0.773438 0.591797 0.692187 0.589844
0 0.618750 0.474609 0.701562 0.472656 0.704688 0.517578 0.620313 0.517578
0 0.862500 0.611328 0.951562 0.613281 0.951562 0.664062 0.864062 0.664062
0 0.746875 0.474609 0.831250 0.476562 0.834375 0.521484 0.753125 0.523438
0 0.803125 0.535156 0.884375 0.531250 0.887500 0.578125 0.806250 0.585938
0 0.848437 0.480469 0.940625 0.480469 0.937500 0.533203 0.851562 0.527344
0 0.343750 0.699219 0.435937 0.679688 0.442188 0.718750 0.351562 0.746094
4 0.357812 0.394531 0.432812 0.419922 0.412500 0.468750 0.346875 0.437500
0 0.592187 0.611328 0.679688 0.613281 0.681250 0.658203 0.595313 0.656250
0 0.306250 0.779297 0.334375 0.806641 0.279687 0.902344 0.246875 0.871094
0 0.254688 0.392578 0.342187 0.406250 0.339062 0.449219 0.251563 0.437500
0 0.581250 0.537109 0.679688 0.535156 0.681250 0.591797 0.578125 0.589844
0 0.964063 0.548828 1.000000 0.546875 1.000000 0.597656 0.962500 0.599609
