0 0.901563 0.763672 0.937500 0.771484 0.929688 0.880859 0.887500 0.875000
0 0.648438 0.416016 0.732812 0.425781 0.732812 0.476562 0.645312 0.460938
0 0.957812 0.683594 1.000000 0.681641 1.000000 0.734375 0.953125 0.734375
0 0.000000 0.816406 0.059375 0.826172 0.056250 0.882812 0.000000 0.873047
4 0.751563 0.416016 0.823438 0.443359 0.807813 0.490234 0.739062 0.460938
0 0.090625 0.830078 0.176563 0.833984 0.175000 0.884766 0.087500 0.880859
0 0.079687 0.753906 0.171875 0.757812 0.175000 0.812500 0.079687 0.810547
0 0.223438 0.765625 0.315625 0.769531 0.317188 0.816406 0.223438 0.816406
0 0.256250 0.837891 0.340625 0.839844 0.342187 0.886719 0.254688 0.884766
0 0.279687 0.908203 0.368750 0.914062 0.367188 0.962891 0.276562 0.958984
0 0.759375 0.751953 0.790625 0.779297 0.731250 0.873047 0.698438 0.843750
