0 0.860938 0.798828 0.948438 0.798828 0.946875 0.849609 0.862500 0.849609
0 0.079687 0.607422 0.165625 0.609375 0.162500 0.660156 0.076563 0.654297
0 0.226562 0.839844 0.321875 0.847656 0.318750 0.904297 0.226562 0.896484
0 0.364063 0.863281 0.440625 0.861328 0.440625 0.912109 0.362500 0.910156
0 0.462500 0.863281 0.556250 0.865234 0.553125 0.916016 0.465625 0.914062
0 0.409375 0.789062 0.506250 0.794922 0.507812 0.839844 0.409375 0.839844
0 0.598437 0.861328 0.696875 0.863281 0.696875 0.916016 0.601562 0.916016
0 0.575000 0.794922 0.675000 0.794922 0.676562 0.849609 0.576562 0.849609
0 0.729688 0.867188 0.815625 0.867188 0.814063 0.919922 0.731250 0.919922
0 0.717187 0.792969 0.809375 0.792969 0.809375 0.849609 0.720313 0.843750
0 0.917188 0.939453 1.000000 0.939453 1.000000 0.990234 0.918750 0.984375
0 0.892188 0.869141 0.979688 0.869141 0.981250 0.914062 0.895312 0.917969
