0 0.406250 0.363281 0.457813 0.330078 0.504687 0.462891 0.460938 0.486328
4 0.482812 0.517578 0.526563 0.490234 0.587500 0.634766 0.545312 0.656250
0 0.668750 0.007812 0.757812 0.000000 0.773438 0.015625 0.679688 0.054688
0 0.703125 0.101562 0.798438 0.044922 0.818750 0.089844 0.718750 0.146484
0 0.567187 0.111328 0.612500 0.076172 0.664062 0.201172 0.623437 0.226562
0 0.732812 0.160156 0.825000 0.101562 0.845313 0.142578 0.760938 0.201172
0 0.771875 0.210938 0.868750 0.156250 0.893750 0.199219 0.796875 0.261719
0 0.798438 0.285156 0.870313 0.238281 0.887500 0.285156 0.818750 0.328125
0 0.809375 0.355469 0.893750 0.296875 0.917188 0.349609 0.829688 0.404297
0 0.901563 0.566406 0.982812 0.507812 1.000000 0.552734 0.923438 0.609375
0 0.885938 0.666016 0.926562 0.640625 0.964063 0.742188 0.925000 0.765625
0 0.646875 0.925781 0.687500 0.896484 0.737500 1.000000 0.698438 1.000000
0 0.251563 0.781250 0.296875 0.753906 0.348438 0.878906 0.301563 0.910156
0 0.562500 0.726562 0.604688 0.703125 0.664062 0.828125 0.612500 0.859375
0 0.342187 0.189453 0.390625 0.166016 0.437500 0.294922 0.389062 0.316406
0 0.245312 0.000000 0.287500 0.000000 0.332813 0.070312 0.292187 0.101562
