0 0.092188 0.767578 0.132812 0.767578 0.132812 0.875000 0.093750 0.875000
0 0.364063 0.822266 0.401562 0.820312 0.401562 0.939453 0.362500 0.939453
0 0.298438 0.576172 0.339062 0.576172 0.340625 0.689453 0.298438 0.689453
0 0.100000 0.472656 0.134375 0.470703 0.134375 0.583984 0.098437 0.585938
0 0.085938 0.335938 0.121875 0.335938 0.121875 0.437500 0.084375 0.435547
3 0.417187 0.087891 0.473438 0.089844 0.475000 0.343750 0.420312 0.343750
0 0.356250 0.091797 0.395313 0.091797 0.393750 0.203125 0.357812 0.205078
0 0.092188 0.166016 0.135937 0.164062 0.134375 0.283203 0.093750 0.281250
0 0.039062 0.058594 0.079687 0.058594 0.078125 0.158203 0.037500 0.158203
0 0.089063 0.000000 0.128125 0.000000 0.123438 0.099609 0.090625 0.099609
