0 0.303125 0.343750 0.343750 0.343750 0.342187 0.457031 0.303125 0.455078
0 0.498437 0.142578 0.534375 0.140625 0.532813 0.240234 0.498437 0.238281
0 0.198437 0.080078 0.234375 0.080078 0.234375 0.187500 0.196875 0.189453
0 0.306250 0.117188 0.343750 0.119141 0.339062 0.222656 0.304688 0.224609
0 0.135937 0.224609 0.170313 0.232422 0.153125 0.333984 0.115625 0.322266
4 0.151562 0.113281 0.184375 0.123047 0.160938 0.210938 0.125000 0.199219
4 0.257812 0.044922 0.295312 0.044922 0.290625 0.146484 0.254688 0.146484
0 0.165625 0.701172 0.204687 0.703125 0.203125 0.824219 0.156250 0.818359
0 0.221875 0.738281 0.259375 0.744141 0.251563 0.849609 0.218750 0.845703
0 0.404687 0.722656 0.450000 0.726562 0.443750 0.841797 0.403125 0.839844
0 0.520312 0.757812 0.564063 0.763672 0.562500 0.884766 0.521875 0.882812
0 0.476562 0.589844 0.518750 0.587891 0.520312 0.705078 0.481250 0.705078
0 0.235937 0.455078 0.278125 0.457031 0.273438 0.560547 0.234375 0.556641
0 0.612500 0.435547 0.643750 0.457031 0.596875 0.556641 0.562500 0.529297
0 0.423438 0.412109 0.465625 0.412109 0.462500 0.537109 0.421875 0.535156
0 0.939063 0.238281 1.000000 0.244141 1.000000 0.283203 0.939063 0.277344
0 0.776563 0.216797 0.870313 0.224609 0.871875 0.267578 0.779687 0.259766
0 0.181250 0.367188 0.220312 0.369141 0.217188 0.466797 0.178125 0.466797
