0 0.539062 0.367188 0.584375 0.369141 0.582812 0.486328 0.539062 0.488281
0 0.439063 0.318359 0.484375 0.316406 0.478125 0.431641 0.437500 0.427734
0 0.304688 0.419922 0.348438 0.419922 0.346875 0.537109 0.306250 0.539062
0 0.251563 0.410156 0.285938 0.408203 0.287500 0.519531 0.246875 0.517578
0 0.196875 0.320312 0.237500 0.322266 0.235937 0.435547 0.193750 0.433594
0 0.131250 0.320312 0.175000 0.326172 0.159375 0.433594 0.121875 0.427734
0 0.518750 0.109375 0.560937 0.111328 0.556250 0.226562 0.517188 0.222656
0 0.456250 0.042969 0.501563 0.044922 0.496875 0.162109 0.457813 0.164062
4 0.229687 0.730469 0.268750 0.730469 0.262500 0.832031 0.228125 0.830078
4 0.157812 0.207031 0.190625 0.224609 0.159375 0.312500 0.129688 0.296875
0 0.214062 0.000000 0.246875 0.000000 0.251563 0.074219 0.212500 0.078125
0 0.273438 0.908203 0.312500 0.910156 0.310937 1.000000 0.271875 1.000000
0 0.178125 0.634766 0.218750 0.634766 0.214062 0.748047 0.171875 0.746094
0 0.532813 0.685547 0.576562 0.683594 0.575000 0.808594 0.532813 0.808594
0 0.478125 0.638672 0.528125 0.640625 0.523438 0.763672 0.482812 0.761719
0 0.428125 0.546875 0.468750 0.546875 0.464062 0.656250 0.428125 0.652344
0 0.781250 0.312500 0.873437 0.324219 0.871875 0.365234 0.782813 0.357422
0 0.895312 0.326172 0.985938 0.333984 0.987500 0.380859 0.896875 0.375000
0 0.704688 0.496094 0.801562 0.466797 0.810937 0.521484 0.721875 0.548828
