0 0.306250 0.263672 0.340625 0.263672 0.342187 0.378906 0.300000 0.380859
0 0.453125 0.222656 0.495312 0.220703 0.493750 0.335938 0.451562 0.335938
0 0.100000 0.169922 0.135937 0.171875 0.126562 0.279297 0.090625 0.275391
0 0.520312 0.000000 0.564063 0.000000 0.559375 0.089844 0.521875 0.085938
0 0.245312 0.601562 0.284375 0.601562 0.282813 0.716797 0.245312 0.712891
0 0.357812 0.439453 0.398438 0.441406 0.398438 0.550781 0.357812 0.548828
0 0.550000 0.738281 0.587500 0.742188 0.582812 0.853516 0.545312 0.849609
0 0.487500 0.763672 0.531250 0.765625 0.531250 0.884766 0.490625 0.882812
0 0.431250 0.742188 0.468750 0.740234 0.471875 0.845703 0.431250 0.843750
0 0.346875 0.919922 0.387500 0.923828 0.387500 1.000000 0.346875 1.000000
0 0.353125 0.761719 0.396875 0.761719 0.393750 0.878906 0.353125 0.878906
3 0.164062 0.669922 0.223438 0.673828 0.217188 0.937500 0.157812 0.937500
