0 0.300000 0.136719 0.334375 0.138672 0.325000 0.263672 0.284375 0.261719
0 0.028125 0.076172 0.118750 0.105469 0.106250 0.148438 0.021875 0.115234
0 0.373437 0.009766 0.412500 0.013672 0.401562 0.134766 0.359375 0.132812
0 0.042188 0.130859 0.121875 0.164062 0.114062 0.210938 0.029687 0.181641
0 0.034375 0.203125 0.129688 0.236328 0.118750 0.283203 0.018750 0.244141
0 0.006250 0.564453 0.095312 0.630859 0.073438 0.667969 0.000000 0.613281
0 0.009375 0.451172 0.085938 0.494141 0.068750 0.533203 0.000000 0.488281
0 0.034375 0.322266 0.118750 0.369141 0.100000 0.417969 0.017188 0.365234
0 0.462500 0.414062 0.507812 0.417969 0.500000 0.531250 0.464062 0.531250
0 0.303125 0.521484 0.350000 0.519531 0.343750 0.636719 0.306250 0.634766
