0 0.896875 0.666016 0.975000 0.664062 0.976562 0.708984 0.895312 0.714844
0 0.482812 0.794922 0.568750 0.800781 0.565625 0.849609 0.479687 0.847656
0 0.845313 0.843750 0.917188 0.843750 0.917188 0.890625 0.845313 0.890625
0 0.757812 0.785156 0.850000 0.779297 0.850000 0.824219 0.757812 0.826172
0 0.770312 0.689453 0.859375 0.689453 0.859375 0.732422 0.770312 0.732422
0 0.631250 0.798828 0.718750 0.787109 0.723437 0.835938 0.631250 0.841797
0 0.568750 0.710938 0.657813 0.710938 0.657813 0.753906 0.568750 0.753906
0 0.251563 0.339844 0.335938 0.333984 0.335938 0.375000 0.256250 0.380859
0 0.145313 0.345703 0.231250 0.345703 0.231250 0.386719 0.145313 0.386719
2 0.289062 0.818359 0.400000 0.808594 0.401562 0.861328 0.290625 0.873047
2 0.575000 0.878906 0.792188 0.857422 0.796875 0.916016 0.578125 0.939453
0 0.190625 0.910156 0.276562 0.906250 0.276562 0.955078 0.190625 0.955078
0 0.237500 0.738281 0.332813 0.738281 0.332813 0.789062 0.237500 0.789062
0 0.000000 0.771484 0.092188 0.759766 0.092188 0.804688 0.001563 0.816406
0 0.937500 0.833984 1.000000 0.832031 1.000000 0.884766 0.942187 0.886719
0 0.921875 0.761719 1.000000 0.757812 1.000000 0.806641 0.921875 0.808594
0 0.667188 0.714844 0.748437 0.705078 0.753125 0.748047 0.668750 0.759766
