0 0.031250 0.214844 0.064062 0.199219 0.087500 0.291016 0.054688 0.306641
4 0.110937 0.884766 0.192188 0.884766 0.192188 0.927734 0.110937 0.927734
1 0.228125 0.892578 0.345313 0.892578 0.345313 0.949219 0.228125 0.949219
1 0.575000 0.261719 0.604688 0.277344 0.550000 0.380859 0.515625 0.353516
1 0.146875 0.082031 0.192188 0.117188 0.118750 0.234375 0.084375 0.193359
0 0.684375 0.908203 0.775000 0.908203 0.775000 0.951172 0.684375 0.951172
0 0.884375 0.898438 0.965625 0.898438 0.965625 0.949219 0.884375 0.949219
0 0.910937 0.451172 0.984375 0.451172 0.985938 0.494141 0.909375 0.496094
0 0.789062 0.908203 0.870313 0.908203 0.870313 0.949219 0.789062 0.949219
0 0.167187 0.000000 0.204687 0.000000 0.193750 0.103516 0.154688 0.093750
3 0.384375 0.896484 0.528125 0.896484 0.528125 0.951172 0.384375 0.951172
0 0.004687 0.886719 0.035937 0.851562 0.106250 0.923828 0.076563 0.966797
4 0.531250 0.271484 0.553125 0.283203 0.509375 0.345703 0.492188 0.330078
0 0.315625 0.000000 0.343750 0.000000 0.343750 0.080078 0.315625 0.080078
0 0.381250 0.031250 0.403125 0.050781 0.370312 0.117188 0.351562 0.091797
0 0.404687 0.093750 0.431250 0.115234 0.393750 0.193359 0.367188 0.177734
0 0.423438 0.154297 0.457813 0.164062 0.432812 0.255859 0.401562 0.244141
0 0.501563 0.216797 0.526563 0.244141 0.479687 0.314453 0.450000 0.287109
0 0.648438 0.257812 0.676562 0.285156 0.621875 0.349609 0.596875 0.324219
0 0.325000 0.769531 0.420312 0.769531 0.420312 0.816406 0.325000 0.816406
4 0.554688 0.906250 0.654687 0.906250 0.654687 0.945312 0.554688 0.945312
