0 0.232813 0.167969 0.307812 0.199219 0.295312 0.232422 0.220312 0.203125
1 0.412500 0.888672 0.739062 0.910156 0.739062 0.994141 0.406250 0.974609
1 0.801562 0.912109 1.000000 0.916016 1.000000 0.996094 0.804688 0.986328
1 0.128125 0.292969 0.221875 0.333984 0.210938 0.380859 0.110937 0.341797
0 0.257812 0.041016 0.326562 0.082031 0.312500 0.125000 0.237500 0.078125
0 0.171875 0.263672 0.232813 0.279297 0.228125 0.320312 0.167187 0.300781
2 0.214062 0.218750 0.285938 0.255859 0.278125 0.289062 0.204687 0.255859
0 0.790625 0.000000 0.825000 0.000000 0.829688 0.044922 0.798438 0.048828
0 0.992188 0.060547 1.000000 0.087891 0.979688 0.173828 0.943750 0.148438
0 0.932813 0.046875 0.992188 0.000000 1.000000 0.031250 0.953125 0.078125
0 0.000000 0.472656 0.042188 0.470703 0.043750 0.509766 0.000000 0.511719
0 0.256250 0.115234 0.325000 0.142578 0.315625 0.183594 0.243750 0.160156
0 0.809375 0.556641 0.882812 0.613281 0.868750 0.654297 0.789062 0.597656
0 0.635938 0.458984 0.664062 0.425781 0.720313 0.509766 0.692187 0.535156
3 0.000000 0.923828 0.139063 0.923828 0.139063 0.986328 0.000000 0.986328
