0 0.679688 0.974609 0.757812 0.972656 0.759375 1.000000 0.679688 1.000000
2 0.435937 0.000000 0.484375 0.000000 0.503125 0.156250 0.456250 0.164062
0 0.000000 0.566406 0.081250 0.566406 0.081250 0.611328 0.000000 0.611328
0 0.656250 0.046875 0.695312 0.046875 0.695312 0.156250 0.656250 0.156250
0 0.385937 0.564453 0.471875 0.564453 0.471875 0.609375 0.385937 0.609375
1 0.762500 0.855469 1.000000 0.859375 1.000000 0.927734 0.764062 0.923828
1 0.432812 0.869141 0.742188 0.863281 0.743750 0.927734 0.435937 0.933594
2 0.518750 0.646484 0.796875 0.646484 0.796875 0.707031 0.523438 0.712891
1 0.000000 0.457031 0.204687 0.457031 0.204687 0.523438 0.000000 0.523438
1 0.000000 0.337891 0.123438 0.347656 0.123438 0.417969 0.000000 0.412109
0 0.650000 0.574219 0.740625 0.574219 0.740625 0.619141 0.650000 0.619141
0 0.803125 0.960938 0.907813 0.960938 0.907813 1.000000 0.803125 1.000000
