0 0.240625 0.148438 0.320312 0.121094 0.331250 0.156250 0.256250 0.187500
0 0.425000 0.380859 0.504687 0.382812 0.500000 0.419922 0.423438 0.419922
4 0.439063 0.458984 0.515625 0.458984 0.514062 0.494141 0.437500 0.498047
4 0.718750 0.730469 0.817187 0.732422 0.812500 0.781250 0.720313 0.781250
0 0.232813 0.654297 0.320312 0.656250 0.318750 0.699219 0.235937 0.699219
4 0.660937 0.000000 0.753125 0.003906 0.751563 0.048828 0.660937 0.048828
0 0.557813 0.367188 0.648438 0.367188 0.648438 0.417969 0.562500 0.412109
0 0.700000 0.455078 0.778125 0.458984 0.776563 0.496094 0.700000 0.496094
0 0.279687 0.826172 0.362500 0.814453 0.370312 0.861328 0.282813 0.869141
1 0.345313 0.726562 0.557813 0.716797 0.560937 0.775391 0.345313 0.783203
0 0.042188 0.804688 0.126562 0.800781 0.126562 0.849609 0.042188 0.853516
0 0.110937 0.640625 0.192188 0.644531 0.190625 0.695312 0.106250 0.693359
0 0.010937 0.642578 0.098437 0.642578 0.092188 0.689453 0.010937 0.687500
0 0.000000 0.710938 0.040625 0.724609 0.034375 0.773438 0.000000 0.765625
2 0.731250 0.283203 1.000000 0.285156 1.000000 0.349609 0.734375 0.341797
4 0.000000 0.349609 0.100000 0.361328 0.095312 0.423828 0.000000 0.419922
0 0.723437 0.367188 0.807813 0.376953 0.803125 0.419922 0.721875 0.410156
0 0.957812 0.375000 1.000000 0.376953 1.000000 0.419922 0.957812 0.416016
0 0.904687 0.658203 0.990625 0.658203 0.990625 0.701172 0.907813 0.701172
2 0.882812 0.462891 0.964063 0.455078 0.968750 0.494141 0.882812 0.501953
0 0.131250 0.458984 0.214062 0.453125 0.220312 0.503906 0.134375 0.503906
0 0.243750 0.378906 0.318750 0.375000 0.320312 0.419922 0.245312 0.421875
0 0.256250 0.304688 0.335938 0.306641 0.331250 0.357422 0.257812 0.349609
