0 0.923438 0.443359 0.984375 0.509766 0.967187 0.541016 0.898438 0.478516
0 0.004687 0.414062 0.046875 0.419922 0.037500 0.515625 0.000000 0.511719
0 0.781250 0.441406 0.846875 0.505859 0.823438 0.541016 0.760938 0.484375
0 0.712500 0.451172 0.776563 0.501953 0.754687 0.541016 0.692187 0.484375
0 0.618750 0.466797 0.640625 0.439453 0.693750 0.503906 0.670312 0.531250
0 0.765625 0.000000 0.801562 0.000000 0.801562 0.066406 0.765625 0.066406
0 0.712500 0.000000 0.750000 0.000000 0.750000 0.050781 0.712500 0.050781
0 0.675000 0.000000 0.706250 0.000000 0.706250 0.068359 0.675000 0.068359
0 0.581250 0.000000 0.609375 0.000000 0.609375 0.062500 0.581250 0.062500
0 0.514062 0.000000 0.545312 0.000000 0.548438 0.072266 0.514062 0.074219
0 0.468750 0.000000 0.500000 0.000000 0.509375 0.097656 0.476562 0.097656
0 0.432812 0.011719 0.464062 0.005859 0.473438 0.101562 0.437500 0.101562
0 0.385937 0.005859 0.418750 0.005859 0.418750 0.091797 0.385937 0.091797
0 0.342187 0.011719 0.371875 0.011719 0.371875 0.095703 0.342187 0.095703
0 0.962500 0.201172 0.998437 0.201172 0.998437 0.285156 0.959375 0.281250
0 0.910937 0.212891 0.935937 0.201172 0.956250 0.267578 0.923438 0.285156
0 0.870313 0.208984 0.901563 0.208984 0.901563 0.287109 0.870313 0.287109
0 0.826562 0.187500 0.862500 0.187500 0.862500 0.271484 0.828125 0.271484
0 0.773438 0.203125 0.803125 0.203125 0.803125 0.275391 0.773438 0.275391
0 0.732812 0.156250 0.764062 0.156250 0.765625 0.253906 0.731250 0.250000
0 0.695312 0.169922 0.720313 0.169922 0.720313 0.259766 0.695312 0.259766
0 0.654687 0.195312 0.682813 0.195312 0.682813 0.267578 0.654687 0.267578
0 0.604688 0.183594 0.639062 0.181641 0.635938 0.273438 0.606250 0.269531
0 0.665625 0.132812 0.737500 0.109375 0.745313 0.150391 0.673438 0.167969
0 0.837500 0.142578 0.914062 0.142578 0.914062 0.181641 0.837500 0.181641
0 0.575000 0.140625 0.646875 0.125000 0.653125 0.158203 0.578125 0.175781
0 0.959375 0.289062 0.985938 0.314453 0.942187 0.392578 0.915625 0.365234
0 0.901563 0.289062 0.931250 0.316406 0.881250 0.396484 0.854688 0.369141
0 0.837500 0.289062 0.862500 0.310547 0.812500 0.386719 0.785937 0.365234
0 0.778125 0.292969 0.804688 0.310547 0.753125 0.386719 0.729688 0.365234
0 0.654687 0.281250 0.685937 0.304688 0.640625 0.380859 0.610938 0.351562
0 0.534375 0.347656 0.595313 0.281250 0.621875 0.316406 0.562500 0.380859
0 0.012500 0.537109 0.051562 0.621094 0.020313 0.642578 0.000000 0.554688
0 0.031250 0.556641 0.062500 0.523438 0.107813 0.603516 0.082812 0.632812
0 0.084375 0.550781 0.112500 0.525391 0.170313 0.611328 0.137500 0.642578
0 0.110937 0.408203 0.151562 0.408203 0.151562 0.515625 0.110937 0.515625
0 0.000000 0.289062 0.070312 0.289062 0.071875 0.332031 0.000000 0.332031
0 0.225000 0.277344 0.307812 0.277344 0.307812 0.320312 0.225000 0.320312
0 0.129688 0.273438 0.210938 0.273438 0.210938 0.326172 0.128125 0.322266
0 0.243750 0.482422 0.331250 0.486328 0.328125 0.539062 0.242188 0.533203
0 0.178125 0.568359 0.267188 0.568359 0.267188 0.615234 0.178125 0.615234
0 0.279687 0.552734 0.317188 0.554688 0.318750 0.648438 0.281250 0.650391
0 0.518750 0.464844 0.618750 0.464844 0.618750 0.509766 0.518750 0.509766
0 0.898438 0.548828 0.989062 0.548828 0.989062 0.589844 0.898438 0.589844
0 0.782813 0.558594 0.868750 0.558594 0.868750 0.601562 0.782813 0.601562
0 0.529687 0.597656 0.625000 0.597656 0.625000 0.636719 0.529687 0.636719
