0 0.534375 0.117188 0.562500 0.117188 0.562500 0.205078 0.534375 0.205078
2 0.482812 0.119141 0.523438 0.128906 0.507812 0.275391 0.470313 0.265625
0 0.340625 0.523438 0.412500 0.523438 0.412500 0.562500 0.340625 0.562500
0 0.653125 0.474609 0.729688 0.474609 0.729688 0.515625 0.653125 0.515625
0 0.490625 0.671875 0.581250 0.667969 0.579688 0.710938 0.490625 0.716797
0 0.618750 0.681641 0.704688 0.681641 0.704688 0.722656 0.618750 0.722656
0 0.750000 0.681641 0.826562 0.681641 0.826562 0.722656 0.750000 0.722656
0 0.884375 0.623047 0.945312 0.623047 0.945312 0.664062 0.884375 0.664062
0 0.881250 0.693359 0.953125 0.693359 0.953125 0.732422 0.881250 0.732422
0 0.817187 0.757812 0.890625 0.757812 0.892188 0.796875 0.817187 0.794922
0 0.662500 0.744141 0.750000 0.744141 0.750000 0.787109 0.662500 0.787109
0 0.523438 0.738281 0.607812 0.738281 0.607812 0.787109 0.523438 0.787109
0 0.440625 0.107422 0.468750 0.107422 0.468750 0.199219 0.440625 0.199219
