2 0.660937 0.423828 0.967187 0.435547 0.975000 0.503906 0.664062 0.496094
0 0.946875 0.679688 1.000000 0.677734 1.000000 0.724609 0.948438 0.728516
0 0.251563 0.451172 0.342187 0.451172 0.342187 0.486328 0.251563 0.486328
0 0.112500 0.431641 0.206250 0.425781 0.207813 0.474609 0.107813 0.478516
0 0.189062 0.687500 0.260937 0.687500 0.260937 0.728516 0.189062 0.728516
0 0.342187 0.681641 0.426563 0.679688 0.428125 0.724609 0.342187 0.724609
0 0.565625 0.687500 0.648438 0.689453 0.654687 0.732422 0.565625 0.732422
0 0.723437 0.673828 0.806250 0.673828 0.806250 0.720703 0.723437 0.720703
0 0.832812 0.687500 0.914062 0.683594 0.917188 0.730469 0.832812 0.734375
0 0.054688 0.679688 0.145313 0.679688 0.145313 0.734375 0.054688 0.734375
0 0.448437 0.695312 0.534375 0.689453 0.537500 0.734375 0.450000 0.738281
0 0.479687 0.449219 0.568750 0.437500 0.573438 0.484375 0.479687 0.494141
0 0.000000 0.443359 0.064062 0.435547 0.068750 0.484375 0.000000 0.490234
0 0.367188 0.439453 0.451562 0.443359 0.450000 0.486328 0.360938 0.484375
