0 0.278125 0.097656 0.309375 0.097656 0.307812 0.195312 0.278125 0.193359
0 0.384375 0.289062 0.473438 0.298828 0.470313 0.347656 0.378125 0.339844
0 0.692187 0.259766 0.796875 0.265625 0.795312 0.320312 0.692187 0.316406
0 0.207813 0.423828 0.301563 0.425781 0.296875 0.480469 0.206250 0.472656
0 0.112500 0.511719 0.142187 0.482422 0.201563 0.578125 0.171875 0.613281
0 0.082812 0.494141 0.143750 0.574219 0.114062 0.607422 0.054688 0.531250
0 0.000000 0.505859 0.054688 0.576172 0.028125 0.609375 0.000000 0.544922
0 0.398438 0.103516 0.439063 0.095703 0.448437 0.203125 0.410938 0.210938
0 0.751563 0.171875 0.826562 0.228516 0.804688 0.271484 0.729688 0.214844
0 0.000000 0.101562 0.031250 0.107422 0.031250 0.152344 0.000000 0.146484
0 0.190625 0.244141 0.284375 0.234375 0.287500 0.281250 0.195312 0.292969
0 0.120313 0.240234 0.185938 0.242188 0.187500 0.289062 0.117188 0.285156
0 0.287500 0.246094 0.368750 0.248047 0.367188 0.289062 0.290625 0.285156
0 0.909375 0.125000 0.946875 0.125000 0.946875 0.240234 0.909375 0.240234
0 0.964063 0.146484 0.995313 0.146484 0.995313 0.246094 0.964063 0.246094
0 0.792188 0.085938 0.835938 0.085938 0.834375 0.197266 0.795312 0.195312
0 0.650000 0.107422 0.685937 0.107422 0.685937 0.218750 0.650000 0.218750
0 0.520312 0.099609 0.560937 0.099609 0.554688 0.210938 0.517188 0.210938
0 0.470313 0.109375 0.507812 0.109375 0.507812 0.216797 0.470313 0.216797
0 0.235937 0.087891 0.271875 0.085938 0.270313 0.197266 0.231250 0.197266
0 0.125000 0.037109 0.159375 0.035156 0.157812 0.132812 0.123438 0.128906
0 0.078125 0.019531 0.117188 0.023438 0.117188 0.134766 0.076563 0.134766
0 0.029687 0.035156 0.060937 0.035156 0.062500 0.156250 0.029687 0.150391
0 0.984375 0.000000 1.000000 0.003906 0.990625 0.093750 0.951562 0.076172
0 0.318750 0.103516 0.353125 0.089844 0.373437 0.197266 0.339062 0.207031
0 0.465625 0.537109 0.495312 0.509766 0.551562 0.597656 0.521875 0.626953
0 0.418750 0.515625 0.492188 0.589844 0.468750 0.628906 0.396875 0.552734
0 0.334375 0.548828 0.362500 0.515625 0.423438 0.595703 0.393750 0.628906
0 0.234375 0.523438 0.262500 0.496094 0.326562 0.585938 0.295312 0.619141
0 0.939063 0.591797 1.000000 0.601562 1.000000 0.652344 0.935937 0.630859
0 0.818750 0.580078 0.904687 0.591797 0.900000 0.646484 0.814063 0.630859
0 0.946875 0.458984 1.000000 0.468750 1.000000 0.513672 0.945312 0.501953
0 0.792188 0.527344 0.884375 0.527344 0.885938 0.570312 0.792188 0.574219
0 0.551562 0.570312 0.646875 0.572266 0.643750 0.621094 0.550000 0.617188
0 0.551562 0.501953 0.642188 0.507812 0.637500 0.558594 0.546875 0.548828
0 0.689063 0.435547 0.775000 0.443359 0.771875 0.490234 0.685937 0.482422
0 0.475000 0.439453 0.565625 0.439453 0.565625 0.480469 0.475000 0.480469
