0 0.509375 0.429688 0.535937 0.460938 0.476562 0.535156 0.453125 0.501953
0 0.418750 0.533203 0.442188 0.562500 0.381250 0.634766 0.362500 0.603516
0 0.445312 0.591797 0.468750 0.628906 0.410938 0.707031 0.385937 0.673828
0 0.437500 0.699219 0.503125 0.621094 0.525000 0.656250 0.462500 0.728516
0 0.514062 0.708984 0.542188 0.744141 0.484375 0.828125 0.459375 0.794922
0 0.593750 0.593750 0.621875 0.625000 0.564063 0.701172 0.535937 0.673828
0 0.628125 0.365234 0.650000 0.390625 0.596875 0.466797 0.573438 0.435547
0 0.760938 0.384766 0.789062 0.410156 0.739062 0.492188 0.714063 0.462891
0 0.693750 0.474609 0.721875 0.505859 0.670312 0.580078 0.643750 0.546875
0 0.654687 0.431641 0.712500 0.367188 0.734375 0.394531 0.684375 0.460938
0 0.804688 0.361328 0.865625 0.287109 0.887500 0.320312 0.831250 0.390625
0 0.754687 0.322266 0.806250 0.263672 0.831250 0.289062 0.779687 0.357422
0 0.670312 0.169922 0.695312 0.193359 0.640625 0.277344 0.617188 0.251953
0 0.926562 0.205078 1.000000 0.119141 1.000000 0.144531 0.957812 0.240234
0 0.617188 0.476562 0.650000 0.505859 0.581250 0.583984 0.559375 0.548828
0 0.789062 0.046875 0.845313 0.000000 0.870313 0.000000 0.814063 0.076172
0 0.493750 0.548828 0.554688 0.476562 0.578125 0.498047 0.518750 0.580078
