4 0.014063 0.367188 0.090625 0.367188 0.090625 0.410156 0.014063 0.410156
0 0.000000 0.453125 0.037500 0.453125 0.037500 0.496094 0.000000 0.496094
0 0.298438 0.222656 0.385937 0.222656 0.385937 0.263672 0.298438 0.263672
0 0.128125 0.224609 0.201563 0.224609 0.201563 0.267578 0.128125 0.267578
3 0.937500 0.279297 1.000000 0.279297 1.000000 0.341797 0.937500 0.341797
0 0.556250 0.382812 0.635938 0.384766 0.634375 0.425781 0.556250 0.425781
2 0.843750 0.384766 0.926562 0.384766 0.926562 0.427734 0.843750 0.427734
0 0.175000 0.466797 0.251563 0.466797 0.251563 0.505859 0.175000 0.505859
3 0.418750 0.826172 0.609375 0.816406 0.609375 0.886719 0.423438 0.886719
3 0.223438 0.273438 0.409375 0.279297 0.406250 0.339844 0.223438 0.341797
2 0.800000 0.732422 0.914062 0.732422 0.914062 0.787109 0.800000 0.787109
2 0.000000 0.281250 0.071875 0.281250 0.071875 0.335938 0.000000 0.335938
4 0.335938 0.380859 0.403125 0.380859 0.403125 0.414062 0.334375 0.417969
1 0.526563 0.281250 0.818750 0.279297 0.820312 0.347656 0.526563 0.345703
4 0.060937 0.462891 0.134375 0.466797 0.131250 0.507812 0.060937 0.503906
4 0.648438 0.460938 0.731250 0.460938 0.731250 0.505859 0.648438 0.505859
