0 0.071875 0.042969 0.098437 0.068359 0.057813 0.136719 0.032813 0.109375
0 0.328125 0.222656 0.350000 0.250000 0.303125 0.326172 0.276562 0.296875
0 0.279687 0.177734 0.307812 0.201172 0.260937 0.291016 0.234375 0.265625
0 0.109375 0.076172 0.135937 0.101562 0.095312 0.177734 0.068750 0.152344
0 0.189062 0.130859 0.215625 0.156250 0.170313 0.236328 0.140625 0.208984
0 0.156250 0.113281 0.176563 0.132812 0.131250 0.210938 0.107813 0.193359
0 0.662500 0.214844 0.700000 0.218750 0.689063 0.312500 0.657813 0.308594
0 0.606250 0.216797 0.642188 0.212891 0.654687 0.314453 0.615625 0.324219
0 0.507812 0.123047 0.546875 0.123047 0.546875 0.234375 0.507812 0.234375
0 0.456250 0.083984 0.492188 0.083984 0.487500 0.195312 0.446875 0.195312
0 0.364063 0.263672 0.395313 0.289062 0.343750 0.375000 0.314063 0.349609
0 0.029687 0.000000 0.056250 0.021484 0.015625 0.083984 0.000000 0.056641
0 0.839063 0.658203 0.862500 0.675781 0.821875 0.757812 0.800000 0.740234
0 0.889062 0.679688 0.920312 0.703125 0.881250 0.791016 0.846875 0.765625
0 0.932813 0.724609 0.965625 0.744141 0.928125 0.822266 0.898438 0.796875
0 0.978125 0.753906 1.000000 0.775391 0.967187 0.871094 0.937500 0.853516
0 0.090625 0.404297 0.159375 0.457031 0.140625 0.492188 0.071875 0.433594
0 0.292187 0.572266 0.364063 0.628906 0.340625 0.667969 0.271875 0.603516
0 0.509375 0.769531 0.584375 0.835938 0.565625 0.871094 0.492188 0.808594
0 0.815625 0.830078 0.898438 0.882812 0.881250 0.933594 0.798438 0.876953
0 0.740625 0.945312 0.807813 1.000000 0.790625 1.000000 0.723437 0.976562
0 0.550000 0.175781 0.585938 0.173828 0.596875 0.265625 0.557813 0.273438
0 0.790625 0.617188 0.818750 0.638672 0.775000 0.734375 0.743750 0.710938
0 0.601562 0.464844 0.629687 0.488281 0.578125 0.566406 0.554688 0.541016
0 0.550000 0.423828 0.578125 0.439453 0.539062 0.521484 0.512500 0.498047
0 0.989062 0.460938 1.000000 0.484375 0.970313 0.556641 0.948438 0.531250
0 0.925000 0.427734 0.953125 0.447266 0.909375 0.529297 0.885938 0.507812
0 0.882812 0.404297 0.909375 0.423828 0.876563 0.505859 0.845313 0.480469
