0 0.020313 0.447266 0.109375 0.435547 0.114062 0.484375 0.025000 0.496094
0 0.000000 0.353516 0.045312 0.347656 0.046875 0.400391 0.000000 0.402344
0 0.723437 0.876953 0.809375 0.865234 0.812500 0.912109 0.728125 0.921875
3 0.160938 0.740234 0.318750 0.722656 0.325000 0.787109 0.168750 0.798828
0 0.770312 0.464844 0.851562 0.451172 0.857812 0.488281 0.776563 0.501953
0 0.010937 0.267578 0.076563 0.244141 0.089063 0.289062 0.025000 0.314453
0 0.223438 0.337891 0.310937 0.326172 0.310937 0.371094 0.226562 0.378906
0 0.081250 0.353516 0.156250 0.337891 0.160938 0.388672 0.085938 0.400391
0 0.462500 0.476562 0.545312 0.470703 0.550000 0.515625 0.464062 0.519531
0 0.350000 0.513672 0.437500 0.503906 0.442188 0.546875 0.356250 0.556641
0 0.237500 0.517578 0.326562 0.507812 0.326562 0.550781 0.243750 0.562500
0 0.089063 0.521484 0.165625 0.519531 0.168750 0.562500 0.093750 0.564453
0 0.510938 0.380859 0.589063 0.365234 0.596875 0.410156 0.515625 0.423828
0 0.601562 0.466797 0.692187 0.457031 0.698438 0.498047 0.607812 0.509766
0 0.290625 0.417969 0.371875 0.408203 0.378125 0.449219 0.298438 0.462891
0 0.150000 0.423828 0.232813 0.412109 0.237500 0.455078 0.159375 0.466797
2 0.632812 0.384766 0.750000 0.365234 0.754687 0.423828 0.642188 0.439453
0 0.857812 0.275391 0.934375 0.267578 0.935937 0.310547 0.862500 0.318359
0 0.675000 0.289062 0.762500 0.277344 0.770312 0.324219 0.684375 0.332031
0 0.415625 0.316406 0.498437 0.302734 0.503125 0.345703 0.423438 0.357422
