0 0.287500 0.480469 0.353125 0.480469 0.354687 0.519531 0.285938 0.519531
2 0.425000 0.062500 0.626563 0.062500 0.626563 0.136719 0.425000 0.136719
4 0.576562 0.171875 0.657813 0.166016 0.664062 0.207031 0.578125 0.212891
2 0.454688 0.841797 0.495312 0.837891 0.498437 0.958984 0.464062 0.962891
3 0.531250 0.455078 0.750000 0.451172 0.751563 0.513672 0.528125 0.523438
2 0.801562 0.468750 0.885938 0.468750 0.887500 0.509766 0.800000 0.505859
0 0.754687 0.371094 0.820312 0.373047 0.821875 0.416016 0.754687 0.416016
0 0.882812 0.384766 0.964063 0.384766 0.962500 0.425781 0.881250 0.425781
0 0.590625 0.384766 0.676562 0.382812 0.681250 0.423828 0.590625 0.427734
0 0.390625 0.466797 0.473438 0.468750 0.473438 0.511719 0.387500 0.511719
0 0.456250 0.390625 0.526563 0.388672 0.526563 0.431641 0.456250 0.431641
0 0.315625 0.384766 0.401562 0.382812 0.403125 0.429688 0.314063 0.429688
0 0.046875 0.574219 0.129688 0.568359 0.132812 0.607422 0.043750 0.613281
