0 0.000000 0.710938 0.028125 0.683594 0.070312 0.769531 0.039062 0.789062
0 0.476562 0.533203 0.512500 0.539062 0.500000 0.646484 0.460938 0.636719
0 0.498437 0.041016 0.534375 0.039062 0.534375 0.134766 0.496875 0.134766
0 0.793750 0.000000 0.826562 0.000000 0.828125 0.085938 0.792188 0.083984
2 0.790625 0.091797 0.829688 0.091797 0.829688 0.214844 0.790625 0.214844
0 0.800000 0.408203 0.832812 0.408203 0.832812 0.507812 0.800000 0.507812
0 0.803125 0.527344 0.837500 0.527344 0.837500 0.623047 0.803125 0.623047
0 0.173437 0.105469 0.246875 0.105469 0.246875 0.144531 0.173437 0.144531
0 0.332813 0.105469 0.407813 0.105469 0.407813 0.140625 0.332813 0.140625
0 0.334375 0.052734 0.409375 0.052734 0.409375 0.087891 0.334375 0.087891
0 0.443750 0.162109 0.473438 0.162109 0.473438 0.261719 0.443750 0.261719
1 0.787500 0.675781 0.850000 0.677734 0.857812 1.000000 0.798438 1.000000
1 0.795312 0.234375 0.842187 0.234375 0.842187 0.363281 0.795312 0.363281
0 0.440625 0.291016 0.475000 0.289062 0.475000 0.394531 0.440625 0.392578
0 0.532813 0.447266 0.564063 0.447266 0.564063 0.542969 0.529687 0.542969
0 0.423438 0.513672 0.456250 0.515625 0.446875 0.611328 0.412500 0.607422
0 0.340625 0.521484 0.367188 0.501953 0.398438 0.587891 0.373437 0.603516
0 0.289062 0.576172 0.346875 0.638672 0.328125 0.667969 0.268750 0.605469
0 0.204687 0.666016 0.235937 0.636719 0.289062 0.720703 0.251563 0.755859
0 0.000000 0.931641 0.032813 0.925781 0.032813 0.974609 0.000000 0.972656
0 0.179688 0.021484 0.253125 0.021484 0.253125 0.058594 0.179688 0.058594
0 0.132812 0.699219 0.162500 0.662109 0.221875 0.736328 0.192188 0.771484
0 0.084375 0.695312 0.157812 0.765625 0.137500 0.796875 0.059375 0.734375
