0 0.937500 0.000000 0.962500 0.000000 0.917188 0.076172 0.890625 0.058594
0 0.046875 0.251953 0.076563 0.281250 0.032813 0.357422 0.000000 0.320312
0 0.125000 0.134766 0.154688 0.158203 0.100000 0.240234 0.076563 0.208984
0 0.189062 0.031250 0.217188 0.058594 0.167187 0.144531 0.137500 0.119141
0 0.295312 0.015625 0.331250 0.037109 0.284375 0.123047 0.254688 0.091797
0 0.232813 0.875000 0.268750 0.906250 0.200000 1.000000 0.170313 0.982422
0 0.378125 0.560547 0.406250 0.585938 0.359375 0.675781 0.325000 0.652344
0 0.759375 0.427734 0.792188 0.457031 0.742188 0.546875 0.709375 0.517578
0 0.735938 0.347656 0.768750 0.373047 0.718750 0.462891 0.689063 0.437500
0 0.953125 0.095703 0.978125 0.119141 0.929688 0.210938 0.903125 0.183594
