0 0.493750 0.396484 0.521875 0.373047 0.568750 0.455078 0.537500 0.474609
0 0.214062 0.328125 0.248438 0.304688 0.289062 0.388672 0.257812 0.416016
0 0.032813 0.220703 0.067187 0.193359 0.120313 0.294922 0.084375 0.322266
0 0.279687 0.105469 0.307812 0.089844 0.348438 0.167969 0.317188 0.191406
0 0.331250 0.226562 0.362500 0.195312 0.406250 0.269531 0.381250 0.300781
0 0.403125 0.228516 0.431250 0.205078 0.473438 0.287109 0.450000 0.306641
0 0.335938 0.085938 0.360938 0.070312 0.401562 0.144531 0.370312 0.160156
0 0.581250 0.427734 0.612500 0.404297 0.654687 0.492188 0.628125 0.513672
0 0.509375 0.294922 0.537500 0.271484 0.579688 0.351562 0.550000 0.373047
0 0.434375 0.162109 0.465625 0.136719 0.501563 0.212891 0.468750 0.236328
0 0.381250 0.060547 0.403125 0.041016 0.446875 0.121094 0.420312 0.140625
0 0.904687 0.525391 0.929688 0.503906 0.979688 0.578125 0.948438 0.611328
0 0.014063 0.935547 0.053125 1.000000 0.031250 1.000000 0.000000 0.955078
0 0.392188 0.000000 0.415625 0.000000 0.473438 0.033203 0.443750 0.060547
