0 0.481250 0.408203 0.579688 0.386719 0.584375 0.433594 0.489063 0.453125
0 0.957812 0.529297 1.000000 0.521484 1.000000 0.578125 0.959375 0.582031
0 0.745313 0.667969 0.837500 0.660156 0.835938 0.712891 0.745313 0.714844
0 0.365625 0.677734 0.457813 0.675781 0.459375 0.724609 0.365625 0.726562
1 0.256250 0.855469 0.329688 0.931641 0.304688 0.966797 0.231250 0.892578
0 0.200000 0.480469 0.293750 0.474609 0.300000 0.523438 0.203125 0.533203
0 0.048438 0.500000 0.150000 0.488281 0.154688 0.537109 0.053125 0.548828
0 0.884375 0.337891 0.978125 0.324219 0.984375 0.369141 0.889062 0.384766
0 0.607812 0.550781 0.709375 0.542969 0.710938 0.599609 0.609375 0.603516
0 0.485938 0.673828 0.584375 0.669922 0.585938 0.714844 0.490625 0.716797
0 0.253125 0.841797 0.279687 0.808594 0.345313 0.880859 0.320312 0.916016
0 0.637500 0.677734 0.729688 0.673828 0.729688 0.718750 0.637500 0.722656
0 0.850000 0.664062 0.929688 0.664062 0.929688 0.707031 0.851562 0.708984
0 0.000000 0.781250 0.032813 0.781250 0.028125 0.898438 0.000000 0.898438
0 0.198437 0.201172 0.235937 0.197266 0.240625 0.306641 0.203125 0.314453
0 0.320312 0.236328 0.360938 0.238281 0.362500 0.343750 0.328125 0.343750
0 0.246875 0.246094 0.278125 0.232422 0.310937 0.322266 0.278125 0.339844
0 0.492188 0.226562 0.528125 0.222656 0.529687 0.335938 0.492188 0.335938
0 0.653125 0.218750 0.687500 0.216797 0.690625 0.330078 0.657813 0.328125
0 0.809375 0.199219 0.850000 0.197266 0.856250 0.322266 0.809375 0.322266
0 0.901563 0.207031 0.940625 0.203125 0.945312 0.310547 0.910937 0.314453
0 0.379688 0.341797 0.475000 0.339844 0.478125 0.386719 0.381250 0.388672
0 0.385937 0.470703 0.489063 0.474609 0.485938 0.525391 0.384375 0.525391
0 0.557813 0.476562 0.653125 0.478516 0.656250 0.523438 0.556250 0.525391
0 0.200000 0.355469 0.284375 0.345703 0.293750 0.386719 0.201563 0.402344
