0 0.945312 0.634766 1.000000 0.660156 1.000000 0.695312 0.939063 0.671875
0 0.900000 0.484375 0.987500 0.515625 0.982812 0.566406 0.892188 0.533203
0 0.501563 0.095703 0.587500 0.121094 0.582812 0.162109 0.496875 0.138672
0 0.506250 0.589844 0.584375 0.611328 0.579688 0.644531 0.501563 0.626953
0 0.560937 0.511719 0.640625 0.537109 0.631250 0.580078 0.553125 0.548828
0 0.964063 0.285156 1.000000 0.316406 1.000000 0.359375 0.957812 0.333984
0 0.164062 0.265625 0.242188 0.283203 0.234375 0.326172 0.156250 0.308594
0 0.842187 0.677734 0.921875 0.699219 0.917188 0.740234 0.835938 0.720703
0 0.054688 0.132812 0.140625 0.164062 0.131250 0.207031 0.043750 0.173828
0 0.257812 0.359375 0.340625 0.382812 0.331250 0.427734 0.248438 0.402344
