2 0.476562 0.185547 0.543750 0.267578 0.517188 0.298828 0.451562 0.220703
2 0.546875 0.273438 0.620313 0.345703 0.593750 0.382812 0.526563 0.304688
2 0.481250 0.361328 0.551562 0.439453 0.529687 0.478516 0.457813 0.396484
2 0.385937 0.306641 0.412500 0.275391 0.478125 0.355469 0.454688 0.388672
2 0.378125 0.312500 0.453125 0.392578 0.425000 0.423828 0.357812 0.343750
2 0.328125 0.380859 0.351562 0.351562 0.423438 0.431641 0.396875 0.464844
2 0.414062 0.453125 0.484375 0.535156 0.459375 0.566406 0.392188 0.488281
0 0.101562 0.666016 0.162500 0.730469 0.142187 0.763672 0.079687 0.699219
3 0.960938 0.240234 1.000000 0.417969 1.000000 0.468750 0.926562 0.298828
0 0.859375 0.939453 0.910937 1.000000 0.887500 1.000000 0.835938 0.972656
2 0.754687 0.000000 0.778125 0.000000 0.850000 0.027344 0.828125 0.054688
3 0.585938 0.892578 0.709375 1.000000 0.676562 1.000000 0.548438 0.943359
3 0.910937 0.708984 0.943750 0.667969 1.000000 0.798828 1.000000 0.843750
3 0.879687 0.500000 1.000000 0.667969 0.996875 0.718750 0.843750 0.550781
3 0.914062 0.308594 1.000000 0.486328 1.000000 0.537109 0.879687 0.367188
3 0.743750 0.539062 0.784375 0.490234 0.932813 0.654297 0.889062 0.703125
3 0.862500 0.777344 0.903125 0.730469 1.000000 0.863281 0.975000 0.906250
0 0.867188 0.908203 0.893750 0.876953 0.960938 0.968750 0.935937 0.996094
0 0.748437 0.126953 0.779687 0.154297 0.726562 0.230469 0.700000 0.205078
0 0.492188 0.347656 0.518750 0.320312 0.576562 0.382812 0.553125 0.414062
2 0.507812 0.142578 0.581250 0.224609 0.553125 0.259766 0.484375 0.177734
