0 0.845313 0.867188 0.923438 0.867188 0.923438 0.914062 0.845313 0.914062
0 0.639062 0.892578 0.721875 0.892578 0.721875 0.945312 0.639062 0.945312
2 0.451562 0.892578 0.562500 0.892578 0.562500 0.951172 0.451562 0.951172
0 0.485938 0.806641 0.575000 0.806641 0.575000 0.857422 0.485938 0.857422
0 0.360938 0.505859 0.459375 0.505859 0.459375 0.552734 0.360938 0.552734
0 0.460938 0.611328 0.560937 0.611328 0.560937 0.660156 0.460938 0.660156
0 0.704688 0.960938 0.796875 0.960938 0.796875 1.000000 0.704688 1.000000
0 0.879687 0.958984 0.964063 0.958984 0.964063 1.000000 0.879687 1.000000
0 0.832812 0.078125 0.867188 0.078125 0.867188 0.171875 0.832812 0.171875
0 0.928125 0.498047 1.000000 0.498047 1.000000 0.541016 0.928125 0.541016
1 0.098437 0.384766 0.406250 0.384766 0.406250 0.451172 0.098437 0.451172
1 0.476562 0.367188 0.773438 0.392578 0.768750 0.462891 0.473438 0.451172
0 0.123438 0.908203 0.220312 0.908203 0.220312 0.960938 0.123438 0.960938
0 0.282813 0.925781 0.375000 0.925781 0.375000 0.972656 0.282813 0.972656
