0 0.282813 0.763672 0.307812 0.734375 0.367188 0.800781 0.345313 0.830078
4 0.276562 0.800781 0.331250 0.861328 0.317188 0.888672 0.256250 0.832031
1 0.564063 0.554688 0.596875 0.525391 0.664062 0.621094 0.635938 0.650391
1 0.537500 0.208984 0.568750 0.175781 0.775000 0.453125 0.739062 0.488281
0 0.989062 0.472656 1.000000 0.539062 1.000000 0.578125 0.967187 0.507812
2 0.904687 0.019531 0.945312 0.000000 1.000000 0.160156 1.000000 0.208984
0 0.603125 0.013672 0.626563 0.000000 0.673438 0.056641 0.656250 0.082031
0 0.781250 0.097656 0.801562 0.072266 0.857812 0.144531 0.835938 0.167969
0 0.789062 0.285156 0.818750 0.255859 0.875000 0.339844 0.848437 0.369141
0 0.129688 0.679688 0.184375 0.750000 0.165625 0.789062 0.101562 0.726562
