0 0.575000 0.085938 0.603125 0.083984 0.604688 0.185547 0.575000 0.189453
0 0.334375 0.880859 0.370312 0.878906 0.373437 0.978516 0.340625 0.978516
0 0.425000 0.943359 0.460938 0.945312 0.462500 1.000000 0.425000 1.000000
0 0.425000 0.816406 0.462500 0.820312 0.456250 0.910156 0.423438 0.906250
0 0.418750 0.677734 0.451562 0.677734 0.453125 0.781250 0.420312 0.785156
0 0.389062 0.562500 0.418750 0.564453 0.410938 0.664062 0.376563 0.658203
0 0.656250 0.896484 0.689063 0.896484 0.689063 1.000000 0.653125 1.000000
0 0.662500 0.468750 0.701562 0.466797 0.703125 0.568359 0.664062 0.570312
2 0.510938 0.175781 0.554688 0.171875 0.562500 0.552734 0.507812 0.548828
0 0.648438 0.005859 0.687500 0.005859 0.687500 0.109375 0.651563 0.109375
0 0.164062 0.000000 0.201563 0.000000 0.218750 0.029297 0.184375 0.042969
0 0.118750 0.062500 0.162500 0.076172 0.154688 0.158203 0.109375 0.152344
1 0.259375 0.000000 0.314063 0.000000 0.314063 0.207031 0.259375 0.207031
4 0.057813 0.320312 0.104688 0.390625 0.079687 0.419922 0.032813 0.353516
