0 0.176563 0.025391 0.245312 0.037109 0.245312 0.076172 0.175000 0.066406
3 0.485938 0.953125 0.810937 0.982422 0.804688 1.000000 0.478125 1.000000
4 0.190625 0.953125 0.306250 0.968750 0.300000 1.000000 0.187500 1.000000
4 0.539062 0.511719 0.631250 0.511719 0.631250 0.564453 0.539062 0.564453
0 0.353125 0.968750 0.442188 0.966797 0.445312 1.000000 0.353125 1.000000
0 0.214062 0.480469 0.301563 0.494141 0.295312 0.537109 0.207813 0.527344
0 0.320312 0.488281 0.418750 0.500000 0.418750 0.546875 0.314063 0.537109
0 0.815625 0.074219 0.846875 0.068359 0.864062 0.166016 0.829688 0.173828
0 0.010937 0.023438 0.082812 0.023438 0.082812 0.062500 0.010937 0.062500
0 0.085938 0.021484 0.164062 0.021484 0.164062 0.060547 0.085938 0.060547
0 0.071875 0.962891 0.159375 0.962891 0.159375 1.000000 0.071875 1.000000
0 0.000000 0.900391 0.092188 0.900391 0.092188 0.951172 0.000000 0.951172
0 0.145313 0.664062 0.245312 0.669922 0.240625 0.726562 0.143750 0.712891
0 0.090625 0.478516 0.185938 0.478516 0.185938 0.525391 0.090625 0.525391
0 0.421875 0.507812 0.518750 0.507812 0.518750 0.554688 0.421875 0.554688
0 0.923438 0.546875 1.000000 0.546875 1.000000 0.589844 0.923438 0.589844
0 0.814063 0.531250 0.910937 0.533203 0.901563 0.585938 0.814063 0.580078
0 0.689063 0.521484 0.782813 0.521484 0.782813 0.564453 0.689063 0.564453
