0 0.581250 0.792969 0.670312 0.791016 0.670312 0.835938 0.584375 0.837891
0 0.487500 0.353516 0.578125 0.353516 0.578125 0.390625 0.487500 0.390625
1 0.482812 0.408203 0.767188 0.408203 0.762500 0.472656 0.482812 0.470703
4 0.435937 0.507812 0.506250 0.507812 0.506250 0.544922 0.434375 0.542969
4 0.232813 0.595703 0.303125 0.597656 0.303125 0.634766 0.232813 0.634766
2 0.795312 0.730469 0.879687 0.730469 0.878125 0.777344 0.795312 0.777344
4 0.121875 0.509766 0.206250 0.527344 0.201563 0.566406 0.118750 0.556641
0 0.246875 0.345703 0.320312 0.345703 0.320312 0.386719 0.246875 0.386719
0 0.570312 0.880859 0.659375 0.878906 0.659375 0.921875 0.570312 0.921875
0 0.207813 0.792969 0.292187 0.794922 0.293750 0.839844 0.210938 0.837891
0 0.867188 0.515625 0.950000 0.515625 0.950000 0.550781 0.867188 0.550781
0 0.692187 0.511719 0.776563 0.515625 0.775000 0.550781 0.692187 0.556641
0 0.546875 0.515625 0.625000 0.515625 0.625000 0.548828 0.546875 0.548828
0 0.307812 0.509766 0.385937 0.509766 0.385937 0.544922 0.307812 0.544922
0 0.006250 0.494141 0.089063 0.494141 0.089063 0.531250 0.006250 0.531250
0 0.718750 0.357422 0.800000 0.359375 0.798438 0.400391 0.718750 0.404297
