0 0.375000 0.019531 0.404687 0.019531 0.398438 0.109375 0.368750 0.107422
0 0.534375 0.234375 0.568750 0.238281 0.557813 0.332031 0.523438 0.326172
4 0.795312 0.568359 0.828125 0.568359 0.828125 0.677734 0.795312 0.677734
0 0.523438 0.095703 0.556250 0.101562 0.553125 0.193359 0.517188 0.193359
0 0.785937 0.041016 0.817187 0.041016 0.817187 0.130859 0.785937 0.130859
0 0.821875 0.072266 0.856250 0.072266 0.857812 0.167969 0.821875 0.167969
2 0.818750 0.177734 0.860938 0.177734 0.860938 0.304688 0.818750 0.304688
0 0.779687 0.212891 0.809375 0.212891 0.809375 0.306641 0.779687 0.306641
0 0.784375 0.330078 0.817187 0.328125 0.818750 0.419922 0.787500 0.419922
0 0.826562 0.320312 0.857812 0.316406 0.867188 0.402344 0.839063 0.406250
0 0.793750 0.433594 0.825000 0.433594 0.825000 0.531250 0.793750 0.531250
0 0.835938 0.416016 0.865625 0.416016 0.865625 0.521484 0.835938 0.521484
0 0.835938 0.548828 0.865625 0.548828 0.867188 0.646484 0.835938 0.646484
0 0.782813 0.726562 0.814063 0.720703 0.825000 0.835938 0.784375 0.835938
0 0.839063 0.808594 0.876563 0.808594 0.875000 0.917969 0.840625 0.921875
0 0.790625 0.839844 0.826562 0.835938 0.826562 0.947266 0.795312 0.951172
0 0.823438 0.000000 0.856250 0.000000 0.859375 0.056641 0.826562 0.056641
0 0.239063 0.900391 0.321875 0.900391 0.323437 0.945312 0.239063 0.945312
0 0.412500 0.748047 0.485938 0.751953 0.485938 0.800781 0.412500 0.794922
0 0.382812 0.835938 0.459375 0.832031 0.459375 0.878906 0.382812 0.876953
0 0.348438 0.896484 0.434375 0.890625 0.432812 0.939453 0.351562 0.937500
0 0.451562 0.900391 0.520312 0.902344 0.521875 0.945312 0.451562 0.949219
0 0.548438 0.769531 0.585938 0.765625 0.582812 0.875000 0.548438 0.871094
0 0.398438 0.210938 0.429688 0.216797 0.415625 0.302734 0.385937 0.294922
0 0.331250 0.244141 0.354687 0.228516 0.378125 0.298828 0.351562 0.310547
0 0.418750 0.291016 0.448437 0.271484 0.479687 0.361328 0.448437 0.380859
0 0.504687 0.755859 0.539062 0.761719 0.526563 0.875000 0.484375 0.863281
0 0.521875 0.550781 0.557813 0.556641 0.550000 0.656250 0.509375 0.648438
0 0.476562 0.529297 0.512500 0.529297 0.501563 0.636719 0.465625 0.630859
0 0.484375 0.349609 0.567187 0.347656 0.567187 0.390625 0.487500 0.394531
0 0.473438 0.251953 0.507812 0.253906 0.507812 0.339844 0.473438 0.339844
0 0.473438 0.166016 0.504687 0.166016 0.504687 0.248047 0.473438 0.248047
0 0.482812 0.056641 0.510938 0.056641 0.510938 0.148438 0.482812 0.148438
