0 0.937500 0.853516 0.973437 0.828125 1.000000 0.921875 0.987500 0.945312
0 0.742188 0.000000 0.775000 0.000000 0.803125 0.031250 0.770312 0.050781
1 0.414062 0.666016 0.510938 0.591797 0.531250 0.644531 0.432812 0.710938
0 0.753125 0.562500 0.832812 0.511719 0.853125 0.554688 0.773438 0.599609
0 0.585938 0.662109 0.668750 0.611328 0.687500 0.654297 0.610938 0.705078
0 0.459375 0.740234 0.539062 0.695312 0.556250 0.734375 0.479687 0.777344
0 0.875000 0.888672 0.907813 0.875000 0.942187 0.970703 0.907813 0.986328
0 0.912500 0.873047 0.946875 0.865234 0.979688 0.953125 0.946875 0.972656
0 0.560937 0.515625 0.632812 0.443359 0.654687 0.478516 0.585938 0.548828
0 0.090625 0.853516 0.179688 0.802734 0.195312 0.849609 0.115625 0.892578
0 0.153125 0.925781 0.239063 0.880859 0.253125 0.923828 0.173437 0.966797
0 0.276562 0.855469 0.351562 0.810547 0.370312 0.851562 0.296875 0.896484
0 0.839063 0.908203 0.867188 0.886719 0.910937 0.980469 0.881250 0.998047
0 0.800000 0.933594 0.835938 0.912109 0.875000 1.000000 0.840625 1.000000
0 0.910937 0.466797 0.964063 0.408203 0.984375 0.445312 0.932813 0.496094
0 0.764062 0.160156 0.795312 0.166016 0.784375 0.261719 0.746875 0.257812
