0 0.868750 0.677734 0.957812 0.677734 0.957812 0.728516 0.868750 0.728516
2 0.621875 0.001953 0.670312 0.000000 0.693750 0.175781 0.640625 0.181641
2 0.125000 0.880859 0.445312 0.876953 0.440625 0.947266 0.125000 0.945312
2 0.239063 0.664062 0.518750 0.664062 0.518750 0.726562 0.239063 0.726562
1 0.631250 0.882812 0.929688 0.875000 0.929688 0.945312 0.634375 0.949219
1 0.020313 0.355469 0.315625 0.363281 0.315625 0.427734 0.025000 0.427734
3 0.734375 0.576172 0.931250 0.576172 0.931250 0.638672 0.734375 0.638672
0 0.840625 0.054688 0.884375 0.054688 0.885938 0.171875 0.843750 0.171875
0 0.370312 0.587891 0.459375 0.589844 0.460938 0.636719 0.370312 0.636719
0 0.054688 0.574219 0.135937 0.574219 0.135937 0.625000 0.054688 0.625000
