0 0.106250 0.263672 0.190625 0.261719 0.190625 0.308594 0.106250 0.308594
0 0.132812 0.167969 0.215625 0.171875 0.215625 0.220703 0.126562 0.216797
0 0.000000 0.189453 0.064062 0.193359 0.060937 0.234375 0.000000 0.234375
0 0.523438 0.275391 0.607812 0.277344 0.604688 0.316406 0.523438 0.318359
0 0.468750 0.361328 0.553125 0.357422 0.551562 0.400391 0.468750 0.400391
0 0.503125 0.708984 0.582812 0.710938 0.581250 0.751953 0.501563 0.750000
0 0.346875 0.859375 0.378125 0.873047 0.342187 0.964844 0.314063 0.947266
0 0.098437 0.355469 0.175000 0.357422 0.178125 0.402344 0.098437 0.396484
0 0.423438 0.279297 0.492188 0.277344 0.492188 0.316406 0.425000 0.316406
2 0.196875 0.339844 0.270313 0.337891 0.271875 0.378906 0.193750 0.378906
0 0.832812 0.365234 0.917188 0.357422 0.921875 0.402344 0.831250 0.406250
0 0.946875 0.355469 1.000000 0.359375 1.000000 0.408203 0.946875 0.402344
0 0.918750 0.273438 1.000000 0.275391 1.000000 0.320312 0.921875 0.320312
0 0.792188 0.275391 0.865625 0.273438 0.865625 0.318359 0.790625 0.314453
0 0.685937 0.263672 0.771875 0.267578 0.768750 0.322266 0.682813 0.314453
2 0.218750 0.259766 0.373437 0.259766 0.373437 0.318359 0.218750 0.314453
2 0.735938 0.150391 1.000000 0.205078 1.000000 0.267578 0.723437 0.222656
2 0.578125 0.326172 0.695312 0.330078 0.687500 0.396484 0.575000 0.392578
3 0.312500 0.347656 0.432812 0.345703 0.429688 0.400391 0.312500 0.400391
0 0.000000 0.250000 0.053125 0.244141 0.053125 0.302734 0.000000 0.296875
0 0.000000 0.339844 0.073438 0.335938 0.078125 0.380859 0.000000 0.380859
