3 0.345313 0.111328 0.382812 0.085938 0.468750 0.283203 0.428125 0.308594
3 0.287500 0.132812 0.318750 0.111328 0.418750 0.306641 0.376563 0.339844
3 0.232813 0.166016 0.267188 0.144531 0.354687 0.355469 0.317188 0.375000
0 0.221875 0.253906 0.251563 0.240234 0.281250 0.320312 0.253125 0.333984
3 0.046875 0.294922 0.092188 0.259766 0.173437 0.468750 0.135937 0.496094
3 0.157812 0.232422 0.193750 0.207031 0.278125 0.408203 0.237500 0.439453
0 0.903125 0.429688 0.931250 0.408203 0.975000 0.498047 0.942187 0.517578
0 0.901563 0.152344 0.968750 0.101562 0.987500 0.134766 0.923438 0.189453
3 0.100000 0.968750 0.245312 0.882812 0.264062 0.937500 0.121875 1.000000
3 0.071875 0.892578 0.209375 0.808594 0.231250 0.863281 0.095312 0.953125
3 0.045312 0.820312 0.178125 0.728516 0.203125 0.783203 0.070312 0.875000
3 0.017188 0.748047 0.162500 0.654297 0.185938 0.705078 0.039062 0.802734
3 0.523438 0.000000 0.564063 0.000000 0.667188 0.166016 0.626563 0.187500
3 0.475000 0.000000 0.518750 0.000000 0.618750 0.191406 0.571875 0.216797
3 0.423438 0.017578 0.467187 0.000000 0.565625 0.220703 0.526563 0.251953
3 0.617188 0.005859 0.660937 0.000000 0.739062 0.173828 0.696875 0.199219
3 0.439063 0.798828 0.481250 0.769531 0.567187 0.980469 0.523438 1.000000
3 0.492188 0.769531 0.535937 0.742188 0.631250 0.955078 0.584375 0.984375
3 0.589063 0.818359 0.635938 0.798828 0.725000 1.000000 0.678125 1.000000
3 0.659375 0.798828 0.704688 0.771484 0.796875 0.986328 0.751563 1.000000
3 0.968750 0.683594 1.000000 0.691406 0.996875 0.943359 0.940625 0.925781
3 0.909375 0.583984 0.960938 0.591797 0.935937 0.855469 0.881250 0.843750
3 0.853125 0.474609 0.901563 0.488281 0.882812 0.730469 0.828125 0.722656
3 0.810937 0.388672 0.856250 0.402344 0.814063 0.634766 0.762500 0.619141
