0 0.043750 0.322266 0.079687 0.324219 0.064062 0.433594 0.025000 0.417969
0 0.134375 0.531250 0.170313 0.537109 0.151562 0.638672 0.115625 0.628906
0 0.328125 0.621094 0.360938 0.628906 0.335938 0.728516 0.306250 0.712891
0 0.250000 0.589844 0.287500 0.601562 0.265625 0.697266 0.226562 0.683594
0 0.093750 0.312500 0.129688 0.322266 0.114062 0.425781 0.075000 0.414062
0 0.142187 0.328125 0.176563 0.341797 0.153125 0.423828 0.120313 0.414062
0 0.190625 0.339844 0.229687 0.347656 0.209375 0.462891 0.167187 0.455078
0 0.246875 0.353516 0.282813 0.359375 0.260937 0.468750 0.225000 0.460938
0 0.462500 0.578125 0.493750 0.582031 0.481250 0.683594 0.446875 0.677734
2 0.017188 0.527344 0.060937 0.542969 0.028125 0.679688 0.000000 0.660156
2 0.187500 0.562500 0.237500 0.572266 0.206250 0.728516 0.159375 0.712891
2 0.376563 0.292969 0.425000 0.306641 0.375000 0.578125 0.318750 0.560547
2 0.448437 0.316406 0.500000 0.333984 0.442188 0.599609 0.387500 0.583984
2 0.657813 0.490234 0.712500 0.494141 0.682813 0.789062 0.629687 0.779297
2 0.751563 0.433594 0.801562 0.445312 0.751563 0.714844 0.700000 0.699219
1 0.387500 0.607422 0.429688 0.625000 0.396875 0.759766 0.350000 0.740234
1 0.809375 0.447266 0.857812 0.460938 0.831250 0.671875 0.776563 0.664062
