0 0.020313 0.025391 0.054688 0.021484 0.062500 0.113281 0.026562 0.115234
0 0.432812 0.263672 0.460938 0.240234 0.506250 0.322266 0.475000 0.347656
0 0.331250 0.275391 0.359375 0.257812 0.387500 0.353516 0.357812 0.367188
0 0.382812 0.265625 0.417187 0.250000 0.440625 0.339844 0.410938 0.359375
0 0.531250 0.458984 0.606250 0.431641 0.617188 0.474609 0.539062 0.503906
0 0.285938 0.281250 0.315625 0.261719 0.340625 0.357422 0.304688 0.373047
0 0.606250 0.507812 0.637500 0.517578 0.618750 0.617188 0.582812 0.603516
0 0.550000 0.511719 0.578125 0.523438 0.557813 0.626953 0.526563 0.617188
0 0.487500 0.562500 0.515625 0.562500 0.515625 0.646484 0.487500 0.646484
0 0.448437 0.556641 0.478125 0.566406 0.457813 0.664062 0.426563 0.650391
0 0.400000 0.556641 0.431250 0.566406 0.410938 0.664062 0.373437 0.644531
0 0.345313 0.566406 0.371875 0.572266 0.350000 0.667969 0.321875 0.652344
0 0.235937 0.652344 0.317188 0.656250 0.320312 0.699219 0.234375 0.693359
0 0.221875 0.585938 0.310937 0.582031 0.309375 0.626953 0.221875 0.628906
0 0.218750 0.441406 0.281250 0.500000 0.256250 0.537109 0.196875 0.478516
0 0.643750 0.013672 0.671875 0.003906 0.687500 0.074219 0.662500 0.085938
0 0.650000 0.107422 0.679688 0.095703 0.701562 0.185547 0.673438 0.197266
0 0.590625 0.224609 0.614062 0.207031 0.665625 0.291016 0.632812 0.308594
0 0.439063 0.429688 0.510938 0.425781 0.514062 0.466797 0.437500 0.468750
0 0.548438 0.230469 0.575000 0.212891 0.609375 0.302734 0.582812 0.320312
0 0.478125 0.250000 0.506250 0.226562 0.556250 0.304688 0.526563 0.332031
0 0.314063 0.441406 0.390625 0.425781 0.400000 0.470703 0.320312 0.482422
0 0.034375 0.419922 0.123438 0.416016 0.123438 0.460938 0.039062 0.458984
0 0.000000 0.363281 0.018750 0.363281 0.018750 0.455078 0.000000 0.455078
0 0.193750 0.185547 0.226562 0.185547 0.228125 0.283203 0.196875 0.287109
0 0.039062 0.492188 0.106250 0.478516 0.106250 0.521484 0.039062 0.531250
0 0.042188 0.548828 0.123438 0.535156 0.123438 0.582031 0.046875 0.589844
0 0.010937 0.617188 0.095312 0.607422 0.098437 0.646484 0.012500 0.656250
0 0.023438 0.757812 0.084375 0.738281 0.090625 0.773438 0.023438 0.798828
0 0.023438 0.939453 0.059375 0.927734 0.071875 1.000000 0.039062 1.000000
0 0.085938 0.902344 0.115625 0.900391 0.125000 0.992188 0.092188 0.992188
0 0.137500 0.871094 0.171875 0.871094 0.171875 0.966797 0.137500 0.966797
0 0.228125 0.865234 0.264062 0.853516 0.279687 0.972656 0.240625 0.978516
0 0.243750 0.287109 0.276562 0.273438 0.298438 0.371094 0.265625 0.386719
0 0.651563 0.519531 0.684375 0.533203 0.656250 0.632812 0.626563 0.615234
0 0.735938 0.695312 0.765625 0.687500 0.782813 0.802734 0.748437 0.804688
0 0.762500 0.806641 0.795312 0.804688 0.804688 0.906250 0.770312 0.910156
0 0.125000 0.005859 0.157812 0.000000 0.164062 0.097656 0.137500 0.101562
0 0.037500 0.367188 0.121875 0.355469 0.126562 0.402344 0.037500 0.406250
0 0.014063 0.310547 0.093750 0.302734 0.095312 0.343750 0.017188 0.353516
0 0.240625 0.726562 0.314063 0.726562 0.314063 0.767578 0.240625 0.767578
