0 0.904687 0.931641 0.990625 0.931641 0.990625 0.982422 0.904687 0.982422
0 0.748437 0.710938 0.850000 0.710938 0.850000 0.761719 0.748437 0.761719
0 0.109375 0.656250 0.212500 0.656250 0.212500 0.699219 0.109375 0.699219
0 0.220312 0.560547 0.314063 0.560547 0.314063 0.611328 0.220312 0.611328
0 0.164062 0.857422 0.253125 0.857422 0.253125 0.902344 0.162500 0.902344
2 0.579688 0.621094 0.817187 0.611328 0.818750 0.679688 0.579688 0.675781
0 0.509375 0.845703 0.606250 0.845703 0.606250 0.894531 0.509375 0.894531
1 0.365625 0.425781 0.670312 0.421875 0.668750 0.492188 0.365625 0.490234
4 0.384375 0.697266 0.476562 0.697266 0.476562 0.750000 0.384375 0.750000
4 0.350000 0.933594 0.435937 0.933594 0.435937 0.984375 0.350000 0.984375
0 0.173437 0.937500 0.265625 0.937500 0.265625 0.988281 0.173437 0.988281
0 0.753125 0.933594 0.845313 0.933594 0.845313 0.982422 0.753125 0.982422
2 0.501563 0.927734 0.673438 0.923828 0.679688 1.000000 0.504687 1.000000
1 0.007812 0.417969 0.315625 0.417969 0.315625 0.494141 0.007812 0.494141
