0 0.392188 0.796875 0.478125 0.804688 0.473438 0.847656 0.390625 0.843750
0 0.850000 0.890625 0.879687 0.914062 0.826562 1.000000 0.798438 0.976562
0 0.800000 0.886719 0.828125 0.910156 0.781250 0.994141 0.751563 0.964844
0 0.746875 0.884766 0.773438 0.904297 0.735938 0.980469 0.709375 0.962891
0 0.704688 0.875000 0.735938 0.894531 0.693750 0.972656 0.670312 0.951172
0 0.648438 0.867188 0.679688 0.896484 0.629687 0.986328 0.598437 0.958984
0 0.581250 0.861328 0.615625 0.878906 0.570312 0.978516 0.539062 0.958984
0 0.510938 0.861328 0.540625 0.884766 0.485938 0.974609 0.457813 0.953125
0 0.450000 0.843750 0.479687 0.867188 0.426563 0.958984 0.393750 0.931641
0 0.393750 0.847656 0.421875 0.867188 0.378125 0.949219 0.345313 0.925781
0 0.335938 0.835938 0.364063 0.863281 0.317188 0.955078 0.284375 0.927734
0 0.279687 0.833984 0.310937 0.853516 0.262500 0.939453 0.225000 0.919922
0 0.221875 0.830078 0.253125 0.863281 0.190625 0.947266 0.165625 0.925781
0 0.162500 0.818359 0.193750 0.832031 0.151562 0.929688 0.120313 0.906250
0 0.120313 0.808594 0.150000 0.835938 0.087500 0.919922 0.065625 0.888672
0 0.064062 0.812500 0.087500 0.835938 0.043750 0.908203 0.020313 0.880859
0 0.023438 0.753906 0.103125 0.757812 0.100000 0.800781 0.021875 0.796875
0 0.714063 0.117188 0.779687 0.074219 0.798438 0.111328 0.731250 0.154297
0 0.776563 0.251953 0.804688 0.267578 0.764062 0.359375 0.737500 0.337891
0 0.754687 0.136719 0.787500 0.134766 0.784375 0.234375 0.751563 0.234375
0 0.407813 0.085938 0.492188 0.095703 0.490625 0.138672 0.406250 0.130859
0 0.000000 0.177734 0.050000 0.185547 0.046875 0.230469 0.000000 0.220703
0 0.000000 0.113281 0.054688 0.117188 0.051562 0.160156 0.000000 0.154297
0 0.142187 0.765625 0.239063 0.775391 0.229687 0.820312 0.140625 0.808594
0 0.637500 0.818359 0.734375 0.826172 0.732812 0.876953 0.637500 0.869141
0 0.896875 0.904297 0.925000 0.933594 0.878125 1.000000 0.850000 0.984375
