0 0.345313 0.468750 0.375000 0.447266 0.407813 0.544922 0.379688 0.560547
3 0.901563 0.927734 0.948438 0.900391 1.000000 1.000000 0.959375 1.000000
0 0.660937 0.681641 0.692187 0.664062 0.732812 0.759766 0.701562 0.775391
0 0.714063 0.818359 0.745313 0.802734 0.782813 0.902344 0.753125 0.917969
0 0.395313 0.386719 0.425000 0.369141 0.460938 0.478516 0.432812 0.488281
0 0.846875 0.935547 0.878125 0.923828 0.906250 1.000000 0.875000 1.000000
0 0.500000 0.392578 0.526563 0.376953 0.556250 0.462891 0.528125 0.478516
0 0.128125 0.037109 0.162500 0.015625 0.198437 0.109375 0.162500 0.130859
0 0.779687 0.562500 0.809375 0.542969 0.850000 0.646484 0.815625 0.662109
4 0.542188 0.080078 0.570312 0.062500 0.598437 0.142578 0.568750 0.158203
4 0.525000 0.273438 0.554688 0.257812 0.582812 0.330078 0.551562 0.349609
4 0.653125 0.416016 0.681250 0.400391 0.710938 0.480469 0.685937 0.492188
4 0.617188 0.306641 0.651563 0.292969 0.679688 0.373047 0.648438 0.390625
0 0.445312 0.039062 0.479687 0.023438 0.507812 0.109375 0.476562 0.128906
0 0.582812 0.191406 0.609375 0.173828 0.640625 0.255859 0.612500 0.273438
2 0.570312 0.392578 0.607812 0.369141 0.664062 0.533203 0.623437 0.554688
0 0.693750 0.546875 0.728125 0.533203 0.757812 0.630859 0.725000 0.648438
0 0.784375 0.785156 0.821875 0.767578 0.856250 0.863281 0.823438 0.886719
