0 0.434375 0.691406 0.471875 0.691406 0.468750 0.798828 0.434375 0.798828
0 0.437500 0.832031 0.470313 0.833984 0.468750 0.949219 0.432812 0.951172
0 0.553125 0.689453 0.595313 0.689453 0.592187 0.787109 0.553125 0.787109
0 0.678125 0.699219 0.714063 0.695312 0.714063 0.808594 0.678125 0.802734
0 0.446875 0.001953 0.481250 0.005859 0.484375 0.082031 0.451562 0.087891
0 0.448437 0.107422 0.476562 0.107422 0.481250 0.197266 0.451562 0.191406
0 0.387500 0.212891 0.426563 0.212891 0.421875 0.326172 0.382812 0.322266
0 0.450000 0.246094 0.481250 0.244141 0.479687 0.339844 0.448437 0.335938
0 0.446875 0.402344 0.479687 0.406250 0.471875 0.507812 0.439063 0.503906
0 0.328125 0.634766 0.370312 0.638672 0.362500 0.750000 0.328125 0.748047
0 0.435937 0.541016 0.471875 0.542969 0.468750 0.640625 0.434375 0.638672
