0 0.560937 0.878906 0.645312 0.875000 0.651563 0.921875 0.564063 0.925781
0 0.409375 0.865234 0.496875 0.880859 0.492188 0.919922 0.406250 0.902344
0 0.212500 0.851562 0.298438 0.853516 0.300000 0.896484 0.209375 0.896484
0 0.196875 0.279297 0.292187 0.277344 0.293750 0.314453 0.195312 0.320312
0 0.101562 0.562500 0.196875 0.562500 0.196875 0.605469 0.103125 0.601562
2 0.817187 0.462891 0.909375 0.460938 0.915625 0.498047 0.823438 0.505859
0 0.014063 0.644531 0.103125 0.646484 0.104688 0.685547 0.010937 0.687500
0 0.021875 0.875000 0.053125 0.876953 0.054688 0.972656 0.025000 0.972656
0 0.648438 0.361328 0.726562 0.357422 0.725000 0.396484 0.643750 0.400391
0 0.857812 0.349609 0.950000 0.349609 0.951562 0.386719 0.859375 0.394531
0 0.754687 0.355469 0.842187 0.351562 0.845313 0.396484 0.759375 0.396484
4 0.364063 0.664062 0.465625 0.673828 0.464062 0.710938 0.362500 0.703125
4 0.478125 0.814453 0.562500 0.824219 0.564063 0.861328 0.473438 0.851562
0 0.543750 0.365234 0.609375 0.367188 0.609375 0.400391 0.545312 0.404297
0 0.406250 0.378906 0.487500 0.375000 0.487500 0.416016 0.406250 0.416016
0 0.421875 0.582031 0.507812 0.587891 0.506250 0.630859 0.423438 0.626953
0 0.790625 0.560547 0.875000 0.558594 0.876563 0.599609 0.793750 0.603516
0 0.856250 0.847656 0.948438 0.843750 0.951562 0.894531 0.859375 0.898438
