1 0.445312 0.501953 0.482812 0.468750 0.637500 0.671875 0.595313 0.724609
1 0.000000 0.000000 0.034375 0.000000 0.165625 0.146484 0.135937 0.183594
1 0.232813 0.210938 0.271875 0.169922 0.448437 0.441406 0.417187 0.474609
1 0.159375 0.210938 0.198437 0.177734 0.360938 0.433594 0.328125 0.468750
1 0.362500 0.503906 0.401562 0.468750 0.600000 0.757812 0.560937 0.806641
0 0.401562 0.316406 0.425000 0.287109 0.484375 0.365234 0.454688 0.392578
0 0.473438 0.433594 0.504687 0.398438 0.557813 0.478516 0.526563 0.511719
0 0.557813 0.541016 0.578125 0.515625 0.634375 0.593750 0.607812 0.623047
1 0.075000 0.000000 0.115625 0.000000 0.228125 0.117188 0.189062 0.154297
0 0.164062 0.000000 0.192188 0.000000 0.246875 0.029297 0.221875 0.058594
0 0.251563 0.095703 0.271875 0.076172 0.321875 0.150391 0.303125 0.169922
0 0.318750 0.197266 0.342187 0.179688 0.396875 0.244141 0.370312 0.273438
