0 0.256250 0.314453 0.328125 0.300781 0.331250 0.339844 0.259375 0.353516
0 0.129688 0.339844 0.209375 0.328125 0.217188 0.369141 0.134375 0.376953
0 0.023438 0.347656 0.101562 0.337891 0.103125 0.376953 0.028125 0.386719
0 0.064062 0.427734 0.146875 0.414062 0.150000 0.457031 0.070312 0.468750
0 0.214062 0.425781 0.292187 0.417969 0.296875 0.455078 0.217188 0.462891
0 0.379688 0.400391 0.462500 0.390625 0.468750 0.425781 0.382812 0.435547
0 0.659375 0.349609 0.750000 0.341797 0.754687 0.388672 0.664062 0.396484
0 0.542188 0.185547 0.617188 0.173828 0.621875 0.218750 0.545312 0.228516
0 0.662500 0.179688 0.739062 0.169922 0.742188 0.207031 0.665625 0.216797
2 0.535937 0.267578 0.818750 0.232422 0.826562 0.287109 0.539062 0.320312
0 0.846875 0.242188 0.932813 0.230469 0.932813 0.273438 0.850000 0.281250
0 0.785937 0.146484 0.870313 0.134766 0.873437 0.175781 0.787500 0.183594
0 0.901563 0.138672 0.982812 0.125000 0.987500 0.171875 0.910937 0.187500
0 0.551562 0.078125 0.639062 0.076172 0.637500 0.117188 0.551562 0.119141
0 0.385937 0.138672 0.462500 0.126953 0.465625 0.166016 0.390625 0.171875
0 0.159375 0.140625 0.240625 0.121094 0.250000 0.164062 0.165625 0.179688
0 0.053125 0.259766 0.132812 0.248047 0.134375 0.292969 0.054688 0.302734
4 0.528125 0.384766 0.598437 0.378906 0.600000 0.416016 0.531250 0.423828
4 0.000000 0.191406 0.042188 0.179688 0.046875 0.232422 0.000000 0.242188
0 0.004687 0.880859 0.065625 0.953125 0.037500 0.982422 0.000000 0.917969
0 0.600000 0.777344 0.690625 0.765625 0.695312 0.816406 0.603125 0.820312
0 0.162500 0.246094 0.242188 0.230469 0.245312 0.273438 0.162500 0.287109
0 0.300000 0.224609 0.389062 0.212891 0.393750 0.255859 0.306250 0.265625
0 0.417187 0.212891 0.493750 0.201172 0.498437 0.244141 0.421875 0.253906
2 0.350000 0.310547 0.456250 0.298828 0.462500 0.351562 0.356250 0.365234
