0 0.801562 0.361328 0.892188 0.353516 0.895312 0.392578 0.809375 0.402344
2 0.362500 0.343750 0.673438 0.345703 0.671875 0.404297 0.368750 0.417969
2 0.000000 0.439453 0.126562 0.435547 0.126562 0.501953 0.000000 0.505859
0 0.100000 0.369141 0.179688 0.375000 0.181250 0.408203 0.096875 0.404297
0 0.215625 0.445312 0.307812 0.435547 0.315625 0.482422 0.221875 0.486328
2 0.867188 0.433594 0.975000 0.431641 0.978125 0.486328 0.868750 0.476562
2 0.000000 0.546875 0.093750 0.552734 0.095312 0.603516 0.000000 0.603516
0 0.284375 0.548828 0.367188 0.542969 0.371875 0.587891 0.285938 0.583984
0 0.132812 0.541016 0.221875 0.537109 0.218750 0.582031 0.135937 0.589844
0 0.576562 0.515625 0.660937 0.503906 0.670312 0.550781 0.576562 0.564453
1 0.304688 0.234375 0.617188 0.232422 0.614062 0.306641 0.309375 0.302734
1 0.734375 0.240234 0.996875 0.232422 1.000000 0.308594 0.737500 0.314453
1 0.356250 0.451172 0.659375 0.431641 0.659375 0.494141 0.362500 0.511719
1 0.362500 0.853516 0.462500 0.843750 0.467187 0.890625 0.362500 0.900391
2 0.404687 0.539062 0.496875 0.544922 0.492188 0.587891 0.404687 0.576172
0 0.714063 0.550781 0.792188 0.554688 0.795312 0.597656 0.715625 0.591797
0 0.704688 0.445312 0.785937 0.433594 0.789062 0.472656 0.715625 0.482422
