4 0.823438 0.482422 0.854688 0.474609 0.867188 0.591797 0.834375 0.597656
0 0.223438 0.212891 0.293750 0.201172 0.298438 0.240234 0.225000 0.250000
0 0.192188 0.171875 0.265625 0.150391 0.273438 0.189453 0.201563 0.212891
0 0.173437 0.044922 0.251563 0.031250 0.254688 0.068359 0.178125 0.085938
0 0.048438 0.029297 0.117188 0.000000 0.128125 0.029297 0.060937 0.066406
2 0.000000 0.175781 0.154688 0.148438 0.160938 0.212891 0.000000 0.238281
0 0.484375 0.677734 0.517188 0.671875 0.529687 0.779297 0.496875 0.785156
2 0.801562 0.837891 0.850000 0.828125 0.871875 1.000000 0.820312 1.000000
2 0.635938 0.591797 0.684375 0.587891 0.704688 0.800781 0.662500 0.810547
0 0.646875 0.000000 0.679688 0.000000 0.687500 0.078125 0.654687 0.082031
0 0.709375 0.478516 0.739062 0.474609 0.745313 0.574219 0.715625 0.572266
