0 0.712500 0.603516 0.743750 0.583984 0.793750 0.677734 0.765625 0.699219
0 0.662500 0.755859 0.718750 0.857422 0.696875 0.880859 0.640625 0.785156
0 0.812500 0.591797 0.846875 0.568359 0.890625 0.660156 0.859375 0.681641
0 0.843750 0.865234 0.867188 0.837891 0.926562 0.935547 0.889062 0.960938
4 0.493750 0.357422 0.521875 0.341797 0.560937 0.414062 0.537500 0.439453
4 0.362500 0.000000 0.393750 0.000000 0.446875 0.039062 0.414062 0.060547
0 0.379688 0.130859 0.404687 0.113281 0.445312 0.197266 0.423438 0.216797
0 0.379688 0.306641 0.409375 0.285156 0.456250 0.375000 0.431250 0.404297
0 0.514062 0.207031 0.540625 0.185547 0.582812 0.269531 0.554688 0.289062
0 0.582812 0.382812 0.604688 0.361328 0.653125 0.449219 0.629687 0.468750
0 0.501563 0.802734 0.526563 0.781250 0.582812 0.878906 0.557813 0.906250
0 0.635938 0.642578 0.667188 0.617188 0.712500 0.707031 0.684375 0.730469
