0 0.618750 0.531250 0.693750 0.484375 0.714063 0.521484 0.637500 0.572266
0 0.776563 0.560547 0.801562 0.585938 0.748437 0.681641 0.718750 0.658203
0 0.860938 0.638672 0.887500 0.660156 0.845313 0.746094 0.818750 0.730469
0 0.909375 0.671875 0.937500 0.687500 0.901563 0.787109 0.867188 0.767578
0 1.000000 0.746094 1.000000 0.769531 0.973437 0.847656 0.948438 0.822266
0 0.734375 0.396484 0.832812 0.380859 0.834375 0.419922 0.742188 0.435547
0 0.993750 0.511719 1.000000 0.535156 0.984375 0.615234 0.951562 0.591797
0 0.018750 0.023438 0.060937 0.000000 0.084375 0.000000 0.042188 0.042969
0 0.104688 0.000000 0.139063 0.000000 0.115625 0.074219 0.079687 0.066406
0 0.170313 0.021484 0.200000 0.048828 0.153125 0.117188 0.126562 0.093750
0 0.271875 0.113281 0.303125 0.142578 0.257812 0.226562 0.223438 0.203125
0 0.135937 0.263672 0.204687 0.326172 0.187500 0.353516 0.118750 0.296875
2 0.382812 0.621094 0.479687 0.705078 0.456250 0.750000 0.359375 0.667969
0 0.484375 0.578125 0.560937 0.634766 0.539062 0.669922 0.465625 0.615234
0 0.651563 0.720703 0.726562 0.775391 0.707812 0.810547 0.629687 0.761719
0 0.503125 0.330078 0.534375 0.355469 0.490625 0.441406 0.460938 0.412109
0 0.567187 0.375000 0.600000 0.406250 0.550000 0.494141 0.520312 0.460938
