0 0.412500 0.462891 0.471875 0.400391 0.490625 0.425781 0.437500 0.488281
0 0.265625 0.568359 0.335938 0.521484 0.353125 0.560547 0.282813 0.605469
0 0.212500 0.564453 0.284375 0.623047 0.264062 0.654297 0.190625 0.595703
0 0.187500 0.607422 0.254688 0.671875 0.229687 0.708984 0.165625 0.638672
0 0.146875 0.648438 0.225000 0.707031 0.201563 0.742188 0.123438 0.683594
0 0.050000 0.705078 0.078125 0.677734 0.129688 0.751953 0.100000 0.783203
0 0.101562 0.929688 0.181250 0.880859 0.193750 0.917969 0.117188 0.966797
0 0.695312 0.650391 0.768750 0.589844 0.785937 0.621094 0.715625 0.681641
0 0.893750 0.736328 0.968750 0.677734 0.990625 0.712891 0.912500 0.771484
0 0.643750 0.169922 0.696875 0.134766 0.709375 0.166016 0.659375 0.197266
2 0.510938 0.367188 0.604688 0.324219 0.618750 0.365234 0.526563 0.406250
0 0.762500 0.060547 0.821875 0.017578 0.842187 0.044922 0.781250 0.087891
0 0.814063 0.150391 0.842187 0.125000 0.898438 0.212891 0.865625 0.236328
0 0.964063 0.046875 1.000000 0.083984 1.000000 0.119141 0.950000 0.076172
0 0.490625 0.255859 0.554688 0.205078 0.575000 0.240234 0.514062 0.294922
0 0.885938 0.109375 0.915625 0.072266 0.971875 0.142578 0.940625 0.171875
0 0.851562 0.134766 0.876563 0.105469 0.929688 0.179688 0.900000 0.207031
0 0.775000 0.177734 0.800000 0.156250 0.853125 0.232422 0.828125 0.255859
0 0.734375 0.195312 0.768750 0.173828 0.817187 0.261719 0.787500 0.287109
0 0.703125 0.232422 0.726562 0.210938 0.782813 0.275391 0.754687 0.308594
0 0.678125 0.251953 0.706250 0.232422 0.746875 0.314453 0.717187 0.333984
0 0.614062 0.306641 0.679688 0.263672 0.695312 0.298828 0.626563 0.337891
0 0.651563 0.396484 0.715625 0.349609 0.731250 0.376953 0.667188 0.427734
