0 0.775000 0.294922 0.801562 0.271484 0.857812 0.353516 0.829688 0.378906
2 0.078125 0.242188 0.120313 0.205078 0.185938 0.320312 0.146875 0.353516
2 0.168750 0.224609 0.196875 0.197266 0.257812 0.291016 0.228125 0.314453
0 0.968750 0.466797 1.000000 0.498047 1.000000 0.539062 0.959375 0.505859
2 0.732812 0.833984 0.776563 0.787109 0.923438 1.000000 0.875000 1.000000
0 0.400000 0.000000 0.421875 0.000000 0.464062 0.029297 0.437500 0.050781
0 0.681250 0.738281 0.704688 0.708984 0.748437 0.785156 0.725000 0.806641
0 0.559375 0.894531 0.585938 0.871094 0.634375 0.964844 0.601562 0.982422
3 0.496875 0.542969 0.603125 0.525391 0.604688 0.576172 0.500000 0.593750
0 0.540625 0.654297 0.606250 0.599609 0.625000 0.632812 0.556250 0.683594
0 0.775000 0.759766 0.800000 0.730469 0.845313 0.806641 0.817187 0.830078
0 0.748437 0.566406 0.779687 0.541016 0.832812 0.628906 0.801562 0.658203
2 0.810937 0.550781 0.842187 0.523438 0.903125 0.619141 0.875000 0.654297
0 0.815625 0.460938 0.843750 0.435547 0.898438 0.517578 0.868750 0.541016
0 0.610938 0.466797 0.640625 0.435547 0.690625 0.517578 0.659375 0.544922
0 0.646875 0.244141 0.673438 0.220703 0.723437 0.300781 0.690625 0.326172
0 0.604688 0.304688 0.629687 0.287109 0.682813 0.376953 0.654687 0.398438
0 0.501563 0.457031 0.576562 0.455078 0.579688 0.496094 0.501563 0.498047
3 0.298438 0.650391 0.340625 0.632812 0.418750 0.855469 0.370312 0.878906
0 0.325000 0.556641 0.350000 0.531250 0.396875 0.609375 0.373437 0.632812
0 0.165625 0.539062 0.198437 0.511719 0.253125 0.605469 0.223438 0.630859
0 0.107813 0.396484 0.134375 0.371094 0.190625 0.449219 0.164062 0.476562
0 0.198437 0.142578 0.229687 0.123047 0.284375 0.210938 0.253125 0.232422
0 0.132812 0.017578 0.159375 0.000000 0.206250 0.078125 0.181250 0.103516
2 0.017188 0.054688 0.076563 0.154297 0.046875 0.177734 0.000000 0.080078
