0 0.368750 0.068359 0.415625 0.068359 0.415625 0.162109 0.368750 0.162109
0 0.317188 0.427734 0.401562 0.427734 0.401562 0.468750 0.317188 0.468750
0 0.850000 0.173828 0.890625 0.177734 0.893750 0.287109 0.853125 0.291016
2 0.773438 0.591797 0.815625 0.589844 0.825000 0.740234 0.779687 0.740234
0 0.489063 0.123047 0.525000 0.123047 0.525000 0.228516 0.489063 0.228516
0 0.848437 0.052734 0.876563 0.052734 0.884375 0.146484 0.851562 0.150391
0 0.871875 0.466797 0.904687 0.466797 0.904687 0.560547 0.871875 0.560547
0 0.718750 0.548828 0.754687 0.548828 0.754687 0.650391 0.718750 0.650391
0 0.656250 0.306641 0.690625 0.306641 0.690625 0.398438 0.656250 0.398438
0 0.514062 0.373047 0.545312 0.373047 0.545312 0.484375 0.514062 0.484375
