0 0.607812 0.412109 0.681250 0.378906 0.693750 0.414062 0.617188 0.451172
0 0.578125 0.632812 0.603125 0.660156 0.548438 0.736328 0.518750 0.707031
0 0.462500 0.847656 0.520312 0.779297 0.545312 0.810547 0.490625 0.890625
0 0.003125 0.417969 0.062500 0.496094 0.039062 0.525391 0.000000 0.455078
0 0.034375 0.000000 0.059375 0.000000 0.120313 0.031250 0.100000 0.060547
0 1.000000 0.304688 1.000000 0.326172 0.973437 0.402344 0.946875 0.375000
0 0.853125 0.291016 0.915625 0.214844 0.940625 0.240234 0.881250 0.318359
0 0.806250 0.550781 0.870313 0.478516 0.889062 0.500000 0.832812 0.582031
0 0.901563 1.000000 0.975000 0.921875 1.000000 0.958984 0.931250 1.000000
0 0.889062 0.933594 0.962500 0.849609 0.992188 0.892578 0.918750 0.970703
0 0.000000 0.304688 0.067187 0.392578 0.040625 0.417969 0.000000 0.333984
0 0.901563 0.156250 0.968750 0.082031 0.989062 0.107422 0.929688 0.187500
