0 1.000000 0.162109 1.000000 0.193359 0.981250 0.275391 0.950000 0.248047
0 0.862500 0.687500 0.898438 0.689453 0.900000 0.798828 0.865625 0.798828
0 0.826562 0.878906 0.862500 0.875000 0.870313 0.976562 0.835938 0.980469
0 0.620313 0.226562 0.704688 0.226562 0.704688 0.265625 0.625000 0.263672
0 0.501563 0.226562 0.576562 0.228516 0.582812 0.265625 0.501563 0.265625
0 0.364063 0.228516 0.450000 0.230469 0.454688 0.267578 0.365625 0.271484
0 0.314063 0.365234 0.401562 0.365234 0.401562 0.410156 0.314063 0.410156
0 0.529687 0.298828 0.606250 0.298828 0.606250 0.335938 0.529687 0.333984
0 0.631250 0.287109 0.709375 0.287109 0.710938 0.330078 0.631250 0.332031
0 0.414062 0.298828 0.492188 0.298828 0.492188 0.337891 0.414062 0.337891
0 0.312500 0.298828 0.382812 0.292969 0.387500 0.333984 0.312500 0.333984
0 0.635938 0.166016 0.714063 0.169922 0.717187 0.208984 0.635938 0.207031
0 0.506250 0.162109 0.587500 0.160156 0.587500 0.208984 0.507812 0.205078
0 0.123438 0.027344 0.217188 0.029297 0.217188 0.072266 0.123438 0.072266
