0 0.754687 0.839844 0.785937 0.837891 0.785937 0.947266 0.754687 0.947266
2 0.360938 0.447266 0.409375 0.449219 0.415625 0.792969 0.364063 0.796875
1 0.284375 0.259766 0.342187 0.257812 0.340625 0.410156 0.290625 0.410156
4 0.503125 0.000000 0.542188 0.000000 0.542188 0.115234 0.506250 0.117188
0 0.226562 0.085938 0.262500 0.087891 0.264062 0.189453 0.228125 0.191406
0 0.354687 0.140625 0.393750 0.142578 0.396875 0.257812 0.362500 0.259766
0 0.440625 0.068359 0.475000 0.060547 0.473438 0.171875 0.440625 0.167969
0 0.509375 0.154297 0.543750 0.152344 0.542188 0.261719 0.507812 0.257812
0 0.514062 0.304688 0.543750 0.306641 0.548438 0.410156 0.515625 0.412109
3 0.289062 0.472656 0.335938 0.472656 0.342187 0.710938 0.293750 0.710938
0 0.440625 0.541016 0.479687 0.542969 0.481250 0.644531 0.448437 0.650391
0 0.521875 0.667969 0.553125 0.666016 0.554688 0.765625 0.520312 0.759766
2 0.510938 0.503906 0.548438 0.500000 0.550000 0.638672 0.512500 0.642578
0 0.679688 0.085938 0.720313 0.083984 0.725000 0.189453 0.687500 0.189453
0 0.842187 0.539062 0.871875 0.537109 0.876563 0.654297 0.843750 0.656250
0 0.817187 0.812500 0.851562 0.812500 0.851562 0.892578 0.823438 0.896484
0 0.681250 0.818359 0.715625 0.820312 0.718750 0.927734 0.681250 0.923828
0 0.509375 0.828125 0.543750 0.824219 0.548438 0.929688 0.512500 0.929688
0 0.454688 0.878906 0.482812 0.880859 0.487500 0.976562 0.457813 0.978516
0 0.310937 0.843750 0.354687 0.839844 0.356250 0.951172 0.317188 0.955078
0 0.054688 0.953125 0.131250 0.947266 0.137500 0.994141 0.060937 1.000000
