0 0.006250 0.289062 0.037500 0.314453 0.000000 0.382812 0.000000 0.357422
0 0.076563 0.193359 0.103125 0.216797 0.062500 0.291016 0.034375 0.263672
0 0.106250 0.310547 0.134375 0.341797 0.070312 0.435547 0.037500 0.398438
0 0.487500 0.781250 0.515625 0.812500 0.462500 0.902344 0.432812 0.873047
0 0.587500 0.708984 0.617188 0.730469 0.565625 0.828125 0.539062 0.802734
0 0.792188 0.216797 0.823438 0.244141 0.776563 0.335938 0.745313 0.308594
0 0.856250 0.248047 0.882812 0.277344 0.835938 0.363281 0.804688 0.339844
0 0.887500 0.048828 0.914062 0.072266 0.873437 0.158203 0.843750 0.134766
0 0.978125 0.023438 1.000000 0.050781 0.953125 0.144531 0.926562 0.121094
0 0.173437 0.046875 0.218750 0.000000 0.251563 0.000000 0.200000 0.066406
4 0.681250 0.582031 0.709375 0.605469 0.664062 0.697266 0.629687 0.675781
0 0.276562 0.025391 0.307812 0.048828 0.259375 0.134766 0.223438 0.113281
0 0.142187 0.078125 0.168750 0.103516 0.123438 0.185547 0.096875 0.158203
