0 0.487500 0.154297 0.550000 0.207031 0.532813 0.244141 0.467187 0.189453
0 0.373437 0.982422 0.442188 0.935547 0.459375 0.974609 0.387500 1.000000
0 0.918750 0.552734 0.992188 0.498047 1.000000 0.529297 0.937500 0.595703
0 0.910937 0.818359 0.981250 0.769531 0.996875 0.810547 0.926562 0.857422
0 0.528125 0.884766 0.610938 0.835938 0.628125 0.878906 0.545312 0.931641
0 0.206250 0.878906 0.268750 0.802734 0.293750 0.833984 0.235937 0.908203
0 0.760938 0.537109 0.792188 0.564453 0.745313 0.652344 0.718750 0.628906
0 0.840625 0.535156 0.910937 0.488281 0.925000 0.529297 0.859375 0.578125
0 0.846875 0.341797 0.881250 0.367188 0.842187 0.470703 0.806250 0.441406
0 0.743750 0.267578 0.773438 0.279297 0.767188 0.371094 0.735938 0.369141
0 0.698438 0.130859 0.720313 0.111328 0.757812 0.179688 0.731250 0.193359
0 0.404687 0.078125 0.467187 0.138672 0.443750 0.177734 0.375000 0.121094
0 0.331250 0.005859 0.393750 0.066406 0.373437 0.093750 0.312500 0.039062
0 0.220312 0.068359 0.242188 0.046875 0.289062 0.113281 0.267188 0.132812
0 0.553125 0.109375 0.612500 0.167969 0.585938 0.205078 0.531250 0.146484
2 0.437500 0.000000 0.529687 0.076172 0.501563 0.128906 0.406250 0.044922
