0 0.092188 0.839844 0.176563 0.816406 0.179688 0.865234 0.098437 0.880859
0 0.135937 0.312500 0.217188 0.289062 0.223438 0.330078 0.146875 0.353516
4 0.356250 0.447266 0.428125 0.425781 0.434375 0.460938 0.365625 0.482422
0 0.389062 0.246094 0.460938 0.218750 0.468750 0.259766 0.396875 0.285156
0 0.000000 0.437500 0.084375 0.412109 0.090625 0.451172 0.006250 0.476562
0 0.112500 0.414062 0.195312 0.384766 0.204687 0.427734 0.126562 0.457031
0 0.232813 0.367188 0.314063 0.335938 0.321875 0.378906 0.245312 0.400391
2 0.334375 0.349609 0.437500 0.318359 0.448437 0.373047 0.340625 0.398438
2 0.507812 0.277344 0.785937 0.203125 0.796875 0.253906 0.518750 0.337891
0 0.959375 0.080078 1.000000 0.054688 1.000000 0.097656 0.971875 0.119141
0 0.512500 0.201172 0.578125 0.175781 0.587500 0.214844 0.523438 0.238281
0 0.625000 0.177734 0.693750 0.156250 0.704688 0.195312 0.635938 0.214844
0 0.746875 0.117188 0.831250 0.099609 0.839063 0.140625 0.754687 0.160156
0 0.860938 0.091797 0.945312 0.066406 0.954688 0.113281 0.873437 0.138672
0 0.628125 0.775391 0.712500 0.751953 0.721875 0.798828 0.637500 0.822266
0 0.818750 0.205078 0.900000 0.177734 0.910937 0.224609 0.823438 0.248047
0 0.084375 0.521484 0.168750 0.496094 0.173437 0.539062 0.090625 0.564453
0 0.229687 0.476562 0.310937 0.453125 0.317188 0.494141 0.240625 0.517578
0 0.507812 0.384766 0.593750 0.361328 0.603125 0.404297 0.517188 0.429688
0 0.028125 0.343750 0.107813 0.330078 0.114062 0.365234 0.034375 0.388672
3 0.793750 0.009766 0.990625 0.000000 1.000000 0.046875 0.798438 0.083984
0 0.226562 0.142578 0.304688 0.121094 0.314063 0.158203 0.234375 0.183594
0 0.270313 0.273438 0.359375 0.250000 0.364063 0.292969 0.281250 0.314453
0 0.050000 0.234375 0.132812 0.201172 0.148438 0.244141 0.060937 0.275391
0 0.210938 0.210938 0.293750 0.185547 0.303125 0.230469 0.220312 0.251953
