0 0.435937 0.250000 0.473438 0.250000 0.473438 0.335938 0.437500 0.333984
4 0.435937 0.367188 0.465625 0.373047 0.464062 0.457031 0.434375 0.458984
2 0.429688 0.527344 0.482812 0.529297 0.482812 0.748047 0.429688 0.744141
0 0.364063 0.617188 0.395313 0.625000 0.396875 0.726562 0.365625 0.718750
0 0.442188 0.814453 0.471875 0.816406 0.470313 0.917969 0.442188 0.921875
0 0.220312 0.337891 0.259375 0.335938 0.260937 0.439453 0.221875 0.439453
0 0.154688 0.265625 0.184375 0.265625 0.185938 0.375000 0.156250 0.371094
0 0.428125 0.001953 0.460938 0.000000 0.460938 0.082031 0.428125 0.083984
0 0.746875 0.087891 0.781250 0.087891 0.781250 0.166016 0.748437 0.166016
0 0.434375 0.126953 0.468750 0.126953 0.464062 0.205078 0.434375 0.205078
1 0.270313 0.236328 0.320312 0.232422 0.334375 0.595703 0.276562 0.597656
0 0.662500 0.476562 0.707812 0.476562 0.710938 0.576172 0.667188 0.583984
