0 0.468750 0.890625 0.501563 0.867188 0.542188 0.980469 0.510938 1.000000
0 0.865625 0.875000 0.903125 0.867188 0.929688 0.978516 0.896875 0.990234
0 0.790625 0.849609 0.825000 0.828125 0.862500 0.925781 0.829688 0.949219
0 0.731250 0.910156 0.764062 0.892578 0.801562 0.994141 0.767188 1.000000
0 0.731250 0.677734 0.767188 0.662109 0.801562 0.757812 0.767188 0.777344
0 0.671875 0.759766 0.706250 0.734375 0.735938 0.835938 0.703125 0.849609
2 0.535937 0.355469 0.571875 0.330078 0.634375 0.498047 0.598437 0.519531
0 0.429688 0.044922 0.453125 0.029297 0.484375 0.119141 0.456250 0.130859
4 0.485938 0.000000 0.514062 0.000000 0.543750 0.050781 0.515625 0.064453
4 0.484375 0.205078 0.514062 0.189453 0.545312 0.267578 0.520312 0.285156
4 0.565625 0.203125 0.595313 0.189453 0.625000 0.269531 0.598437 0.285156
4 0.600000 0.312500 0.628125 0.296875 0.656250 0.378906 0.629687 0.392578
0 0.335938 0.736328 0.371875 0.720703 0.406250 0.826172 0.375000 0.847656
0 0.356250 0.580078 0.387500 0.566406 0.418750 0.656250 0.389062 0.673828
0 0.525000 0.093750 0.556250 0.076172 0.585938 0.154297 0.557813 0.169922
0 0.629687 0.632812 0.664062 0.611328 0.693750 0.705078 0.667188 0.724609
0 0.618750 0.794922 0.653125 0.781250 0.682813 0.876953 0.650000 0.892578
0 0.640625 0.451172 0.676562 0.435547 0.704688 0.533203 0.673438 0.544922
0 0.235937 0.205078 0.270313 0.181641 0.309375 0.292969 0.275000 0.310547
0 0.103125 0.031250 0.142187 0.013672 0.173437 0.101562 0.134375 0.117188
