4 0.565625 0.082031 0.645312 0.027344 0.659375 0.060547 0.582812 0.117188
0 0.973437 0.408203 0.995313 0.435547 0.943750 0.503906 0.920312 0.474609
0 0.875000 0.531250 0.964063 0.542969 0.957812 0.582031 0.876563 0.576172
0 0.850000 0.470703 0.929688 0.478516 0.929688 0.523438 0.846875 0.511719
0 0.807813 0.402344 0.890625 0.421875 0.882812 0.462891 0.798438 0.443359
0 0.801562 0.355469 0.889062 0.367188 0.882812 0.408203 0.796875 0.392578
0 0.765625 0.285156 0.845313 0.302734 0.837500 0.343750 0.756250 0.326172
0 0.748437 0.240234 0.829688 0.238281 0.832812 0.277344 0.748437 0.275391
0 0.729688 0.177734 0.820312 0.181641 0.818750 0.220703 0.728125 0.218750
0 0.718750 0.109375 0.800000 0.119141 0.793750 0.162109 0.715625 0.144531
0 0.720313 0.054688 0.796875 0.070312 0.792188 0.105469 0.717187 0.091797
0 0.895312 0.589844 0.979688 0.593750 0.979688 0.640625 0.895312 0.638672
0 0.918750 0.705078 0.995313 0.716797 0.995313 0.761719 0.912500 0.753906
0 0.910937 0.650391 0.996875 0.660156 0.992188 0.703125 0.907813 0.687500
0 0.806250 0.708984 0.834375 0.734375 0.776563 0.814453 0.748437 0.789062
0 0.790625 0.628906 0.821875 0.646484 0.776563 0.738281 0.748437 0.712891
0 0.757812 0.582031 0.785937 0.609375 0.739062 0.697266 0.712500 0.669922
0 0.735938 0.525391 0.765625 0.552734 0.709375 0.636719 0.684375 0.611328
0 0.721875 0.468750 0.750000 0.494141 0.693750 0.580078 0.662500 0.552734
0 0.695312 0.408203 0.717187 0.425781 0.676562 0.503906 0.651563 0.480469
0 0.671875 0.341797 0.700000 0.367188 0.650000 0.451172 0.623437 0.425781
0 0.654687 0.279297 0.678125 0.298828 0.629687 0.386719 0.603125 0.367188
0 0.625000 0.240234 0.645312 0.257812 0.604688 0.332031 0.587500 0.306641
0 0.587500 0.158203 0.617188 0.166016 0.593750 0.261719 0.567187 0.253906
0 0.293750 0.052734 0.379688 0.009766 0.392188 0.052734 0.310937 0.091797
0 0.289062 0.132812 0.368750 0.097656 0.381250 0.142578 0.296875 0.169922
0 0.328125 0.669922 0.360938 0.646484 0.396875 0.742188 0.365625 0.761719
0 0.203125 0.314453 0.232813 0.296875 0.264062 0.388672 0.234375 0.402344
0 0.012500 0.085938 0.045312 0.183594 0.006250 0.205078 0.000000 0.105469
0 0.037500 0.050781 0.060937 0.033203 0.087500 0.115234 0.062500 0.126953
0 0.839063 0.746094 0.865625 0.771484 0.829688 0.857422 0.793750 0.841797
0 0.970313 0.130859 1.000000 0.160156 1.000000 0.195312 0.957812 0.167969
0 0.953125 0.052734 1.000000 0.085938 1.000000 0.125000 0.943750 0.091797
0 0.896875 0.000000 0.962500 0.000000 0.967187 0.029297 0.901563 0.037109
0 0.860938 0.087891 0.882812 0.115234 0.831250 0.189453 0.804688 0.160156
0 0.870313 0.152344 0.901563 0.177734 0.854688 0.255859 0.826562 0.236328
0 0.892188 0.236328 0.915625 0.257812 0.867188 0.326172 0.840625 0.302734
0 0.920312 0.263672 0.943750 0.291016 0.896875 0.375000 0.871875 0.349609
0 0.942187 0.351562 0.965625 0.375000 0.918750 0.449219 0.895312 0.421875
