3 0.115625 0.347656 0.240625 0.353516 0.240625 0.408203 0.112500 0.408203
2 0.020313 0.257812 0.181250 0.265625 0.181250 0.326172 0.015625 0.316406
2 0.804688 0.205078 1.000000 0.279297 1.000000 0.363281 0.782813 0.273438
0 0.484375 0.261719 0.576562 0.271484 0.573438 0.326172 0.482812 0.318359
0 0.595313 0.279297 0.675000 0.281250 0.675000 0.326172 0.593750 0.320312
0 0.728125 0.279297 0.812500 0.281250 0.815625 0.330078 0.725000 0.322266
0 0.885938 0.367188 0.981250 0.367188 0.982812 0.417969 0.885938 0.421875
0 0.864062 0.451172 0.946875 0.449219 0.951562 0.488281 0.864062 0.490234
0 0.748437 0.369141 0.831250 0.373047 0.832812 0.412109 0.748437 0.414062
0 0.643750 0.367188 0.721875 0.371094 0.721875 0.416016 0.642188 0.410156
0 0.278125 0.369141 0.354687 0.367188 0.356250 0.412109 0.276562 0.412109
0 0.328125 0.281250 0.414062 0.277344 0.417187 0.326172 0.329688 0.324219
2 0.001563 0.339844 0.079687 0.341797 0.079687 0.386719 0.004687 0.384766
2 0.393750 0.328125 0.493750 0.332031 0.495312 0.404297 0.393750 0.402344
0 0.229687 0.277344 0.301563 0.277344 0.303125 0.322266 0.228125 0.320312
