0 0.937500 0.503906 1.000000 0.533203 1.000000 0.570312 0.929688 0.537109
0 0.275000 0.363281 0.339062 0.417969 0.321875 0.451172 0.256250 0.400391
0 0.904687 0.542969 0.970313 0.582031 0.956250 0.613281 0.890625 0.576172
0 0.884375 0.416016 0.964063 0.455078 0.950000 0.494141 0.870313 0.458984
0 0.417187 0.222656 0.440625 0.195312 0.495312 0.267578 0.470313 0.298828
0 0.371875 0.107422 0.429688 0.167969 0.410938 0.203125 0.350000 0.140625
2 0.015625 0.238281 0.184375 0.396484 0.162500 0.439453 0.000000 0.289062
2 0.000000 0.455078 0.114062 0.685547 0.071875 0.728516 0.000000 0.501953
2 0.340625 0.730469 0.475000 0.816406 0.456250 0.875000 0.318750 0.781250
2 0.335938 0.804688 0.470313 0.923828 0.435937 0.976562 0.306250 0.855469
0 0.290625 0.888672 0.350000 0.951172 0.328125 0.988281 0.268750 0.923828
