0 0.684375 0.236328 0.717187 0.236328 0.718750 0.335938 0.685937 0.333984
0 0.135937 0.062500 0.217188 0.062500 0.217188 0.109375 0.135937 0.107422
0 0.414062 0.890625 0.446875 0.890625 0.451562 1.000000 0.415625 1.000000
0 0.379688 0.925781 0.407813 0.949219 0.362500 1.000000 0.334375 1.000000
0 0.375000 0.824219 0.403125 0.849609 0.362500 0.935547 0.331250 0.912109
0 0.417187 0.771484 0.454688 0.771484 0.454688 0.869141 0.417187 0.869141
0 0.418750 0.630859 0.456250 0.630859 0.456250 0.738281 0.418750 0.738281
0 0.418750 0.509766 0.451562 0.507812 0.451562 0.615234 0.418750 0.615234
0 0.418750 0.376953 0.456250 0.375000 0.457813 0.476562 0.418750 0.474609
0 0.810937 0.947266 0.842187 0.947266 0.845313 1.000000 0.810937 1.000000
0 0.803125 0.800781 0.839063 0.798828 0.843750 0.906250 0.806250 0.908203
0 0.798438 0.630859 0.831250 0.626953 0.837500 0.736328 0.803125 0.736328
0 0.795312 0.503906 0.826562 0.501953 0.828125 0.572266 0.798438 0.572266
0 0.787500 0.390625 0.823438 0.390625 0.829688 0.486328 0.793750 0.486328
0 0.778125 0.171875 0.815625 0.166016 0.820312 0.273438 0.781250 0.277344
0 0.778125 0.060547 0.810937 0.060547 0.810937 0.142578 0.778125 0.142578
0 0.415625 0.263672 0.453125 0.263672 0.454688 0.359375 0.418750 0.361328
0 0.423438 0.146484 0.459375 0.148438 0.460938 0.246094 0.423438 0.244141
0 0.418750 0.042969 0.456250 0.044922 0.456250 0.134766 0.418750 0.132812
0 0.228125 0.845703 0.253125 0.814453 0.307812 0.876953 0.287500 0.910156
0 0.101562 0.955078 0.181250 0.955078 0.181250 0.996094 0.101562 0.996094
0 0.103125 0.886719 0.181250 0.888672 0.182812 0.929688 0.104688 0.929688
0 0.103125 0.837891 0.190625 0.832031 0.187500 0.875000 0.103125 0.876953
0 0.050000 0.832031 0.092188 0.832031 0.087500 0.947266 0.048438 0.945312
4 0.792188 0.300781 0.821875 0.300781 0.821875 0.376953 0.792188 0.376953
