0 0.389062 0.453125 0.453125 0.507812 0.437500 0.542969 0.367188 0.498047
0 0.298438 0.376953 0.365625 0.427734 0.353125 0.466797 0.279687 0.419922
0 0.164062 0.263672 0.232813 0.312500 0.218750 0.351562 0.150000 0.300781
0 0.004687 0.185547 0.085938 0.226562 0.070312 0.275391 0.000000 0.238281
0 0.282813 0.136719 0.314063 0.156250 0.271875 0.238281 0.237500 0.210938
0 0.681250 0.421875 0.723437 0.419922 0.723437 0.529297 0.684375 0.527344
0 0.315625 0.935547 0.390625 0.988281 0.370312 1.000000 0.293750 0.970703
0 0.882812 0.527344 0.914062 0.537109 0.903125 0.646484 0.873437 0.636719
0 0.128125 0.789062 0.190625 0.837891 0.165625 0.873047 0.110937 0.816406
0 0.746875 0.427734 0.779687 0.441406 0.764062 0.548828 0.726562 0.537109
0 0.635938 0.863281 0.706250 0.931641 0.693750 0.964844 0.615625 0.898438
0 0.592187 0.609375 0.659375 0.666016 0.635938 0.703125 0.567187 0.648438
