0 0.590625 0.162109 0.618750 0.185547 0.567187 0.261719 0.542188 0.232422
0 0.607812 0.224609 0.637500 0.253906 0.579688 0.332031 0.548438 0.302734
0 0.568750 0.404297 0.626563 0.335938 0.648438 0.365234 0.587500 0.433594
0 0.420312 0.246094 0.501563 0.285156 0.485938 0.330078 0.407813 0.289062
0 0.931250 0.703125 1.000000 0.667969 1.000000 0.705078 0.943750 0.734375
0 0.920312 0.623047 0.984375 0.578125 1.000000 0.609375 0.934375 0.656250
0 0.814063 0.769531 0.887500 0.734375 0.900000 0.767578 0.820312 0.802734
0 0.790625 0.966797 0.864062 1.000000 0.850000 1.000000 0.775000 1.000000
0 0.734375 0.890625 0.812500 0.890625 0.812500 0.933594 0.735938 0.935547
0 0.715625 0.550781 0.740625 0.583984 0.685937 0.646484 0.665625 0.617188
0 0.685937 0.515625 0.710938 0.544922 0.657813 0.613281 0.629687 0.587891
0 0.664062 0.460938 0.687500 0.486328 0.631250 0.554688 0.614062 0.525391
0 0.421875 0.394531 0.451562 0.421875 0.401562 0.501953 0.375000 0.480469
0 0.454688 0.455078 0.475000 0.484375 0.418750 0.558594 0.395313 0.531250
0 0.468750 0.392578 0.535937 0.458984 0.517188 0.490234 0.446875 0.425781
0 0.490625 0.490234 0.554688 0.548828 0.534375 0.585938 0.468750 0.523438
0 0.453125 0.525391 0.482812 0.554688 0.428125 0.642578 0.403125 0.613281
0 0.642188 0.394531 0.667188 0.414062 0.618750 0.496094 0.590625 0.474609
4 0.064062 0.019531 0.082812 0.000000 0.153125 0.019531 0.135937 0.060547
0 0.112500 0.068359 0.185938 0.083984 0.184375 0.121094 0.109375 0.103516
0 0.100000 0.109375 0.187500 0.134766 0.181250 0.173828 0.095312 0.144531
0 0.121875 0.169922 0.201563 0.197266 0.196875 0.232422 0.117188 0.207031
0 0.135937 0.236328 0.220312 0.253906 0.212500 0.291016 0.131250 0.273438
0 0.160938 0.300781 0.234375 0.314453 0.228125 0.353516 0.150000 0.339844
0 0.175000 0.361328 0.245312 0.378906 0.242188 0.417969 0.170313 0.400391
0 0.185938 0.429688 0.259375 0.429688 0.262500 0.466797 0.189062 0.468750
0 0.223438 0.480469 0.304688 0.511719 0.296875 0.554688 0.212500 0.519531
0 0.235937 0.544922 0.312500 0.574219 0.303125 0.613281 0.226562 0.587891
0 0.295312 0.642578 0.326562 0.625000 0.359375 0.716797 0.332813 0.734375
0 0.118750 0.886719 0.198437 0.861328 0.204687 0.904297 0.126562 0.927734
0 0.339062 0.759766 0.368750 0.748047 0.396875 0.845703 0.364063 0.857422
0 0.401562 0.894531 0.495312 0.886719 0.501563 0.927734 0.407813 0.945312
0 0.553125 0.925781 0.632812 0.955078 0.623437 0.998047 0.545312 0.970703
0 0.539062 0.652344 0.567187 0.675781 0.512500 0.751953 0.489063 0.728516
0 0.509375 0.623047 0.537500 0.646484 0.484375 0.722656 0.457813 0.701172
0 0.484375 0.566406 0.512500 0.589844 0.471875 0.667969 0.445312 0.642578
0 0.293750 0.000000 0.328125 0.000000 0.279687 0.064453 0.260937 0.044922
0 0.317188 0.029297 0.343750 0.062500 0.289062 0.128906 0.265625 0.101562
0 0.315625 0.103516 0.346875 0.125000 0.296875 0.218750 0.268750 0.195312
0 0.350000 0.152344 0.375000 0.175781 0.329688 0.255859 0.301563 0.238281
0 0.356250 0.091797 0.442188 0.101562 0.445312 0.134766 0.356250 0.128906
0 0.485938 0.035156 0.528125 0.000000 0.553125 0.000000 0.510938 0.054688
0 0.554688 0.033203 0.579688 0.052734 0.546875 0.123047 0.517188 0.105469
0 0.381250 0.144531 0.468750 0.154297 0.464062 0.195312 0.376563 0.181641
0 0.400000 0.197266 0.471875 0.218750 0.467187 0.255859 0.395313 0.238281
0 0.362500 0.220703 0.385937 0.244141 0.348438 0.308594 0.325000 0.291016
0 0.378125 0.287109 0.403125 0.308594 0.359375 0.378906 0.335938 0.359375
0 0.398438 0.343750 0.425000 0.369141 0.373437 0.451172 0.348438 0.433594
0 0.434375 0.332031 0.518750 0.359375 0.507812 0.400391 0.428125 0.375000
