0 0.790625 0.259766 0.832812 0.246094 0.865625 0.335938 0.826562 0.353516
1 0.743750 0.542969 0.850000 0.576172 0.840625 0.634766 0.728125 0.593750
0 0.865625 0.289062 0.895312 0.279297 0.912500 0.353516 0.887500 0.359375
0 0.040625 0.494141 0.140625 0.494141 0.140625 0.539062 0.040625 0.539062
3 0.154688 0.492188 0.281250 0.474609 0.285938 0.525391 0.159375 0.544922
2 0.392188 0.392578 0.420312 0.423828 0.351562 0.525391 0.317188 0.486328
3 0.890625 0.597656 1.000000 0.597656 1.000000 0.644531 0.890625 0.644531
3 0.540625 0.207031 0.592187 0.207031 0.587500 0.445312 0.535937 0.445312
3 0.612500 0.222656 0.665625 0.220703 0.667188 0.472656 0.617188 0.470703
0 0.682813 0.419922 0.759375 0.419922 0.759375 0.462891 0.682813 0.462891
0 0.868750 0.468750 0.900000 0.486328 0.865625 0.570312 0.829688 0.546875
0 0.625000 0.052734 0.660937 0.052734 0.660937 0.146484 0.625000 0.146484
0 0.928125 0.941406 1.000000 0.941406 1.000000 0.992188 0.928125 0.992188
0 0.948438 0.302734 0.982812 0.267578 1.000000 0.365234 1.000000 0.394531
0 0.939063 0.474609 0.967187 0.501953 0.915625 0.582031 0.887500 0.548828
0 0.829688 0.449219 0.859375 0.474609 0.817187 0.554688 0.787500 0.531250
0 0.387500 0.007812 0.467187 0.025391 0.459375 0.064453 0.382812 0.042969
0 0.000000 0.021484 0.028125 0.021484 0.028125 0.111328 0.000000 0.111328
0 0.684375 0.201172 0.718750 0.191406 0.739062 0.291016 0.703125 0.294922
