0 0.660937 0.423828 0.742188 0.425781 0.742188 0.472656 0.660937 0.466797
0 0.550000 0.419922 0.629687 0.419922 0.629687 0.462891 0.550000 0.462891
0 0.450000 0.414062 0.528125 0.414062 0.528125 0.458984 0.450000 0.458984
0 0.084375 0.876953 0.185938 0.876953 0.185938 0.935547 0.084375 0.935547
0 0.200000 0.878906 0.292187 0.878906 0.292187 0.923828 0.200000 0.923828
0 0.321875 0.880859 0.417187 0.882812 0.417187 0.919922 0.323437 0.931641
0 0.431250 0.888672 0.525000 0.884766 0.526563 0.931641 0.435937 0.937500
0 0.887500 0.896484 0.968750 0.888672 0.971875 0.933594 0.884375 0.945312
0 0.787500 0.900391 0.871875 0.898438 0.875000 0.945312 0.785937 0.945312
0 0.553125 0.882812 0.643750 0.886719 0.642188 0.933594 0.551562 0.933594
0 0.442188 0.744141 0.548438 0.744141 0.548438 0.802734 0.442188 0.802734
0 0.000000 0.453125 0.075000 0.453125 0.075000 0.505859 0.000000 0.505859
0 0.096875 0.462891 0.196875 0.462891 0.196875 0.515625 0.096875 0.515625
0 0.118750 0.402344 0.207813 0.402344 0.207813 0.449219 0.118750 0.449219
0 0.228125 0.398438 0.323437 0.398438 0.323437 0.453125 0.228125 0.453125
0 0.339062 0.412109 0.432812 0.412109 0.432812 0.457031 0.339062 0.457031
4 0.476562 0.457031 0.571875 0.457031 0.571875 0.513672 0.476562 0.501953
0 0.928125 0.365234 1.000000 0.345703 1.000000 0.386719 0.937500 0.404297
0 0.018750 0.794922 0.118750 0.818359 0.104688 0.873047 0.009375 0.847656
0 0.925000 0.429688 0.995313 0.402344 1.000000 0.445312 0.939063 0.474609
0 0.831250 0.427734 0.920312 0.427734 0.920312 0.478516 0.831250 0.478516
0 0.756250 0.433594 0.829688 0.437500 0.826562 0.484375 0.756250 0.482422
1 0.667188 0.871094 0.775000 0.871094 0.775000 0.933594 0.667188 0.933594
