4 0.656250 0.677734 0.754687 0.681641 0.750000 0.722656 0.656250 0.720703
4 0.778125 0.910156 0.868750 0.896484 0.873437 0.939453 0.782813 0.955078
4 0.285938 0.017578 0.317188 0.007812 0.328125 0.091797 0.301563 0.099609
4 0.609375 0.134766 0.670312 0.105469 0.684375 0.140625 0.621875 0.167969
4 0.678125 0.287109 0.751563 0.287109 0.753125 0.328125 0.678125 0.326172
0 0.095312 0.126953 0.131250 0.111328 0.157812 0.193359 0.128125 0.208984
0 0.042188 0.160156 0.073438 0.138672 0.114062 0.222656 0.084375 0.238281
4 0.000000 0.183594 0.020313 0.167969 0.042188 0.238281 0.020313 0.248047
0 0.035937 0.488281 0.051562 0.525391 0.000000 0.568359 0.000000 0.533203
0 0.000000 0.609375 0.057813 0.554688 0.073438 0.589844 0.000000 0.652344
0 0.014063 0.679688 0.076563 0.625000 0.100000 0.654297 0.037500 0.712891
0 0.092188 0.839844 0.160938 0.794922 0.176563 0.830078 0.107813 0.876953
0 0.115625 0.894531 0.185938 0.847656 0.198437 0.882812 0.129688 0.933594
0 0.145313 0.953125 0.214062 0.902344 0.229687 0.935547 0.164062 0.984375
0 0.801562 0.976562 0.865625 0.958984 0.873437 1.000000 0.809375 1.000000
0 0.748437 0.853516 0.834375 0.841797 0.839063 0.884766 0.756250 0.896484
0 0.671875 0.812500 0.754687 0.800781 0.759375 0.841797 0.679688 0.857422
0 0.665625 0.753906 0.746875 0.742188 0.753125 0.789062 0.670312 0.798828
0 0.645312 0.625000 0.732812 0.617188 0.732812 0.660156 0.645312 0.666016
0 0.596875 0.517578 0.623437 0.496094 0.667188 0.580078 0.637500 0.601562
2 0.632812 0.492188 0.657813 0.462891 0.712500 0.541016 0.689063 0.572266
0 0.659375 0.416016 0.739062 0.404297 0.745313 0.445312 0.664062 0.453125
0 0.657813 0.351562 0.743750 0.339844 0.748437 0.384766 0.664062 0.392578
0 0.671875 0.226562 0.754687 0.224609 0.756250 0.273438 0.670312 0.267578
0 0.664062 0.150391 0.754687 0.152344 0.756250 0.189453 0.670312 0.195312
0 0.728125 0.060547 0.806250 0.060547 0.804688 0.103516 0.728125 0.103516
0 0.728125 0.005859 0.809375 0.007812 0.809375 0.058594 0.726562 0.048828
0 0.376563 0.000000 0.407813 0.000000 0.432812 0.044922 0.401562 0.062500
0 0.331250 0.013672 0.356250 0.000000 0.390625 0.074219 0.367188 0.091797
0 0.171875 0.095703 0.198437 0.080078 0.226562 0.158203 0.198437 0.173828
