4 0.225000 0.316406 0.296875 0.300781 0.303125 0.343750 0.229687 0.359375
0 0.265625 0.054688 0.342187 0.068359 0.335938 0.111328 0.260937 0.097656
0 0.434375 0.126953 0.510938 0.111328 0.518750 0.148438 0.437500 0.162109
0 0.715625 0.074219 0.795312 0.058594 0.806250 0.101562 0.725000 0.121094
0 0.723437 0.152344 0.806250 0.138672 0.812500 0.179688 0.728125 0.195312
0 0.317188 0.302734 0.396875 0.285156 0.401562 0.332031 0.320312 0.343750
0 0.417187 0.490234 0.498437 0.468750 0.504687 0.513672 0.426563 0.531250
0 0.640625 0.435547 0.721875 0.419922 0.728125 0.462891 0.645312 0.478516
0 0.875000 0.400391 0.953125 0.386719 0.957812 0.429688 0.882812 0.443359
0 0.648438 0.511719 0.729688 0.498047 0.735938 0.541016 0.656250 0.556641
0 0.228125 0.531250 0.306250 0.521484 0.312500 0.570312 0.232813 0.585938
3 0.270313 0.693359 0.428125 0.664062 0.440625 0.732422 0.275000 0.751953
0 0.946875 0.458984 1.000000 0.441406 1.000000 0.496094 0.956250 0.511719
