2 0.687500 0.378906 0.785937 0.380859 0.785937 0.431641 0.687500 0.425781
2 0.687500 0.244141 0.785937 0.251953 0.785937 0.292969 0.689063 0.287109
2 0.687500 0.185547 0.785937 0.191406 0.785937 0.242188 0.689063 0.238281
2 0.406250 0.708984 0.509375 0.720703 0.509375 0.775391 0.404687 0.763672
2 0.410938 0.644531 0.517188 0.656250 0.510938 0.710938 0.407813 0.701172
2 0.417187 0.558594 0.518750 0.585938 0.510938 0.634766 0.410938 0.609375
2 0.421875 0.507812 0.525000 0.523438 0.517188 0.568359 0.415625 0.554688
2 0.460938 0.335938 0.554688 0.345703 0.553125 0.388672 0.454688 0.380859
2 0.464062 0.283203 0.562500 0.285156 0.562500 0.328125 0.464062 0.328125
2 0.471875 0.212891 0.562500 0.222656 0.559375 0.265625 0.468750 0.259766
2 0.468750 0.154297 0.560937 0.152344 0.559375 0.201172 0.470313 0.197266
2 0.454688 0.082031 0.564063 0.083984 0.562500 0.125000 0.451562 0.130859
2 0.468750 0.011719 0.562500 0.015625 0.559375 0.060547 0.468750 0.058594
2 0.342187 0.382812 0.378125 0.380859 0.379688 0.496094 0.346875 0.501953
2 0.315625 0.023438 0.414062 0.019531 0.414062 0.085938 0.317188 0.087891
2 0.682813 0.507812 0.784375 0.507812 0.782813 0.564453 0.681250 0.560547
2 0.684375 0.650391 0.789062 0.650391 0.787500 0.699219 0.685937 0.699219
1 0.259375 0.777344 0.371875 0.775391 0.370312 0.830078 0.262500 0.839844
1 0.406250 0.794922 0.512500 0.804688 0.509375 0.845703 0.407813 0.845703
1 0.690625 0.054688 0.801562 0.058594 0.803125 0.119141 0.692187 0.117188
1 0.406250 0.859375 0.507812 0.863281 0.510938 0.910156 0.407813 0.916016
4 0.473438 0.398438 0.546875 0.402344 0.548438 0.445312 0.468750 0.437500
2 0.690625 0.707031 0.790625 0.714844 0.789062 0.761719 0.684375 0.751953
2 0.689063 0.763672 0.792188 0.773438 0.789062 0.822266 0.692187 0.816406
4 0.467187 0.457031 0.551562 0.464844 0.548438 0.509766 0.460938 0.501953
1 0.692187 0.302734 0.798438 0.296875 0.795312 0.371094 0.692187 0.365234
1 0.692187 0.953125 0.795312 0.943359 0.795312 1.000000 0.692187 1.000000
1 0.857812 0.226562 0.957812 0.242188 0.954688 0.289062 0.851562 0.279297
1 0.843750 0.505859 0.953125 0.505859 0.957812 0.566406 0.848437 0.564453
1 0.720313 0.001953 0.825000 0.003906 0.825000 0.054688 0.725000 0.046875
2 0.687500 0.828125 0.792188 0.828125 0.789062 0.880859 0.687500 0.869141
2 0.690625 0.890625 0.785937 0.884766 0.798438 0.935547 0.690625 0.931641
2 0.800000 0.699219 0.837500 0.701172 0.837500 0.828125 0.804688 0.828125
2 0.860938 0.099609 0.962500 0.103516 0.959375 0.158203 0.860938 0.148438
2 0.857812 0.169922 0.957812 0.175781 0.954688 0.228516 0.856250 0.216797
2 0.685937 0.574219 0.790625 0.582031 0.789062 0.634766 0.684375 0.625000
2 0.845313 0.615234 0.950000 0.619141 0.950000 0.671875 0.845313 0.667969
2 0.843750 0.679688 0.946875 0.683594 0.948438 0.732422 0.843750 0.736328
2 0.846875 0.746094 0.946875 0.740234 0.956250 0.785156 0.848437 0.794922
2 0.848437 0.802734 0.950000 0.800781 0.956250 0.845703 0.848437 0.851562
2 0.851562 0.861328 0.954688 0.853516 0.960938 0.896484 0.854688 0.912109
2 0.856250 0.916016 0.957812 0.910156 0.960938 0.958984 0.859375 0.964844
2 0.803125 0.867188 0.840625 0.867188 0.850000 0.994141 0.812500 0.996094
