0 0.206250 0.703125 0.275000 0.630859 0.292187 0.662109 0.228125 0.734375
0 0.315625 0.775391 0.385937 0.705078 0.407813 0.736328 0.340625 0.810547
0 0.851562 0.330078 0.915625 0.257812 0.945312 0.287109 0.881250 0.363281
4 0.026562 0.894531 0.079687 0.830078 0.103125 0.857422 0.048438 0.927734
0 0.632812 0.781250 0.654687 0.810547 0.593750 0.900391 0.564063 0.869141
0 0.582812 0.617188 0.612500 0.652344 0.550000 0.724609 0.518750 0.699219
0 0.464062 0.523438 0.492188 0.558594 0.435937 0.617188 0.414062 0.587891
0 0.310937 0.695312 0.390625 0.613281 0.410938 0.652344 0.340625 0.724609
0 0.679688 0.148438 0.740625 0.074219 0.762500 0.099609 0.704688 0.175781
0 0.107813 1.000000 0.176563 0.925781 0.196875 0.960938 0.132812 1.000000
0 0.035937 0.974609 0.100000 0.906250 0.129688 0.939453 0.064062 1.000000
0 0.137500 0.865234 0.212500 0.791016 0.229687 0.826172 0.164062 0.896484
0 0.215625 0.876953 0.281250 0.812500 0.304688 0.843750 0.239063 0.914062
0 0.118750 0.599609 0.196875 0.546875 0.212500 0.589844 0.140625 0.650391
0 0.231250 0.783203 0.293750 0.708984 0.315625 0.744141 0.253125 0.808594
