0 0.768750 0.644531 0.857812 0.644531 0.857812 0.695312 0.768750 0.695312
4 0.906250 0.726562 1.000000 0.718750 1.000000 0.765625 0.909375 0.767578
0 0.410938 0.697266 0.496875 0.695312 0.496875 0.740234 0.410938 0.744141
0 0.906250 0.142578 0.995313 0.099609 1.000000 0.134766 0.928125 0.181641
0 0.000000 0.330078 0.085938 0.326172 0.087500 0.357422 0.001563 0.365234
0 0.684375 0.830078 0.767188 0.820312 0.768750 0.861328 0.692187 0.876953
0 0.590625 0.832031 0.651563 0.828125 0.654687 0.867188 0.593750 0.876953
0 0.906250 0.650391 0.990625 0.646484 0.995313 0.691406 0.912500 0.695312
0 0.782813 0.736328 0.870313 0.736328 0.870313 0.783203 0.782813 0.783203
0 0.670312 0.748047 0.759375 0.748047 0.759375 0.796875 0.670312 0.796875
0 0.501563 0.771484 0.590625 0.765625 0.595313 0.812500 0.501563 0.816406
0 0.378125 0.779297 0.464062 0.779297 0.464062 0.824219 0.378125 0.824219
0 0.640625 0.662109 0.720313 0.660156 0.723437 0.701172 0.640625 0.705078
0 0.517188 0.677734 0.598437 0.677734 0.600000 0.720703 0.517188 0.720703
0 0.307812 0.697266 0.389062 0.697266 0.389062 0.746094 0.307812 0.746094
0 0.000000 0.732422 0.073438 0.732422 0.073438 0.781250 0.000000 0.781250
3 0.809375 0.814453 1.000000 0.796875 1.000000 0.863281 0.809375 0.873047
2 0.325000 0.875000 0.535937 0.841797 0.534375 0.898438 0.328125 0.937500
