0 0.775000 0.662109 0.807813 0.660156 0.815625 0.763672 0.782813 0.767578
0 0.965625 0.943359 1.000000 0.955078 0.978125 1.000000 0.946875 1.000000
0 0.645312 0.945312 0.681250 0.945312 0.681250 1.000000 0.645312 1.000000
0 0.742188 0.000000 0.781250 0.000000 0.778125 0.072266 0.743750 0.068359
0 0.792188 0.914062 0.826562 0.910156 0.821875 1.000000 0.790625 0.996094
0 0.779687 0.783203 0.812500 0.787109 0.817187 0.892578 0.782813 0.890625
0 0.389062 0.000000 0.423438 0.000000 0.421875 0.066406 0.390625 0.062500
0 0.390625 0.082031 0.425000 0.080078 0.426563 0.181641 0.396875 0.185547
0 0.465625 0.220703 0.501563 0.214844 0.506250 0.326172 0.471875 0.330078
0 0.382812 0.232422 0.421875 0.230469 0.428125 0.328125 0.387500 0.337891
0 0.289062 0.421875 0.354687 0.398438 0.368750 0.431641 0.295312 0.462891
0 0.287500 0.501953 0.354687 0.455078 0.371875 0.492188 0.303125 0.541016
0 0.287500 0.576172 0.362500 0.517578 0.385937 0.548828 0.314063 0.615234
0 0.401562 0.421875 0.429688 0.419922 0.428125 0.519531 0.400000 0.519531
0 0.304688 0.675781 0.368750 0.605469 0.387500 0.632812 0.332813 0.707031
0 0.401562 0.615234 0.432812 0.615234 0.434375 0.716797 0.401562 0.716797
0 0.400000 0.755859 0.432812 0.751953 0.440625 0.841797 0.407813 0.845703
0 0.675000 0.000000 0.710938 0.000000 0.714063 0.072266 0.673438 0.072266
0 0.398438 0.871094 0.431250 0.863281 0.442188 0.966797 0.404687 0.972656
0 0.531250 0.587891 0.560937 0.593750 0.557813 0.701172 0.529687 0.701172
0 0.535937 0.732422 0.571875 0.736328 0.573438 0.843750 0.532813 0.843750
0 0.637500 0.650391 0.670312 0.648438 0.671875 0.748047 0.639062 0.748047
0 0.668750 0.394531 0.709375 0.386719 0.720313 0.500000 0.678125 0.503906
