0 0.929688 0.746094 1.000000 0.751953 0.995313 0.783203 0.929688 0.783203
0 0.828125 0.935547 0.853125 0.935547 0.854688 1.000000 0.826562 1.000000
0 0.689063 0.939453 0.770312 0.945312 0.770312 0.992188 0.689063 1.000000
0 0.679688 0.880859 0.751563 0.880859 0.753125 0.921875 0.679688 0.921875
0 0.676562 0.824219 0.767188 0.820312 0.767188 0.861328 0.676562 0.869141
0 0.690625 0.769531 0.775000 0.767578 0.778125 0.808594 0.690625 0.812500
0 0.706250 0.710938 0.778125 0.710938 0.778125 0.742188 0.706250 0.744141
0 0.939063 0.666016 1.000000 0.705078 1.000000 0.742188 0.931250 0.705078
0 0.957812 0.611328 1.000000 0.650391 1.000000 0.683594 0.946875 0.650391
0 0.718750 0.611328 0.792188 0.654297 0.778125 0.685547 0.709375 0.644531
0 0.740625 0.572266 0.803125 0.603516 0.792188 0.642578 0.721875 0.607422
0 0.748437 0.529297 0.815625 0.558594 0.806250 0.597656 0.735938 0.564453
0 0.765625 0.484375 0.831250 0.523438 0.825000 0.560547 0.750000 0.521484
0 0.773438 0.419922 0.831250 0.474609 0.817187 0.503906 0.756250 0.453125
0 0.800000 0.378906 0.851562 0.429688 0.835938 0.464844 0.779687 0.408203
0 0.815625 0.390625 0.839063 0.361328 0.898438 0.423828 0.878125 0.455078
0 0.846875 0.353516 0.873437 0.328125 0.918750 0.398438 0.896875 0.421875
0 0.867188 0.296875 0.898438 0.267578 0.940625 0.332031 0.910937 0.361328
0 0.965625 0.257812 0.987500 0.234375 1.000000 0.294922 1.000000 0.322266
0 0.395313 0.218750 0.473438 0.181641 0.489063 0.216797 0.414062 0.257812
0 0.448437 0.275391 0.470313 0.304688 0.431250 0.382812 0.404687 0.361328
0 0.328125 0.515625 0.359375 0.519531 0.340625 0.611328 0.309375 0.609375
0 0.325000 0.740234 0.356250 0.746094 0.353125 0.845703 0.321875 0.845703
0 0.535937 0.933594 0.567187 0.933594 0.567187 1.000000 0.535937 1.000000
0 0.464062 0.917969 0.498437 0.917969 0.498437 1.000000 0.464062 1.000000
1 0.925000 0.244141 0.962500 0.232422 0.996875 0.341797 0.962500 0.355469
4 0.159375 0.138672 0.235937 0.091797 0.257812 0.142578 0.176563 0.177734
