0 0.410938 0.265625 0.484375 0.322266 0.465625 0.357422 0.389062 0.300781
0 0.139063 0.248047 0.200000 0.306641 0.170313 0.341797 0.115625 0.281250
0 0.100000 0.029297 0.173437 0.078125 0.151562 0.119141 0.079687 0.064453
0 0.200000 0.095703 0.262500 0.142578 0.245312 0.181641 0.176563 0.136719
0 0.314063 0.193359 0.384375 0.240234 0.370312 0.279297 0.296875 0.238281
0 0.526563 0.347656 0.598437 0.398438 0.576562 0.439453 0.504687 0.388672
0 0.500000 0.525391 0.565625 0.591797 0.537500 0.623047 0.475000 0.558594
0 0.629687 0.433594 0.706250 0.492188 0.689063 0.531250 0.615625 0.470703
0 0.748437 0.435547 0.823438 0.482422 0.804688 0.527344 0.729688 0.478516
0 0.743750 0.521484 0.809375 0.560547 0.793750 0.605469 0.728125 0.560547
0 0.585938 0.664062 0.609375 0.636719 0.671875 0.699219 0.651563 0.730469
0 0.590625 0.699219 0.659375 0.769531 0.635938 0.808594 0.567187 0.740234
0 0.564063 0.765625 0.625000 0.832031 0.603125 0.865234 0.539062 0.808594
