0 0.382812 0.232422 0.457813 0.203125 0.465625 0.248047 0.392188 0.275391
0 0.440625 0.460938 0.525000 0.449219 0.525000 0.494141 0.442188 0.503906
0 0.740625 0.410156 0.828125 0.404297 0.832812 0.453125 0.746875 0.464844
0 0.732812 0.542969 0.812500 0.519531 0.825000 0.564453 0.742188 0.582031
0 0.871875 0.466797 0.934375 0.445312 0.945312 0.478516 0.881250 0.503906
0 0.362500 0.548828 0.450000 0.542969 0.453125 0.591797 0.364063 0.593750
0 0.715625 0.175781 0.790625 0.158203 0.801562 0.207031 0.725000 0.220703
0 0.470313 0.000000 0.550000 0.000000 0.560937 0.021484 0.476562 0.037109
0 0.010937 0.152344 0.109375 0.136719 0.115625 0.183594 0.014063 0.199219
1 0.000000 0.216797 0.123438 0.185547 0.129688 0.255859 0.000000 0.292969
0 0.173437 0.046875 0.256250 0.029297 0.262500 0.074219 0.181250 0.093750
0 0.193750 0.480469 0.260937 0.472656 0.265625 0.517578 0.193750 0.527344
0 0.023438 0.562500 0.106250 0.558594 0.104688 0.599609 0.025000 0.603516
