0 0.429688 0.851562 0.457813 0.833984 0.495312 0.939453 0.464062 0.955078
2 0.142187 0.167969 0.173437 0.148438 0.212500 0.259766 0.178125 0.279297
0 0.189062 0.050781 0.218750 0.039062 0.240625 0.119141 0.210938 0.136719
0 0.451562 0.154297 0.479687 0.140625 0.512500 0.222656 0.485938 0.238281
0 0.320312 0.000000 0.346875 0.000000 0.370312 0.050781 0.346875 0.060547
3 0.165625 0.570312 0.218750 0.554688 0.267188 0.783203 0.220312 0.802734
2 1.000000 0.107422 1.000000 0.152344 0.925000 0.267578 0.906250 0.226562
4 0.300000 0.119141 0.332813 0.109375 0.362500 0.193359 0.331250 0.207031
4 0.412500 0.212891 0.440625 0.199219 0.470313 0.277344 0.440625 0.292969
4 0.543750 0.617188 0.573438 0.599609 0.598437 0.679688 0.568750 0.693359
