0 0.628125 0.234375 0.659375 0.232422 0.673438 0.326172 0.635938 0.328125
0 0.957812 0.462891 0.985938 0.484375 0.950000 0.562500 0.918750 0.539062
0 0.968750 0.734375 1.000000 0.767578 0.954688 0.853516 0.923438 0.822266
0 0.579688 0.175781 0.620313 0.175781 0.618750 0.289062 0.579688 0.289062
0 0.535937 0.138672 0.570312 0.140625 0.564063 0.250000 0.525000 0.244141
0 0.910937 0.708984 0.948438 0.732422 0.909375 0.816406 0.875000 0.789062
0 0.995313 0.498047 1.000000 0.523438 0.987500 0.589844 0.960938 0.570312
0 0.368750 0.634766 0.440625 0.697266 0.415625 0.730469 0.346875 0.664062
0 0.590625 0.822266 0.665625 0.878906 0.645312 0.921875 0.570312 0.865234
0 0.376563 0.457031 0.450000 0.519531 0.421875 0.562500 0.348438 0.496094
0 0.679688 0.267578 0.715625 0.261719 0.728125 0.371094 0.687500 0.380859
0 0.087500 0.037109 0.118750 0.064453 0.085938 0.134766 0.051562 0.113281
0 0.907813 0.906250 0.968750 0.962891 0.945312 1.000000 0.884375 0.945312
0 0.740625 0.259766 0.778125 0.263672 0.768750 0.367188 0.732812 0.365234
0 0.860938 0.679688 0.892188 0.699219 0.857812 0.781250 0.828125 0.753906
0 0.670312 0.525391 0.698438 0.546875 0.659375 0.632812 0.634375 0.605469
0 0.625000 0.482422 0.656250 0.505859 0.609375 0.587891 0.579688 0.558594
0 0.435937 0.320312 0.468750 0.349609 0.420312 0.431641 0.387500 0.406250
0 0.398438 0.277344 0.423438 0.304688 0.373437 0.392578 0.345313 0.367188
0 0.348438 0.232422 0.382812 0.257812 0.332813 0.349609 0.301563 0.318359
0 0.259375 0.189453 0.284375 0.210938 0.242188 0.287109 0.218750 0.267578
0 0.221875 0.150391 0.246875 0.175781 0.198437 0.263672 0.168750 0.238281
0 0.175000 0.119141 0.201563 0.138672 0.159375 0.222656 0.132812 0.205078
0 0.129688 0.087891 0.157812 0.113281 0.110937 0.185547 0.085938 0.156250
0 0.004687 0.166016 0.076563 0.220703 0.064062 0.250000 0.000000 0.205078
