0 0.053125 0.875000 0.151562 0.871094 0.151562 0.923828 0.050000 0.925781
2 0.765625 0.865234 1.000000 0.865234 1.000000 0.939453 0.765625 0.939453
0 0.646875 0.410156 0.735938 0.419922 0.732812 0.460938 0.640625 0.455078
0 0.943750 0.480469 1.000000 0.480469 1.000000 0.527344 0.943750 0.527344
2 0.754687 0.408203 0.856250 0.410156 0.857812 0.466797 0.748437 0.458984
0 0.000000 0.583984 0.060937 0.583984 0.060937 0.625000 0.000000 0.625000
0 0.168750 0.869141 0.251563 0.869141 0.253125 0.919922 0.168750 0.919922
0 0.270313 0.861328 0.356250 0.871094 0.356250 0.921875 0.264062 0.916016
0 0.007812 0.279297 0.068750 0.210938 0.092188 0.246094 0.028125 0.310547
0 0.303125 0.587891 0.407813 0.587891 0.407813 0.636719 0.303125 0.636719
0 0.845313 0.486328 0.934375 0.486328 0.934375 0.533203 0.845313 0.533203
0 0.901563 0.425781 0.987500 0.429688 0.987500 0.470703 0.898438 0.468750
0 0.529687 0.408203 0.618750 0.408203 0.618750 0.451172 0.529687 0.451172
0 0.418750 0.404297 0.501563 0.404297 0.501563 0.445312 0.418750 0.445312
0 0.312500 0.402344 0.406250 0.402344 0.406250 0.447266 0.312500 0.447266
2 0.378125 0.857422 0.698438 0.865234 0.698438 0.923828 0.378125 0.925781
