2 0.371875 0.437500 0.462500 0.400391 0.473438 0.443359 0.382812 0.480469
4 0.467187 0.375000 0.534375 0.330078 0.553125 0.367188 0.485938 0.417969
0 0.001563 0.710938 0.071875 0.763672 0.059375 0.798828 0.000000 0.750000
0 0.732812 0.589844 0.821875 0.607422 0.812500 0.654297 0.728125 0.630859
0 0.923438 0.042969 0.950000 0.009766 1.000000 0.076172 0.982812 0.107422
0 0.893750 0.039062 0.971875 0.095703 0.956250 0.130859 0.873437 0.074219
0 0.859375 0.068359 0.931250 0.126953 0.912500 0.162109 0.839063 0.113281
0 0.821875 0.107422 0.895312 0.156250 0.879687 0.195312 0.806250 0.144531
0 0.765625 0.146484 0.826562 0.212891 0.807813 0.242188 0.750000 0.169922
0 0.710938 0.199219 0.739062 0.175781 0.789062 0.253906 0.764062 0.277344
0 0.675000 0.224609 0.703125 0.197266 0.754687 0.273438 0.726562 0.296875
0 0.631250 0.246094 0.660937 0.222656 0.717187 0.304688 0.689063 0.333984
0 0.596875 0.267578 0.621875 0.244141 0.673438 0.330078 0.648438 0.349609
0 0.584375 0.275391 0.642188 0.349609 0.610938 0.373047 0.565625 0.302734
0 0.535937 0.326172 0.562500 0.302734 0.603125 0.388672 0.575000 0.404297
0 0.628125 0.126953 0.687500 0.080078 0.709375 0.109375 0.646875 0.156250
0 0.351562 0.333984 0.415625 0.281250 0.435937 0.316406 0.368750 0.365234
0 0.506250 0.460938 0.565625 0.416016 0.585938 0.451172 0.526563 0.500000
0 0.270313 0.525391 0.328125 0.462891 0.350000 0.490234 0.295312 0.550781
0 0.120313 0.634766 0.190625 0.589844 0.206250 0.630859 0.137500 0.675781
0 0.071875 0.636719 0.143750 0.695312 0.117188 0.734375 0.051562 0.671875
0 0.040625 0.673828 0.115625 0.740234 0.089063 0.771484 0.023438 0.708984
0 0.342187 0.734375 0.417187 0.693359 0.431250 0.732422 0.359375 0.773438
0 0.343750 0.878906 0.417187 0.824219 0.437500 0.863281 0.360938 0.914062
4 0.500000 0.232422 0.550000 0.195312 0.565625 0.230469 0.514062 0.267578
