0 0.606250 0.210938 0.646875 0.208984 0.664062 0.304688 0.623437 0.312500
0 0.290625 0.380859 0.375000 0.382812 0.375000 0.433594 0.284375 0.427734
0 0.312500 0.240234 0.345313 0.267578 0.284375 0.359375 0.253125 0.337891
0 0.181250 0.261719 0.246875 0.312500 0.226562 0.347656 0.162500 0.300781
0 0.364063 0.308594 0.448437 0.306641 0.445312 0.351562 0.360938 0.353516
0 0.498437 0.335938 0.578125 0.339844 0.576562 0.380859 0.498437 0.376953
0 0.410938 0.386719 0.493750 0.386719 0.493750 0.425781 0.410938 0.425781
0 0.509375 0.390625 0.592187 0.396484 0.592187 0.441406 0.503125 0.431641
0 0.607812 0.394531 0.681250 0.390625 0.678125 0.435547 0.607812 0.435547
0 0.821875 0.425781 0.909375 0.425781 0.909375 0.472656 0.821875 0.472656
0 0.926562 0.425781 1.000000 0.425781 1.000000 0.474609 0.926562 0.474609
0 0.862500 0.347656 0.942187 0.347656 0.942187 0.390625 0.862500 0.392578
0 0.864062 0.292969 0.935937 0.281250 0.946875 0.324219 0.871875 0.333984
0 0.845313 0.238281 0.920312 0.230469 0.925000 0.277344 0.851562 0.283203
0 0.070312 0.685547 0.164062 0.689453 0.162500 0.744141 0.070312 0.740234
0 0.568750 0.710938 0.667188 0.718750 0.667188 0.771484 0.564063 0.759766
2 0.020313 0.814453 0.351562 0.843750 0.350000 0.890625 0.012500 0.875000
0 0.484375 0.863281 0.570312 0.863281 0.570312 0.908203 0.484375 0.908203
0 0.600000 0.867188 0.685937 0.865234 0.684375 0.914062 0.600000 0.908203
0 0.704688 0.875000 0.787500 0.875000 0.787500 0.912109 0.704688 0.912109
0 0.828125 0.884766 0.901563 0.880859 0.904687 0.925781 0.828125 0.921875
0 0.928125 0.882812 0.998437 0.882812 0.998437 0.933594 0.928125 0.933594
0 0.000000 0.478516 0.073438 0.488281 0.067187 0.550781 0.000000 0.537109
0 0.809375 0.171875 0.914062 0.171875 0.914062 0.226562 0.809375 0.226562
0 0.370312 0.853516 0.459375 0.853516 0.459375 0.896484 0.370312 0.896484
