0 0.454688 0.519531 0.506250 0.458984 0.534375 0.488281 0.473438 0.556641
0 0.057813 0.833984 0.078125 0.869141 0.006250 0.957031 0.000000 0.917969
0 0.153125 0.923828 0.214062 0.851562 0.240625 0.890625 0.175000 0.953125
0 0.140625 0.826172 0.162500 0.857422 0.104688 0.931641 0.082812 0.900391
0 0.185938 0.791016 0.250000 0.722656 0.271875 0.755859 0.203125 0.833984
0 0.193750 0.687500 0.257812 0.615234 0.284375 0.648438 0.218750 0.714844
0 0.271875 0.707031 0.332813 0.638672 0.357812 0.673828 0.292187 0.744141
0 0.260937 0.806641 0.325000 0.740234 0.350000 0.771484 0.279687 0.841797
0 0.370312 0.830078 0.439063 0.759766 0.457813 0.789062 0.389062 0.863281
0 0.362500 0.695312 0.432812 0.632812 0.454688 0.662109 0.395313 0.732422
0 0.362500 0.617188 0.420312 0.554688 0.442188 0.587891 0.382812 0.658203
0 0.315625 0.556641 0.384375 0.486328 0.409375 0.519531 0.345313 0.597656
0 0.901563 0.398438 0.959375 0.330078 0.987500 0.357422 0.929688 0.425781
0 0.746875 0.695312 0.782813 0.728516 0.726562 0.804688 0.696875 0.779297
0 0.764062 0.558594 0.793750 0.587891 0.735938 0.666016 0.707812 0.636719
0 0.571875 0.304688 0.635938 0.242188 0.653125 0.265625 0.592187 0.332031
0 0.446875 0.421875 0.506250 0.363281 0.531250 0.392578 0.465625 0.457031
0 0.368750 0.316406 0.437500 0.246094 0.468750 0.275391 0.393750 0.343750
0 0.200000 0.517578 0.284375 0.466797 0.296875 0.501953 0.225000 0.548828
