0 0.792188 0.205078 0.871875 0.232422 0.860938 0.267578 0.781250 0.242188
0 0.190625 0.951172 0.270313 0.941406 0.276562 0.990234 0.195312 0.994141
0 0.190625 0.882812 0.265625 0.875000 0.265625 0.923828 0.192188 0.931641
0 0.200000 0.800781 0.282813 0.791016 0.285938 0.837891 0.200000 0.843750
0 0.171875 0.511719 0.251563 0.484375 0.259375 0.531250 0.182812 0.554688
0 0.157812 0.449219 0.235937 0.431641 0.242188 0.476562 0.167187 0.496094
0 0.153125 0.384766 0.226562 0.365234 0.235937 0.408203 0.159375 0.427734
0 0.309375 0.357422 0.345313 0.351562 0.356250 0.457031 0.318750 0.462891
0 0.118750 0.210938 0.193750 0.183594 0.200000 0.220703 0.129688 0.250000
0 0.104688 0.128906 0.190625 0.109375 0.195312 0.152344 0.114062 0.169922
0 0.098437 0.064453 0.176563 0.044922 0.182812 0.082031 0.107813 0.103516
0 0.117188 0.000000 0.146875 0.000000 0.160938 0.033203 0.134375 0.039062
0 0.076563 0.000000 0.110937 0.000000 0.125000 0.042969 0.090625 0.050781
0 0.559375 0.847656 0.595313 0.839844 0.603125 0.957031 0.570312 0.962891
0 0.760938 0.931641 0.829688 0.958984 0.823438 1.000000 0.751563 0.976562
0 0.767188 0.839844 0.845313 0.859375 0.842187 0.902344 0.764062 0.880859
0 0.779687 0.779297 0.850000 0.794922 0.845313 0.835938 0.776563 0.822266
0 0.765625 0.650391 0.850000 0.664062 0.843750 0.714844 0.762500 0.689453
0 0.701562 0.582031 0.778125 0.593750 0.779687 0.636719 0.700000 0.623047
0 0.706250 0.519531 0.790625 0.546875 0.785937 0.583984 0.700000 0.564453
0 0.720313 0.392578 0.804688 0.423828 0.793750 0.464844 0.710938 0.437500
0 0.704688 0.281250 0.740625 0.269531 0.757812 0.378906 0.723437 0.390625
2 0.739062 0.263672 0.779687 0.248047 0.810937 0.361328 0.775000 0.373047
0 0.806250 0.142578 0.885938 0.164062 0.876563 0.207031 0.800000 0.183594
0 0.843750 0.033203 0.920312 0.064453 0.910937 0.099609 0.834375 0.074219
4 0.717187 0.445312 0.815625 0.480469 0.806250 0.525391 0.707812 0.488281
4 0.837500 0.093750 0.907813 0.113281 0.903125 0.148438 0.834375 0.121094
4 0.193750 0.744141 0.253125 0.734375 0.254688 0.769531 0.195312 0.777344
4 0.196875 0.675781 0.256250 0.673828 0.257812 0.708984 0.195312 0.712891
4 0.662500 0.833984 0.754687 0.839844 0.751563 0.880859 0.664062 0.875000
4 0.784375 0.712891 0.873437 0.740234 0.865625 0.777344 0.779687 0.757812
