0 0.429688 0.009766 0.495312 0.050781 0.481250 0.085938 0.414062 0.044922
0 0.435937 0.056641 0.503125 0.107422 0.484375 0.144531 0.418750 0.087891
0 0.423438 0.117188 0.496875 0.169922 0.479687 0.207031 0.404687 0.154297
0 0.262500 0.164062 0.332813 0.126953 0.348438 0.158203 0.273438 0.195312
0 0.264062 0.210938 0.329688 0.167969 0.343750 0.195312 0.279687 0.240234
0 0.507812 0.349609 0.545312 0.351562 0.540625 0.464844 0.504687 0.460938
0 0.256250 0.271484 0.331250 0.222656 0.350000 0.265625 0.273438 0.312500
0 0.429688 0.167969 0.489063 0.218750 0.467187 0.251953 0.407813 0.201172
0 0.496875 0.511719 0.579688 0.519531 0.573438 0.570312 0.493750 0.556641
0 0.214062 0.990234 0.279687 0.951172 0.296875 0.986328 0.228125 1.000000
0 0.400000 0.947266 0.479687 0.998047 0.465625 1.000000 0.385937 0.990234
0 0.507812 0.226562 0.582812 0.226562 0.582812 0.263672 0.507812 0.263672
0 0.514062 0.111328 0.582812 0.113281 0.582812 0.152344 0.512500 0.152344
0 0.514062 0.037109 0.589063 0.041016 0.590625 0.083984 0.514062 0.082031
0 0.509375 0.000000 0.576562 0.000000 0.576562 0.033203 0.509375 0.033203
0 0.281250 0.027344 0.357812 0.000000 0.368750 0.025391 0.293750 0.060547
0 0.265625 0.095703 0.337500 0.050781 0.353125 0.087891 0.281250 0.134766
0 0.417187 0.285156 0.489063 0.332031 0.473438 0.367188 0.403125 0.322266
0 0.418750 0.345703 0.481250 0.390625 0.465625 0.427734 0.400000 0.378906
0 0.256250 0.445312 0.323437 0.398438 0.334375 0.435547 0.275000 0.478516
0 0.421875 0.414062 0.484375 0.464844 0.468750 0.498047 0.406250 0.451172
0 0.246875 0.515625 0.318750 0.482422 0.329688 0.517578 0.262500 0.554688
0 0.420312 0.472656 0.487500 0.529297 0.470313 0.564453 0.401562 0.515625
0 0.407813 0.601562 0.487500 0.654297 0.468750 0.699219 0.389062 0.646484
0 0.234375 0.656250 0.303125 0.605469 0.321875 0.636719 0.251563 0.693359
0 0.212500 0.794922 0.287500 0.740234 0.303125 0.773438 0.234375 0.830078
0 0.401562 0.746094 0.481250 0.796875 0.467187 0.841797 0.384375 0.781250
0 0.409375 0.882812 0.479687 0.949219 0.459375 0.982422 0.387500 0.914062
0 0.217188 0.861328 0.290625 0.796875 0.309375 0.828125 0.235937 0.894531
0 0.870313 0.902344 0.909375 0.902344 0.909375 1.000000 0.870313 1.000000
0 0.873437 0.746094 0.909375 0.753906 0.896875 0.843750 0.862500 0.835938
3 0.496875 0.826172 0.539062 0.826172 0.539062 0.978516 0.495312 0.980469
3 0.501563 0.582031 0.539062 0.582031 0.539062 0.771484 0.498437 0.771484
0 0.873437 0.634766 0.907813 0.634766 0.907813 0.736328 0.879687 0.736328
0 0.870313 0.449219 0.907813 0.449219 0.907813 0.560547 0.870313 0.560547
0 0.854688 0.099609 0.887500 0.099609 0.887500 0.185547 0.854688 0.185547
0 0.850000 0.000000 0.884375 0.000000 0.885938 0.074219 0.853125 0.076172
0 0.732812 0.494141 0.765625 0.494141 0.765625 0.605469 0.732812 0.605469
0 0.503125 0.275391 0.581250 0.275391 0.584375 0.322266 0.504687 0.322266
0 0.498437 0.181641 0.579688 0.171875 0.584375 0.216797 0.501563 0.222656
0 0.425000 0.232422 0.489063 0.281250 0.468750 0.312500 0.407813 0.263672
0 0.256250 0.330078 0.328125 0.281250 0.345313 0.318359 0.270313 0.365234
0 0.253125 0.388672 0.317188 0.347656 0.331250 0.376953 0.275000 0.423828
