0 0.329688 0.214844 0.400000 0.199219 0.406250 0.240234 0.342187 0.257812
0 0.114062 0.259766 0.198437 0.253906 0.204687 0.289062 0.120313 0.298828
0 0.496875 0.439453 0.584375 0.435547 0.589063 0.474609 0.504687 0.478516
0 0.335938 0.443359 0.415625 0.439453 0.417187 0.474609 0.337500 0.486328
0 0.109375 0.476562 0.206250 0.464844 0.209375 0.511719 0.115625 0.525391
0 0.725000 0.328125 0.809375 0.320312 0.815625 0.359375 0.731250 0.369141
0 0.498437 0.355469 0.585938 0.343750 0.589063 0.388672 0.501563 0.394531
0 0.301563 0.369141 0.384375 0.359375 0.389062 0.404297 0.301563 0.412109
0 0.059375 0.388672 0.148438 0.380859 0.150000 0.419922 0.065625 0.427734
0 0.881250 0.794922 0.967187 0.781250 0.973437 0.826172 0.884375 0.839844
0 0.853125 0.494141 0.939063 0.492188 0.942187 0.535156 0.857812 0.544922
0 0.679688 0.505859 0.765625 0.496094 0.770312 0.535156 0.687500 0.550781
0 0.543750 0.509766 0.628125 0.511719 0.626563 0.554688 0.540625 0.548828
0 0.431250 0.542969 0.520312 0.542969 0.523438 0.582031 0.432812 0.587891
0 0.323437 0.548828 0.403125 0.544922 0.404687 0.583984 0.321875 0.587891
0 0.184375 0.552734 0.264062 0.548828 0.265625 0.587891 0.189062 0.589844
0 0.064062 0.558594 0.143750 0.548828 0.148438 0.595703 0.064062 0.603516
0 0.793750 0.396484 0.870313 0.388672 0.873437 0.431641 0.800000 0.443359
0 0.943750 0.695312 1.000000 0.689453 1.000000 0.740234 0.946875 0.744141
0 0.806250 0.916016 0.896875 0.917969 0.896875 0.955078 0.807813 0.958984
