0 0.835938 0.392578 0.918750 0.369141 0.926562 0.412109 0.845313 0.429688
0 0.245312 0.689453 0.326562 0.667969 0.334375 0.710938 0.251563 0.732422
0 0.250000 0.607422 0.329688 0.591797 0.335938 0.630859 0.256250 0.648438
0 0.073438 0.046875 0.106250 0.041016 0.118750 0.144531 0.084375 0.146484
0 0.115625 0.000000 0.150000 0.000000 0.171875 0.031250 0.137500 0.044922
0 0.000000 0.000000 0.031250 0.000000 0.050000 0.060547 0.014063 0.072266
2 0.054688 0.791016 0.148438 0.769531 0.156250 0.814453 0.062500 0.835938
0 0.487500 0.693359 0.564063 0.673828 0.570312 0.712891 0.492188 0.734375
0 0.478125 0.546875 0.564063 0.521484 0.571875 0.564453 0.484375 0.589844
0 0.590625 0.414062 0.675000 0.423828 0.671875 0.464844 0.587500 0.458984
0 0.745313 0.546875 0.821875 0.529297 0.831250 0.572266 0.751563 0.589844
0 0.720313 0.623047 0.803125 0.597656 0.812500 0.638672 0.728125 0.664062
