0 0.706250 0.492188 0.787500 0.455078 0.800000 0.492188 0.723437 0.535156
0 0.807813 0.457031 0.882812 0.457031 0.882812 0.498047 0.807813 0.498047
0 0.628125 0.458984 0.707812 0.458984 0.707812 0.501953 0.628125 0.501953
0 0.515625 0.445312 0.603125 0.445312 0.603125 0.488281 0.515625 0.488281
4 0.057813 0.845703 0.131250 0.845703 0.131250 0.888672 0.057813 0.888672
1 0.515625 0.890625 0.854688 0.902344 0.851562 0.994141 0.515625 0.968750
2 0.206250 0.900391 0.325000 0.912109 0.325000 0.964844 0.203125 0.955078
1 0.184375 0.400391 0.432812 0.412109 0.432812 0.488281 0.178125 0.476562
0 0.042188 0.416016 0.126562 0.425781 0.120313 0.468750 0.039062 0.458984
0 0.921875 0.021484 1.000000 0.021484 1.000000 0.062500 0.921875 0.062500
0 0.390625 0.917969 0.481250 0.917969 0.481250 0.960938 0.390625 0.960938
0 0.234375 0.486328 0.329688 0.486328 0.326562 0.542969 0.231250 0.537109
0 0.414062 0.501953 0.501563 0.501953 0.501563 0.548828 0.414062 0.548828
0 0.526563 0.503906 0.618750 0.503906 0.615625 0.556641 0.526563 0.554688
0 0.907813 0.460938 0.990625 0.460938 0.990625 0.509766 0.907813 0.509766
