4 0.125000 0.750000 0.200000 0.750000 0.200000 0.789062 0.125000 0.789062
4 0.900000 0.726562 0.981250 0.726562 0.981250 0.773438 0.900000 0.773438
0 0.228125 0.328125 0.328125 0.330078 0.329688 0.380859 0.228125 0.380859
0 0.268750 0.732422 0.370312 0.732422 0.370312 0.779297 0.268750 0.779297
0 0.307812 0.812500 0.393750 0.812500 0.393750 0.859375 0.307812 0.859375
0 0.492188 0.814453 0.571875 0.814453 0.571875 0.855469 0.492188 0.855469
0 0.567187 0.724609 0.654687 0.724609 0.654687 0.771484 0.567187 0.771484
0 0.754687 0.722656 0.851562 0.722656 0.851562 0.771484 0.754687 0.771484
0 0.700000 0.791016 0.795312 0.791016 0.795312 0.851562 0.700000 0.851562
0 0.862500 0.791016 0.931250 0.791016 0.931250 0.853516 0.862500 0.853516
0 0.862500 0.871094 0.946875 0.871094 0.946875 0.916016 0.862500 0.916016
0 0.650000 0.880859 0.726562 0.880859 0.726562 0.925781 0.650000 0.925781
2 0.746875 0.000000 0.810937 0.000000 0.817187 0.230469 0.764062 0.230469
0 0.653125 0.650391 0.740625 0.650391 0.740625 0.701172 0.653125 0.701172
0 0.490625 0.642578 0.593750 0.642578 0.593750 0.695312 0.490625 0.695312
0 0.720313 0.441406 0.823438 0.441406 0.823438 0.482422 0.720313 0.482422
0 0.312500 0.517578 0.409375 0.517578 0.409375 0.562500 0.312500 0.562500
0 0.000000 0.513672 0.089063 0.513672 0.089063 0.560547 0.000000 0.560547
0 0.289062 0.417969 0.390625 0.417969 0.390625 0.466797 0.289062 0.466797
0 0.073438 0.439453 0.171875 0.439453 0.171875 0.482422 0.073438 0.482422
0 0.910937 0.636719 1.000000 0.636719 1.000000 0.673828 0.910937 0.673828
0 0.575000 0.357422 0.673438 0.357422 0.673438 0.408203 0.575000 0.408203
0 0.767188 0.636719 0.848437 0.636719 0.850000 0.679688 0.765625 0.681641
