1 0.000000 0.113281 0.123438 0.298828 0.092188 0.339844 0.000000 0.150391
1 0.109375 0.355469 0.151562 0.310547 0.301563 0.515625 0.270313 0.552734
0 0.840625 0.468750 0.867188 0.439453 0.926562 0.505859 0.900000 0.546875
0 0.062500 0.185547 0.089063 0.152344 0.151562 0.226562 0.131250 0.255859
0 0.167187 0.261719 0.218750 0.328125 0.195312 0.353516 0.143750 0.292969
0 0.226562 0.384766 0.251563 0.359375 0.303125 0.425781 0.273438 0.455078
0 0.157812 0.000000 0.178125 0.000000 0.234375 0.046875 0.204687 0.066406
0 0.975000 0.201172 1.000000 0.240234 0.948438 0.318359 0.917188 0.292969
0 0.009375 0.046875 0.075000 0.121094 0.046875 0.154297 0.000000 0.083984
0 0.689063 0.167969 0.756250 0.244141 0.728125 0.277344 0.667188 0.201172
1 0.032813 0.369141 0.070312 0.332031 0.278125 0.589844 0.245312 0.638672
