0 0.787500 0.478516 0.873437 0.478516 0.873437 0.529297 0.787500 0.529297
2 0.351562 0.867188 0.467187 0.865234 0.467187 0.927734 0.357812 0.931641
3 0.000000 0.826172 0.190625 0.841797 0.190625 0.916016 0.000000 0.904297
0 0.870313 0.888672 0.950000 0.888672 0.950000 0.929688 0.870313 0.929688
0 0.762500 0.892578 0.853125 0.892578 0.853125 0.931641 0.762500 0.931641
0 0.634375 0.892578 0.737500 0.892578 0.737500 0.931641 0.634375 0.931641
0 0.525000 0.890625 0.607812 0.890625 0.607812 0.925781 0.525000 0.925781
0 0.218750 0.871094 0.306250 0.875000 0.310937 0.916016 0.218750 0.925781
0 0.887500 0.693359 0.976562 0.693359 0.976562 0.738281 0.887500 0.738281
0 0.714063 0.832031 0.807813 0.832031 0.807813 0.875000 0.714063 0.875000
0 0.585938 0.828125 0.675000 0.830078 0.675000 0.875000 0.585938 0.880859
0 0.448437 0.818359 0.542188 0.822266 0.540625 0.869141 0.448437 0.863281
0 0.000000 0.455078 0.082812 0.455078 0.082812 0.498047 0.000000 0.498047
0 0.178125 0.468750 0.275000 0.468750 0.275000 0.513672 0.178125 0.513672
0 0.056250 0.404297 0.137500 0.404297 0.134375 0.447266 0.056250 0.445312
0 0.179688 0.402344 0.265625 0.402344 0.265625 0.441406 0.179688 0.441406
0 0.326562 0.408203 0.414062 0.408203 0.414062 0.455078 0.328125 0.453125
0 0.320312 0.464844 0.409375 0.464844 0.409375 0.511719 0.320312 0.511719
0 0.448437 0.462891 0.535937 0.458984 0.539062 0.513672 0.450000 0.511719
0 0.432812 0.408203 0.518750 0.408203 0.518750 0.447266 0.432812 0.447266
0 0.543750 0.416016 0.634375 0.412109 0.637500 0.460938 0.546875 0.466797
0 0.654687 0.406250 0.737500 0.408203 0.737500 0.453125 0.651563 0.453125
0 0.762500 0.414062 0.846875 0.417969 0.845313 0.462891 0.765625 0.457031
0 0.901563 0.500000 0.926562 0.470703 0.987500 0.531250 0.962500 0.574219
0 0.862500 0.375000 0.895312 0.375000 0.898438 0.462891 0.865625 0.462891
0 0.909375 0.273438 0.943750 0.273438 0.943750 0.369141 0.909375 0.369141
0 0.854688 0.207031 0.890625 0.207031 0.890625 0.308594 0.854688 0.308594
2 0.848437 0.826172 0.939063 0.826172 0.939063 0.873047 0.848437 0.873047
4 0.926562 0.443359 0.954688 0.417969 1.000000 0.505859 0.998437 0.535156
4 0.687500 0.466797 0.762500 0.466797 0.764062 0.509766 0.690625 0.509766
