0 0.801562 0.197266 0.831250 0.222656 0.790625 0.306641 0.764062 0.287109
0 0.759375 0.443359 0.785937 0.462891 0.746875 0.544922 0.717187 0.529297
0 0.553125 0.650391 0.590625 0.671875 0.542188 0.763672 0.514062 0.744141
0 0.610938 0.677734 0.650000 0.708984 0.603125 0.798828 0.568750 0.773438
0 0.460938 0.816406 0.487500 0.847656 0.437500 0.951172 0.404687 0.919922
0 0.032813 0.000000 0.070312 0.000000 0.076563 0.076172 0.034375 0.083984
0 0.159375 0.037109 0.185938 0.060547 0.137500 0.142578 0.109375 0.126953
0 0.100000 0.144531 0.123438 0.175781 0.070312 0.255859 0.042188 0.216797
0 0.000000 0.234375 0.037500 0.230469 0.046875 0.332031 0.004687 0.339844
0 0.993750 0.027344 1.000000 0.062500 0.968750 0.146484 0.940625 0.130859
0 0.884375 0.158203 0.915625 0.185547 0.870313 0.263672 0.843750 0.242188
