4 0.653125 0.386719 0.731250 0.386719 0.729688 0.429688 0.650000 0.429688
2 0.079687 0.285156 0.285938 0.291016 0.285938 0.355469 0.081250 0.351562
0 0.732812 0.466797 0.817187 0.472656 0.812500 0.511719 0.729688 0.505859
0 0.626563 0.302734 0.706250 0.304688 0.704688 0.347656 0.625000 0.343750
0 0.404687 0.308594 0.484375 0.312500 0.484375 0.353516 0.401562 0.349609
0 0.306250 0.308594 0.381250 0.308594 0.382812 0.345703 0.307812 0.345703
0 0.092188 0.386719 0.176563 0.388672 0.178125 0.427734 0.092188 0.429688
0 0.000000 0.375000 0.059375 0.376953 0.059375 0.419922 0.000000 0.417969
0 0.000000 0.294922 0.048438 0.296875 0.050000 0.349609 0.000000 0.349609
4 0.634375 0.244141 0.712500 0.242188 0.715625 0.279297 0.635938 0.285156
1 0.057813 0.449219 0.346875 0.458984 0.346875 0.523438 0.056250 0.519531
0 0.754687 0.402344 0.831250 0.408203 0.828125 0.445312 0.754687 0.445312
2 0.848437 0.382812 0.935937 0.378906 0.937500 0.419922 0.848437 0.425781
0 0.764062 0.308594 0.842187 0.310547 0.842187 0.357422 0.759375 0.353516
0 0.782813 0.228516 0.867188 0.218750 0.868750 0.261719 0.784375 0.265625
0 0.489063 0.224609 0.585938 0.226562 0.585938 0.271484 0.489063 0.269531
0 0.351562 0.234375 0.420312 0.238281 0.418750 0.275391 0.353125 0.279297
0 0.209375 0.220703 0.293750 0.226562 0.289062 0.269531 0.204687 0.261719
0 0.062500 0.224609 0.146875 0.224609 0.146875 0.269531 0.065625 0.267578
2 0.870313 0.300781 1.000000 0.302734 1.000000 0.361328 0.870313 0.361328
2 0.203125 0.386719 0.306250 0.386719 0.306250 0.433594 0.204687 0.433594
3 0.000000 0.849609 0.125000 0.855469 0.118750 0.927734 0.000000 0.917969
0 0.504687 0.312500 0.584375 0.312500 0.584375 0.355469 0.503125 0.355469
0 0.542188 0.392578 0.621875 0.392578 0.620313 0.433594 0.545312 0.437500
0 0.440625 0.392578 0.518750 0.398438 0.517188 0.441406 0.437500 0.437500
0 0.332813 0.380859 0.412500 0.386719 0.414062 0.427734 0.331250 0.423828
