0 0.260937 0.419922 0.342187 0.419922 0.342187 0.453125 0.260937 0.453125
2 0.860938 0.689453 0.892188 0.689453 0.890625 0.777344 0.860938 0.777344
0 0.348438 0.775391 0.387500 0.777344 0.382812 0.886719 0.342187 0.884766
0 0.348438 0.908203 0.382812 0.914062 0.375000 1.000000 0.340625 1.000000
0 0.234375 0.695312 0.328125 0.695312 0.328125 0.738281 0.234375 0.738281
0 0.259375 0.462891 0.340625 0.462891 0.340625 0.503906 0.259375 0.503906
0 0.270313 0.203125 0.350000 0.203125 0.350000 0.232422 0.270313 0.232422
0 0.279687 0.105469 0.351562 0.105469 0.351562 0.138672 0.279687 0.138672
0 0.487500 0.275391 0.518750 0.275391 0.518750 0.375000 0.487500 0.375000
0 0.484375 0.406250 0.517188 0.406250 0.517188 0.494141 0.484375 0.494141
0 0.481250 0.519531 0.514062 0.519531 0.514062 0.621094 0.481250 0.621094
0 0.476562 0.646484 0.510938 0.652344 0.503125 0.748047 0.470313 0.738281
0 0.478125 0.781250 0.514062 0.783203 0.514062 0.888672 0.479687 0.884766
0 0.518750 0.935547 0.551562 0.935547 0.551562 1.000000 0.518750 1.000000
0 0.528125 0.773438 0.565625 0.775391 0.560937 0.886719 0.525000 0.884766
0 0.535937 0.623047 0.568750 0.623047 0.564063 0.732422 0.529687 0.728516
0 0.535937 0.505859 0.565625 0.505859 0.565625 0.574219 0.535937 0.574219
0 0.534375 0.369141 0.564063 0.369141 0.564063 0.470703 0.534375 0.470703
0 0.534375 0.226562 0.570312 0.226562 0.570312 0.326172 0.534375 0.326172
0 0.493750 0.046875 0.525000 0.044922 0.525000 0.132812 0.493750 0.130859
0 0.529687 0.039062 0.564063 0.039062 0.565625 0.144531 0.531250 0.144531
0 0.818750 0.904297 0.854688 0.904297 0.857812 1.000000 0.820312 1.000000
0 0.856250 0.818359 0.893750 0.820312 0.893750 0.935547 0.857812 0.933594
0 0.809375 0.765625 0.845313 0.767578 0.846875 0.875000 0.814063 0.875000
0 0.793750 0.617188 0.831250 0.617188 0.832812 0.720703 0.798438 0.720703
0 0.846875 0.417969 0.884375 0.417969 0.885938 0.521484 0.853125 0.521484
0 0.840625 0.310547 0.878125 0.310547 0.882812 0.402344 0.850000 0.402344
0 0.846875 0.195312 0.879687 0.195312 0.879687 0.285156 0.846875 0.285156
0 0.846875 0.080078 0.876563 0.080078 0.876563 0.166016 0.845313 0.167969
0 0.846875 0.001953 0.875000 0.001953 0.875000 0.072266 0.846875 0.072266
0 0.793750 0.117188 0.831250 0.117188 0.831250 0.212891 0.796875 0.216797
4 0.695312 0.037109 0.726562 0.035156 0.726562 0.115234 0.695312 0.117188
4 0.806250 0.349609 0.835938 0.349609 0.837500 0.427734 0.806250 0.427734
2 0.850000 0.539062 0.900000 0.539062 0.896875 0.667969 0.848437 0.666016
