0 0.306250 0.044922 0.357812 0.000000 0.387500 0.000000 0.331250 0.076172
0 0.801562 0.064453 0.882812 0.066406 0.879687 0.117188 0.798438 0.113281
0 0.815625 0.148438 0.893750 0.171875 0.887500 0.218750 0.809375 0.199219
0 0.471875 0.109375 0.504687 0.109375 0.504687 0.201172 0.470313 0.201172
0 0.451562 0.878906 0.492188 0.878906 0.489063 0.998047 0.448437 1.000000
0 0.462500 0.728516 0.503125 0.728516 0.503125 0.828125 0.462500 0.828125
0 0.676562 0.384766 0.707812 0.384766 0.707812 0.480469 0.676562 0.480469
0 0.657813 0.193359 0.693750 0.193359 0.693750 0.283203 0.657813 0.283203
0 0.481250 0.220703 0.514062 0.220703 0.514062 0.320312 0.481250 0.320312
3 0.468750 0.392578 0.515625 0.392578 0.509375 0.632812 0.467187 0.632812
3 0.665625 0.556641 0.707812 0.554688 0.709375 0.750000 0.657813 0.751953
0 0.798438 0.283203 0.821875 0.255859 0.882812 0.304688 0.865625 0.341797
0 0.462500 0.000000 0.500000 0.000000 0.506250 0.087891 0.465625 0.089844
0 0.417187 0.000000 0.453125 0.000000 0.453125 0.093750 0.414062 0.087891
