0 0.000000 0.437500 0.028125 0.439453 0.029687 0.478516 0.000000 0.478516
2 0.073438 0.439453 0.318750 0.433594 0.318750 0.498047 0.075000 0.501953
0 0.451562 0.365234 0.537500 0.365234 0.537500 0.408203 0.451562 0.408203
1 0.542188 0.435547 0.851562 0.425781 0.851562 0.488281 0.545312 0.505859
1 0.178125 0.849609 0.279687 0.849609 0.279687 0.902344 0.178125 0.902344
1 0.496875 0.232422 0.804688 0.230469 0.803125 0.302734 0.495312 0.302734
4 0.900000 0.759766 0.979688 0.759766 0.979688 0.798828 0.900000 0.798828
2 0.176563 0.548828 0.279687 0.550781 0.278125 0.597656 0.178125 0.597656
0 0.403125 0.439453 0.493750 0.439453 0.493750 0.488281 0.403125 0.488281
0 0.078125 0.359375 0.167187 0.359375 0.167187 0.408203 0.078125 0.408203
0 0.318750 0.535156 0.410938 0.535156 0.410938 0.582031 0.318750 0.582031
0 0.467187 0.542969 0.560937 0.542969 0.560937 0.580078 0.467187 0.580078
0 0.732812 0.820312 0.823438 0.820312 0.823438 0.880859 0.732812 0.880859
0 0.059375 0.541016 0.146875 0.541016 0.146875 0.589844 0.059375 0.589844
0 0.885938 0.429688 0.981250 0.429688 0.981250 0.472656 0.885938 0.472656
0 0.904687 0.492188 0.989062 0.484375 0.993750 0.533203 0.907813 0.544922
2 0.812500 0.343750 1.000000 0.343750 1.000000 0.408203 0.812500 0.408203
2 0.623437 0.539062 0.715625 0.537109 0.717187 0.582031 0.623437 0.582031
