0 0.535937 0.093750 0.568750 0.097656 0.564063 0.193359 0.534375 0.193359
0 0.370312 0.238281 0.396875 0.238281 0.396875 0.324219 0.370312 0.324219
0 0.254688 0.158203 0.328125 0.158203 0.328125 0.195312 0.254688 0.195312
0 0.535937 0.214844 0.571875 0.222656 0.564063 0.326172 0.528125 0.320312
0 0.485938 0.218750 0.520312 0.222656 0.518750 0.326172 0.484375 0.324219
0 0.487500 0.009766 0.523438 0.007812 0.523438 0.105469 0.487500 0.107422
0 0.539062 0.000000 0.575000 0.000000 0.576562 0.052734 0.542188 0.052734
0 0.484375 0.111328 0.517188 0.115234 0.517188 0.210938 0.479687 0.207031
0 0.365625 0.347656 0.392188 0.343750 0.389062 0.425781 0.365625 0.425781
0 0.778125 0.097656 0.817187 0.097656 0.817187 0.185547 0.778125 0.185547
2 0.842187 0.152344 0.871875 0.156250 0.867188 0.238281 0.837500 0.236328
0 0.795312 0.214844 0.826562 0.218750 0.823438 0.316406 0.793750 0.316406
0 0.834375 0.271484 0.870313 0.271484 0.871875 0.369141 0.840625 0.373047
0 0.800000 0.335938 0.829688 0.335938 0.829688 0.429688 0.798438 0.425781
0 0.842187 0.398438 0.873437 0.400391 0.873437 0.492188 0.842187 0.492188
0 0.792188 0.476562 0.828125 0.470703 0.832812 0.578125 0.796875 0.580078
0 0.839063 0.511719 0.873437 0.513672 0.873437 0.619141 0.840625 0.615234
2 0.832812 0.638672 0.878125 0.638672 0.878125 0.779297 0.832812 0.779297
0 0.790625 0.675781 0.821875 0.675781 0.821875 0.781250 0.790625 0.781250
0 0.796875 0.804688 0.829688 0.804688 0.831250 0.906250 0.798438 0.906250
0 0.837500 0.798828 0.868750 0.789062 0.882812 0.888672 0.848437 0.896484
0 0.796875 0.925781 0.831250 0.925781 0.831250 1.000000 0.796875 1.000000
0 0.840625 0.910156 0.878125 0.910156 0.878125 1.000000 0.840625 1.000000
0 0.473438 0.826172 0.564063 0.824219 0.567187 0.886719 0.473438 0.886719
0 0.309375 0.695312 0.339062 0.681641 0.360938 0.759766 0.332813 0.773438
0 0.385937 0.656250 0.415625 0.658203 0.403125 0.769531 0.373437 0.763672
0 0.406250 0.751953 0.442188 0.740234 0.464062 0.851562 0.431250 0.861328
0 0.459375 0.718750 0.495312 0.720703 0.500000 0.822266 0.459375 0.820312
0 0.464062 0.617188 0.496875 0.617188 0.496875 0.714844 0.464062 0.714844
0 0.468750 0.484375 0.504687 0.484375 0.504687 0.593750 0.468750 0.593750
2 0.468750 0.339844 0.506250 0.339844 0.506250 0.466797 0.468750 0.466797
0 0.518750 0.367188 0.551562 0.367188 0.554688 0.458984 0.518750 0.462891
0 0.514062 0.542969 0.548438 0.541016 0.548438 0.646484 0.514062 0.648438
0 0.528125 0.691406 0.564063 0.693359 0.554688 0.802734 0.517188 0.792969
0 0.353125 0.453125 0.382812 0.451172 0.385937 0.544922 0.353125 0.542969
2 0.829688 0.000000 0.876563 0.000000 0.876563 0.115234 0.829688 0.115234
0 0.243750 0.427734 0.318750 0.427734 0.318750 0.472656 0.243750 0.472656
0 0.237500 0.486328 0.312500 0.486328 0.312500 0.517578 0.237500 0.517578
