0 0.709375 0.187500 0.787500 0.199219 0.787500 0.232422 0.707812 0.224609
0 0.853125 0.179688 0.935937 0.185547 0.934375 0.222656 0.854688 0.218750
0 0.695312 0.097656 0.782813 0.101562 0.784375 0.148438 0.693750 0.138672
0 0.106250 0.025391 0.176563 0.029297 0.175000 0.072266 0.104688 0.062500
4 0.410938 0.097656 0.507812 0.099609 0.510938 0.148438 0.406250 0.140625
0 0.992188 0.000000 1.000000 0.009766 0.993750 0.093750 0.959375 0.072266
0 0.584375 0.781250 0.676562 0.777344 0.675000 0.826172 0.585938 0.828125
0 0.820312 0.371094 0.909375 0.371094 0.910937 0.417969 0.820312 0.412109
0 0.501563 0.369141 0.584375 0.367188 0.585938 0.410156 0.501563 0.412109
0 0.318750 0.347656 0.404687 0.351562 0.404687 0.394531 0.317188 0.394531
0 0.151562 0.353516 0.232813 0.357422 0.232813 0.398438 0.153125 0.398438
0 0.000000 0.359375 0.073438 0.359375 0.071875 0.404297 0.000000 0.404297
0 0.881250 0.275391 0.971875 0.277344 0.973437 0.328125 0.881250 0.324219
2 0.570312 0.250000 0.864062 0.253906 0.857812 0.320312 0.567187 0.318359
2 0.406250 0.273438 0.512500 0.279297 0.512500 0.328125 0.409375 0.324219
0 0.293750 0.259766 0.368750 0.257812 0.367188 0.298828 0.293750 0.296875
0 0.162500 0.265625 0.248438 0.269531 0.248438 0.304688 0.162500 0.306641
0 0.048438 0.250000 0.132812 0.259766 0.131250 0.296875 0.048438 0.296875
0 0.000000 0.166016 0.057813 0.171875 0.053125 0.212891 0.000000 0.210938
0 0.098437 0.175781 0.178125 0.177734 0.173437 0.220703 0.093750 0.216797
0 0.209375 0.171875 0.290625 0.177734 0.284375 0.222656 0.206250 0.214844
0 0.342187 0.185547 0.428125 0.183594 0.429688 0.224609 0.343750 0.220703
0 0.460938 0.177734 0.542188 0.185547 0.539062 0.234375 0.457813 0.228516
0 0.584375 0.173828 0.662500 0.177734 0.662500 0.224609 0.585938 0.222656
4 0.035937 0.093750 0.140625 0.097656 0.137500 0.144531 0.035937 0.144531
