2 0.028125 0.183594 0.103125 0.240234 0.082812 0.273438 0.009375 0.214844
2 0.662500 0.169922 0.712500 0.177734 0.670312 0.550781 0.623437 0.541016
2 0.064062 0.125000 0.190625 0.214844 0.167187 0.261719 0.040625 0.166016
0 0.867188 0.792969 0.904687 0.791016 0.901563 0.900391 0.865625 0.896484
0 0.893750 0.000000 0.923438 0.000000 0.923438 0.066406 0.892188 0.064453
1 0.110937 0.658203 0.193750 0.677734 0.190625 0.714844 0.107813 0.693359
2 0.231250 0.136719 0.273438 0.140625 0.251563 0.275391 0.209375 0.263672
2 0.081250 0.060547 0.181250 0.121094 0.157812 0.169922 0.062500 0.105469
2 0.118750 0.005859 0.198437 0.052734 0.184375 0.089844 0.103125 0.044922
2 0.001563 0.240234 0.073438 0.291016 0.059375 0.320312 0.000000 0.269531
0 0.842187 0.349609 0.871875 0.345703 0.875000 0.445312 0.842187 0.447266
0 0.714063 0.000000 0.754687 0.000000 0.748437 0.060547 0.712500 0.060547
2 0.162500 0.529297 0.184375 0.548828 0.148438 0.611328 0.126562 0.593750
