0 0.646875 0.281250 0.690625 0.287109 0.685937 0.388672 0.646875 0.382812
0 0.229687 0.080078 0.264062 0.080078 0.265625 0.193359 0.234375 0.193359
0 0.032813 0.408203 0.092188 0.343750 0.112500 0.371094 0.056250 0.439453
0 0.628125 0.531250 0.668750 0.537109 0.665625 0.640625 0.629687 0.640625
4 0.028125 0.488281 0.054688 0.460938 0.098437 0.533203 0.073438 0.562500
1 0.253125 0.480469 0.309375 0.484375 0.310937 0.841797 0.254688 0.841797
0 0.048438 0.185547 0.123438 0.255859 0.101562 0.291016 0.028125 0.226562
0 0.190625 0.767578 0.231250 0.771484 0.228125 0.878906 0.189062 0.878906
0 0.418750 0.832031 0.450000 0.833984 0.451562 0.929688 0.417187 0.931641
0 0.751563 0.699219 0.795312 0.699219 0.795312 0.808594 0.753125 0.808594
