4 0.092188 0.628906 0.167187 0.628906 0.167187 0.671875 0.092188 0.671875
0 0.814063 0.542969 0.871875 0.546875 0.875000 0.583984 0.810937 0.580078
0 0.176563 0.445312 0.259375 0.445312 0.259375 0.478516 0.176563 0.478516
0 0.000000 0.378906 0.076563 0.378906 0.076563 0.416016 0.000000 0.416016
0 0.853125 0.464844 0.929688 0.464844 0.929688 0.505859 0.853125 0.505859
0 0.654687 0.546875 0.743750 0.546875 0.740625 0.589844 0.653125 0.587891
0 0.509375 0.546875 0.590625 0.548828 0.589063 0.587891 0.507812 0.583984
0 0.379688 0.535156 0.448437 0.539062 0.448437 0.580078 0.378125 0.570312
0 0.406250 0.736328 0.495312 0.736328 0.495312 0.785156 0.406250 0.785156
0 0.000000 0.773438 0.062500 0.773438 0.062500 0.820312 0.000000 0.820312
0 0.226562 0.539062 0.307812 0.542969 0.303125 0.589844 0.225000 0.585938
0 0.940625 0.849609 1.000000 0.849609 1.000000 0.900391 0.940625 0.900391
0 0.409375 0.396484 0.490625 0.394531 0.490625 0.437500 0.409375 0.435547
1 0.429688 0.445312 0.700000 0.443359 0.700000 0.505859 0.429688 0.505859
4 0.951562 0.542969 1.000000 0.542969 1.000000 0.582031 0.951562 0.582031
4 0.370312 0.820312 0.460938 0.820312 0.460938 0.861328 0.370312 0.861328
4 0.000000 0.542969 0.075000 0.542969 0.075000 0.585938 0.000000 0.585938
