0 0.276562 0.367188 0.350000 0.330078 0.362500 0.359375 0.289062 0.398438
0 0.273438 0.312500 0.342187 0.269531 0.353125 0.296875 0.289062 0.339844
0 0.268750 0.257812 0.334375 0.218750 0.346875 0.250000 0.282813 0.289062
0 0.275000 0.107422 0.351562 0.111328 0.351562 0.148438 0.275000 0.142578
0 0.178125 0.187500 0.246875 0.195312 0.246875 0.220703 0.179688 0.212891
0 0.778125 0.000000 0.812500 0.000000 0.812500 0.060547 0.776563 0.062500
0 0.965625 0.607422 1.000000 0.630859 1.000000 0.662109 0.953125 0.630859
0 0.684375 0.076172 0.762500 0.074219 0.762500 0.117188 0.685937 0.121094
0 0.579688 0.078125 0.659375 0.078125 0.654687 0.115234 0.581250 0.121094
0 0.501563 0.082031 0.571875 0.078125 0.573438 0.113281 0.509375 0.123047
0 0.437500 0.095703 0.496875 0.037109 0.515625 0.062500 0.459375 0.121094
0 0.329688 0.000000 0.356250 0.000000 0.356250 0.033203 0.331250 0.031250
0 0.412500 0.000000 0.440625 0.003906 0.443750 0.076172 0.412500 0.070312
0 0.470313 0.207031 0.579688 0.201172 0.584375 0.246094 0.482812 0.265625
0 0.671875 0.191406 0.754687 0.193359 0.757812 0.228516 0.671875 0.226562
0 0.820312 0.228516 0.873437 0.230469 0.873437 0.263672 0.825000 0.267578
0 0.940625 0.072266 1.000000 0.050781 1.000000 0.087891 0.950000 0.115234
0 0.979688 0.380859 1.000000 0.437500 1.000000 0.460938 0.962500 0.414062
0 0.959375 0.500000 0.993750 0.500000 0.993750 0.597656 0.962500 0.593750
0 0.445312 0.939453 0.481250 0.937500 0.484375 1.000000 0.445312 1.000000
0 0.450000 0.734375 0.481250 0.720703 0.475000 0.812500 0.450000 0.810547
0 0.445312 0.599609 0.476562 0.595703 0.475000 0.701172 0.443750 0.693359
0 0.268750 0.941406 0.337500 0.884766 0.353125 0.916016 0.285938 0.968750
0 0.267188 0.878906 0.332813 0.833984 0.343750 0.861328 0.281250 0.910156
0 0.264062 0.800781 0.345313 0.753906 0.357812 0.781250 0.293750 0.833984
0 0.262500 0.734375 0.346875 0.689453 0.359375 0.718750 0.281250 0.767578
0 0.275000 0.548828 0.346875 0.511719 0.359375 0.539062 0.285938 0.580078
0 0.275000 0.480469 0.339062 0.453125 0.351562 0.482422 0.284375 0.515625
0 0.276562 0.423828 0.346875 0.388672 0.359375 0.419922 0.290625 0.455078
