0 0.426563 0.230469 0.473438 0.273438 0.456250 0.304688 0.406250 0.259766
0 0.431250 0.201172 0.482812 0.238281 0.468750 0.265625 0.415625 0.236328
0 0.373437 0.406250 0.393750 0.394531 0.425000 0.449219 0.404687 0.462891
0 0.392188 0.392578 0.414062 0.384766 0.446875 0.431641 0.431250 0.447266
0 0.348438 0.162109 0.393750 0.207031 0.376563 0.228516 0.335938 0.185547
0 0.321875 0.625000 0.367188 0.681641 0.340625 0.707031 0.301563 0.652344
0 0.218750 0.966797 0.262500 1.000000 0.239063 1.000000 0.196875 0.994141
0 0.207813 0.941406 0.231250 0.914062 0.281250 0.958984 0.256250 0.992188
0 0.239063 0.869141 0.298438 0.894531 0.285938 0.933594 0.223438 0.910156
0 0.242188 0.832031 0.264062 0.804688 0.301563 0.855469 0.282813 0.880859
0 0.265625 0.783203 0.285938 0.757812 0.329688 0.812500 0.304688 0.835938
0 0.237500 0.535156 0.285938 0.494141 0.304688 0.523438 0.253125 0.562500
0 0.243750 0.494141 0.290625 0.464844 0.304688 0.486328 0.254688 0.523438
0 0.375000 0.435547 0.420312 0.478516 0.400000 0.509766 0.359375 0.468750
0 0.265625 0.445312 0.312500 0.416016 0.325000 0.445312 0.275000 0.474609
0 0.267188 0.414062 0.312500 0.380859 0.328125 0.412109 0.279687 0.437500
0 0.728125 0.529297 0.756250 0.535156 0.745313 0.611328 0.717187 0.597656
0 0.790625 0.941406 0.821875 0.943359 0.814063 1.000000 0.781250 1.000000
0 0.828125 0.626953 0.856250 0.634766 0.853125 0.703125 0.823438 0.697266
0 0.834375 0.560547 0.862500 0.562500 0.862500 0.634766 0.832812 0.632812
0 0.784375 0.429688 0.814063 0.437500 0.804688 0.498047 0.776563 0.492188
0 0.854688 0.421875 0.882812 0.427734 0.878125 0.488281 0.848437 0.484375
0 0.859375 0.357422 0.887500 0.367188 0.878125 0.419922 0.851562 0.414062
0 0.870313 0.277344 0.898438 0.285156 0.890625 0.345703 0.860938 0.339844
0 0.873437 0.177734 0.903125 0.185547 0.901563 0.250000 0.870313 0.246094
0 0.553125 0.025391 0.579688 0.033203 0.568750 0.093750 0.539062 0.082031
