0 0.576562 0.273438 0.607812 0.279297 0.600000 0.375000 0.564063 0.365234
0 0.431250 0.103516 0.489063 0.164062 0.468750 0.193359 0.412500 0.130859
0 0.364063 0.031250 0.421875 0.089844 0.398438 0.117188 0.343750 0.062500
0 0.079687 0.662109 0.101562 0.636719 0.156250 0.701172 0.128125 0.726562
0 0.012500 0.539062 0.068750 0.609375 0.048438 0.632812 0.000000 0.562500
0 0.948438 0.570312 1.000000 0.630859 0.982812 0.664062 0.928125 0.601562
0 0.762500 0.437500 0.831250 0.509766 0.810937 0.537109 0.743750 0.468750
0 0.850000 0.525391 0.925000 0.599609 0.904687 0.632812 0.831250 0.562500
0 0.670312 0.363281 0.696875 0.369141 0.684375 0.470703 0.653125 0.464844
0 0.029687 0.820312 0.093750 0.890625 0.073438 0.917969 0.010937 0.855469
0 0.615625 0.294922 0.646875 0.296875 0.642188 0.398438 0.607812 0.394531
0 0.537500 0.230469 0.565625 0.232422 0.559375 0.330078 0.528125 0.326172
0 0.118750 0.921875 0.181250 0.992188 0.159375 1.000000 0.103125 0.953125
0 0.243750 0.859375 0.273438 0.828125 0.343750 0.904297 0.318750 0.939453
0 0.920312 0.861328 0.964063 0.865234 0.948438 0.982422 0.906250 0.978516
0 0.973437 0.796875 1.000000 0.794922 1.000000 0.902344 0.975000 0.902344
0 0.140625 0.736328 0.162500 0.710938 0.228125 0.777344 0.203125 0.808594
