2 0.170313 0.466797 0.296875 0.427734 0.312500 0.490234 0.184375 0.529297
2 0.000000 0.062500 0.037500 0.044922 0.062500 0.146484 0.015625 0.154297
2 0.590625 0.000000 0.632812 0.000000 0.667188 0.037109 0.621875 0.060547
2 0.542188 0.000000 0.581250 0.000000 0.612500 0.054688 0.573438 0.074219
2 0.434375 0.000000 0.481250 0.000000 0.532813 0.072266 0.489063 0.099609
2 0.696875 0.064453 0.742188 0.039062 0.790625 0.130859 0.742188 0.158203
2 0.626563 0.060547 0.671875 0.044922 0.731250 0.142578 0.684375 0.162109
2 0.573438 0.080078 0.620313 0.064453 0.681250 0.160156 0.628125 0.183594
2 0.496875 0.105469 0.540625 0.082031 0.598437 0.185547 0.551562 0.207031
2 0.439063 0.123047 0.484375 0.105469 0.543750 0.203125 0.496875 0.228516
2 0.390625 0.148438 0.435937 0.130859 0.485938 0.220703 0.442188 0.244141
2 0.345313 0.164062 0.384375 0.142578 0.434375 0.236328 0.390625 0.265625
2 0.287500 0.177734 0.332813 0.154297 0.376563 0.261719 0.334375 0.285156
2 0.239063 0.208984 0.284375 0.189453 0.329688 0.291016 0.287500 0.306641
2 0.187500 0.226562 0.229687 0.205078 0.265625 0.310547 0.232813 0.333984
2 0.046875 0.146484 0.092188 0.123047 0.121875 0.230469 0.079687 0.253906
2 0.142187 0.103516 0.195312 0.085938 0.221875 0.199219 0.184375 0.210938
2 0.009375 0.283203 0.029687 0.400391 0.000000 0.412109 0.000000 0.298828
2 0.200000 0.087891 0.243750 0.072266 0.278125 0.171875 0.234375 0.187500
2 0.242188 0.074219 0.282813 0.054688 0.343750 0.142578 0.296875 0.171875
2 0.173437 0.003906 0.214062 0.000000 0.246875 0.060547 0.200000 0.080078
2 0.134375 0.015625 0.171875 0.000000 0.206250 0.082031 0.164062 0.097656
2 0.048438 0.621094 0.187500 0.554688 0.210938 0.621094 0.075000 0.681641
2 0.039062 0.568359 0.168750 0.513672 0.192188 0.572266 0.054688 0.628906
2 0.343750 0.353516 0.387500 0.324219 0.451562 0.441406 0.404687 0.470703
2 0.403125 0.337891 0.446875 0.316406 0.506250 0.423828 0.468750 0.445312
2 0.346875 0.626953 0.395313 0.591797 0.473438 0.736328 0.418750 0.765625
2 0.000000 0.167969 0.032813 0.148438 0.060937 0.248047 0.023438 0.265625
2 0.281250 0.646484 0.328125 0.621094 0.404687 0.777344 0.351562 0.800781
2 0.215625 0.677734 0.275000 0.646484 0.339062 0.806641 0.276562 0.839844
2 0.148438 0.701172 0.207813 0.675781 0.273438 0.841797 0.209375 0.865234
2 0.103125 0.759766 0.150000 0.736328 0.201563 0.892578 0.151562 0.919922
2 0.000000 0.822266 0.068750 0.781250 0.090625 0.867188 0.000000 0.914062
2 0.000000 0.753906 0.059375 0.718750 0.076563 0.783203 0.000000 0.820312
2 0.215625 0.900391 0.289062 0.869141 0.329688 1.000000 0.262500 1.000000
2 0.296875 0.865234 0.351562 0.841797 0.409375 0.996094 0.356250 1.000000
2 0.359375 0.830078 0.421875 0.796875 0.500000 0.976562 0.442188 1.000000
2 0.481250 0.890625 0.539062 0.863281 0.618750 1.000000 0.550000 1.000000
2 0.556250 0.882812 0.610938 0.853516 0.687500 0.992188 0.625000 1.000000
2 0.079687 0.031250 0.118750 0.007812 0.157812 0.093750 0.115625 0.117188
2 0.042188 0.041016 0.081250 0.031250 0.109375 0.115234 0.067187 0.130859
2 0.612500 0.851562 0.671875 0.822266 0.750000 0.949219 0.689063 0.992188
2 0.673438 0.824219 0.717187 0.792969 0.796875 0.916016 0.756250 0.951172
2 0.885938 0.791016 0.929688 0.765625 1.000000 0.892578 0.970313 0.929688
2 0.870313 0.656250 0.912500 0.636719 0.989062 0.744141 0.950000 0.779297
2 0.918750 0.621094 0.954688 0.597656 1.000000 0.720703 1.000000 0.753906
2 0.343750 0.496094 0.468750 0.429688 0.503125 0.498047 0.370312 0.568359
2 0.745313 0.423828 0.854688 0.361328 0.892188 0.419922 0.776563 0.486328
2 0.882812 0.365234 0.985938 0.310547 1.000000 0.367188 0.909375 0.419922
2 0.903125 0.289062 1.000000 0.236328 1.000000 0.310547 0.926562 0.343750
0 0.546875 0.337891 0.592187 0.322266 0.629687 0.423828 0.590625 0.433594
0 0.476562 0.332031 0.512500 0.314453 0.551562 0.380859 0.515625 0.402344
0 0.514062 0.591797 0.560937 0.576172 0.596875 0.660156 0.554688 0.681641
2 0.410938 0.601562 0.453125 0.578125 0.521875 0.724609 0.471875 0.744141
2 0.076563 0.257812 0.120313 0.240234 0.150000 0.347656 0.110937 0.367188
2 0.023438 0.279297 0.062500 0.255859 0.093750 0.367188 0.059375 0.386719
2 0.131250 0.238281 0.171875 0.220703 0.207813 0.332031 0.164062 0.347656
2 0.175000 0.417969 0.290625 0.382812 0.296875 0.449219 0.176563 0.470703
