4 0.357812 0.843750 0.442188 0.845703 0.442188 0.896484 0.359375 0.898438
0 0.942187 0.798828 1.000000 0.796875 1.000000 0.835938 0.948438 0.845703
0 0.942187 0.765625 1.000000 0.753906 1.000000 0.792969 0.950000 0.804688
0 0.939063 0.726562 1.000000 0.730469 1.000000 0.761719 0.943750 0.761719
0 0.935937 0.691406 1.000000 0.691406 1.000000 0.726562 0.939063 0.730469
0 0.929688 0.644531 1.000000 0.638672 1.000000 0.671875 0.934375 0.679688
0 0.926562 0.617188 0.993750 0.605469 0.998437 0.638672 0.934375 0.648438
0 0.920312 0.572266 0.982812 0.576172 0.985938 0.607422 0.923438 0.611328
0 0.910937 0.546875 0.967187 0.542969 0.970313 0.576172 0.915625 0.576172
0 0.907813 0.509766 0.968750 0.503906 0.973437 0.537109 0.914062 0.548828
0 0.890625 0.462891 0.959375 0.457031 0.964063 0.490234 0.898438 0.496094
0 0.814063 0.343750 0.845313 0.337891 0.853125 0.400391 0.821875 0.400391
0 0.765625 0.324219 0.798438 0.316406 0.815625 0.378906 0.782813 0.390625
0 0.734375 0.490234 0.804688 0.490234 0.807813 0.527344 0.735938 0.523438
4 0.739062 0.433594 0.789062 0.431641 0.789062 0.468750 0.737500 0.470703
0 0.751563 0.634766 0.814063 0.636719 0.814063 0.667969 0.750000 0.664062
0 0.739062 0.664062 0.809375 0.669922 0.812500 0.693359 0.740625 0.693359
0 0.746875 0.695312 0.826562 0.689453 0.826562 0.734375 0.748437 0.736328
0 0.781250 0.863281 0.848437 0.865234 0.846875 0.890625 0.782813 0.892578
0 0.785937 0.900391 0.854688 0.894531 0.856250 0.933594 0.785937 0.933594
0 0.792188 0.937500 0.860938 0.933594 0.862500 0.976562 0.790625 0.976562
0 0.795312 0.980469 0.873437 0.976562 0.873437 1.000000 0.795312 1.000000
0 0.364063 0.808594 0.442188 0.812500 0.442188 0.845703 0.365625 0.843750
0 0.171875 0.941406 0.248438 0.941406 0.250000 0.986328 0.173437 0.984375
0 0.365625 0.769531 0.439063 0.771484 0.440625 0.814453 0.364063 0.816406
0 0.182812 0.732422 0.253125 0.730469 0.253125 0.775391 0.181250 0.773438
0 0.181250 0.636719 0.253125 0.628906 0.253125 0.673828 0.182812 0.675781
0 0.367188 0.703125 0.435937 0.699219 0.435937 0.742188 0.365625 0.740234
0 0.367188 0.648438 0.435937 0.650391 0.435937 0.691406 0.368750 0.685547
0 0.376563 0.613281 0.445312 0.617188 0.445312 0.646484 0.376563 0.648438
0 0.378125 0.572266 0.442188 0.574219 0.442188 0.613281 0.376563 0.613281
0 0.195312 0.525391 0.267188 0.519531 0.265625 0.552734 0.195312 0.554688
0 0.371875 0.511719 0.443750 0.507812 0.442188 0.552734 0.370312 0.550781
0 0.379688 0.441406 0.440625 0.441406 0.440625 0.476562 0.378125 0.476562
0 0.376563 0.410156 0.435937 0.404297 0.435937 0.437500 0.378125 0.437500
0 0.379688 0.371094 0.445312 0.376953 0.446875 0.406250 0.379688 0.406250
0 0.381250 0.353516 0.442188 0.347656 0.440625 0.376953 0.382812 0.376953
4 0.385937 0.318359 0.443750 0.322266 0.442188 0.353516 0.385937 0.351562
0 0.226562 0.324219 0.290625 0.320312 0.290625 0.363281 0.226562 0.361328
