0 0.876563 0.962891 0.910937 0.921875 0.981250 0.988281 0.959375 1.000000
0 0.671875 0.742188 0.707812 0.699219 0.776563 0.787109 0.739062 0.832031
0 0.590625 0.287109 0.625000 0.251953 0.690625 0.316406 0.660937 0.347656
0 0.639062 0.101562 0.675000 0.132812 0.634375 0.187500 0.596875 0.160156
0 0.646875 0.101562 0.696875 0.046875 0.732812 0.068359 0.681250 0.126953
0 0.721875 0.041016 0.765625 0.000000 0.793750 0.011719 0.746875 0.062500
0 0.567187 0.013672 0.612500 0.000000 0.646875 0.000000 0.601562 0.042969
0 0.548438 0.021484 0.589063 0.056641 0.525000 0.113281 0.495312 0.093750
0 0.743750 0.402344 0.771875 0.371094 0.837500 0.427734 0.815625 0.457031
0 0.859375 0.433594 0.918750 0.482422 0.900000 0.517578 0.834375 0.468750
0 0.918750 0.537109 0.946875 0.503906 1.000000 0.564453 0.996875 0.603516
0 0.795312 0.478516 0.881250 0.535156 0.846875 0.585938 0.775000 0.519531
0 0.932813 0.847656 1.000000 0.929688 0.990625 0.974609 0.901563 0.888672
0 0.785937 0.796875 0.864062 0.871094 0.840625 0.921875 0.762500 0.843750
