0 0.878125 0.031250 0.946875 0.031250 0.946875 0.064453 0.878125 0.064453
0 0.950000 0.945312 1.000000 0.945312 1.000000 0.984375 0.950000 0.984375
0 0.950000 0.888672 1.000000 0.888672 1.000000 0.931641 0.950000 0.931641
0 0.929688 0.833984 1.000000 0.833984 1.000000 0.876953 0.929688 0.876953
0 0.710938 0.982422 0.795312 0.982422 0.795312 1.000000 0.710938 1.000000
0 0.703125 0.925781 0.790625 0.925781 0.790625 0.966797 0.703125 0.966797
0 0.695312 0.869141 0.778125 0.855469 0.782813 0.892578 0.701562 0.904297
0 0.806250 0.908203 0.845313 0.908203 0.845313 1.000000 0.806250 1.000000
0 0.796875 0.775391 0.834375 0.775391 0.834375 0.878906 0.796875 0.878906
0 0.695312 0.814453 0.779687 0.804688 0.784375 0.837891 0.701562 0.851562
0 0.689063 0.755859 0.765625 0.755859 0.765625 0.794922 0.689063 0.794922
0 0.693750 0.697266 0.773438 0.697266 0.773438 0.744141 0.693750 0.744141
0 0.707812 0.085938 0.782813 0.095703 0.775000 0.130859 0.706250 0.121094
0 0.718750 0.041016 0.787500 0.060547 0.782813 0.095703 0.714063 0.074219
0 0.856250 0.140625 0.926562 0.140625 0.926562 0.175781 0.856250 0.175781
0 0.721875 0.003906 0.790625 0.021484 0.784375 0.052734 0.715625 0.035156
0 0.859375 0.099609 0.917188 0.111328 0.914062 0.146484 0.851562 0.132812
0 0.873437 0.068359 0.940625 0.068359 0.940625 0.101562 0.873437 0.101562
0 0.703125 0.121094 0.775000 0.134766 0.773438 0.167969 0.701562 0.152344
0 0.676562 0.617188 0.750000 0.617188 0.750000 0.652344 0.676562 0.652344
0 0.673438 0.546875 0.745313 0.546875 0.745313 0.587891 0.673438 0.587891
0 0.678125 0.501953 0.745313 0.501953 0.745313 0.537109 0.678125 0.537109
0 0.673438 0.449219 0.740625 0.449219 0.740625 0.490234 0.673438 0.490234
0 0.673438 0.408203 0.745313 0.408203 0.745313 0.447266 0.673438 0.447266
0 0.673438 0.363281 0.753125 0.363281 0.753125 0.406250 0.673438 0.406250
0 0.685937 0.306641 0.760938 0.322266 0.757812 0.353516 0.681250 0.343750
0 0.854688 0.345703 0.934375 0.361328 0.929688 0.398438 0.850000 0.386719
0 0.698438 0.234375 0.760938 0.251953 0.756250 0.285156 0.692187 0.271484
0 0.695312 0.195312 0.767188 0.205078 0.762500 0.244141 0.692187 0.226562
0 0.701562 0.158203 0.770312 0.173828 0.765625 0.205078 0.695312 0.185547
0 0.843750 0.185547 0.918750 0.185547 0.918750 0.222656 0.843750 0.222656
