0 0.651563 0.759766 0.743750 0.744141 0.751563 0.791016 0.660937 0.808594
0 0.475000 0.582031 0.548438 0.634766 0.531250 0.673828 0.453125 0.630859
0 0.267188 0.005859 0.293750 0.000000 0.357812 0.021484 0.337500 0.066406
0 0.206250 0.007812 0.235937 0.000000 0.296875 0.044922 0.271875 0.080078
0 0.181250 0.000000 0.245312 0.058594 0.223438 0.091797 0.162500 0.033203
0 0.028125 0.066406 0.110937 0.046875 0.118750 0.107422 0.031250 0.117188
0 0.201563 0.158203 0.229687 0.167969 0.200000 0.265625 0.168750 0.255859
0 0.150000 0.675781 0.215625 0.736328 0.195312 0.777344 0.128125 0.714844
0 0.778125 0.582031 0.857812 0.533203 0.871875 0.568359 0.795312 0.625000
0 0.214062 0.642578 0.279687 0.703125 0.259375 0.744141 0.193750 0.677734
2 0.526563 0.544922 0.634375 0.578125 0.618750 0.634766 0.509375 0.603516
0 0.254688 0.662109 0.284375 0.628906 0.359375 0.691406 0.339062 0.736328
0 0.653125 0.830078 0.753125 0.804688 0.757812 0.845703 0.668750 0.871094
