0 0.242188 0.751953 0.298438 0.722656 0.307812 0.755859 0.256250 0.785156
0 0.168750 0.699219 0.203125 0.673828 0.220312 0.695312 0.184375 0.722656
0 0.575000 0.916016 0.635938 0.935547 0.629687 0.966797 0.568750 0.949219
0 0.178125 0.824219 0.220312 0.775391 0.237500 0.792969 0.195312 0.843750
0 0.114062 0.712891 0.134375 0.697266 0.157812 0.748047 0.132812 0.763672
0 0.589063 0.966797 0.650000 0.986328 0.643750 1.000000 0.582812 1.000000
0 0.304688 0.601562 0.321875 0.585938 0.353125 0.634766 0.332813 0.652344
0 0.350000 0.585938 0.367188 0.570312 0.398438 0.619141 0.378125 0.636719
0 0.385937 0.580078 0.403125 0.564453 0.434375 0.613281 0.414062 0.630859
0 0.417187 0.554688 0.434375 0.539062 0.465625 0.587891 0.445312 0.605469
0 0.506250 0.822266 0.567187 0.841797 0.560937 0.873047 0.500000 0.855469
0 0.489063 0.777344 0.550000 0.796875 0.543750 0.828125 0.482812 0.810547
0 0.453125 0.732422 0.514062 0.751953 0.507812 0.783203 0.446875 0.765625
0 0.226562 0.654297 0.282813 0.626953 0.298438 0.654297 0.240625 0.689453
0 0.587500 0.710938 0.606250 0.714844 0.593750 0.769531 0.570312 0.763672
0 0.604688 0.800781 0.621875 0.785156 0.653125 0.833984 0.632812 0.851562
0 0.515625 0.656250 0.532813 0.640625 0.564063 0.689453 0.543750 0.707031
0 0.453125 0.615234 0.470313 0.599609 0.501563 0.648438 0.481250 0.666016
0 0.612500 0.263672 0.656250 0.236328 0.668750 0.257812 0.625000 0.285156
0 0.600000 0.248047 0.643750 0.220703 0.656250 0.242188 0.612500 0.269531
0 0.581250 0.232422 0.625000 0.205078 0.637500 0.226562 0.593750 0.253906
0 0.417187 0.689453 0.478125 0.708984 0.471875 0.740234 0.410938 0.722656
0 0.546875 0.873047 0.607812 0.892578 0.601562 0.923828 0.540625 0.906250
0 0.298438 0.957031 0.332813 0.960938 0.307812 1.000000 0.271875 1.000000
0 0.245312 0.873047 0.279687 0.876953 0.254688 0.953125 0.218750 0.947266
0 0.320312 0.708984 0.371875 0.681641 0.381250 0.705078 0.331250 0.736328
