2 0.028125 0.066406 0.062500 0.072266 0.053125 0.152344 0.010937 0.150391
2 0.295312 0.367188 0.428125 0.376953 0.426563 0.437500 0.295312 0.431641
2 0.287500 0.650391 0.687500 0.607422 0.706250 0.722656 0.296875 0.787109
2 0.371875 0.748047 0.779687 0.687500 0.787500 0.791016 0.376563 0.841797
0 0.496875 0.832031 0.596875 0.828125 0.600000 0.890625 0.496875 0.888672
0 0.362500 0.263672 0.451562 0.261719 0.448437 0.298828 0.367188 0.302734
0 0.384375 0.203125 0.475000 0.203125 0.478125 0.242188 0.384375 0.244141
0 0.546875 0.201172 0.614062 0.205078 0.615625 0.250000 0.546875 0.246094
0 0.321875 0.322266 0.410938 0.324219 0.412500 0.376953 0.321875 0.375000
4 0.062500 0.177734 0.089063 0.177734 0.079687 0.248047 0.051562 0.246094
0 0.271875 0.001953 0.343750 0.003906 0.345313 0.037109 0.271875 0.048828
2 0.265625 0.070312 0.345313 0.041016 0.356250 0.070312 0.275000 0.101562
