0 0.640625 0.457031 0.703125 0.455078 0.704688 0.496094 0.640625 0.498047
0 0.528125 0.445312 0.559375 0.443359 0.556250 0.513672 0.526563 0.511719
0 0.723437 0.326172 0.779687 0.326172 0.781250 0.357422 0.723437 0.359375
4 0.509375 0.298828 0.568750 0.298828 0.571875 0.335938 0.510938 0.337891
0 0.640625 0.125000 0.664062 0.125000 0.668750 0.169922 0.645312 0.167969
0 0.609375 0.042969 0.634375 0.044922 0.635938 0.087891 0.609375 0.087891
4 0.548438 0.914062 0.573438 0.912109 0.578125 0.994141 0.551562 0.996094
4 0.045312 0.324219 0.101562 0.314453 0.103125 0.351562 0.042188 0.359375
0 0.010937 0.289062 0.039062 0.291016 0.028125 0.347656 0.000000 0.341797
0 0.000000 0.542969 0.023438 0.541016 0.018750 0.607422 0.000000 0.603516
0 0.053125 0.916016 0.123438 0.917969 0.120313 0.962891 0.046875 0.957031
0 0.050000 0.876953 0.121875 0.873047 0.125000 0.912109 0.053125 0.919922
0 0.068750 0.830078 0.140625 0.833984 0.137500 0.873047 0.064062 0.867188
0 0.075000 0.740234 0.143750 0.736328 0.145313 0.777344 0.075000 0.787109
2 0.079687 0.654297 0.162500 0.650391 0.159375 0.693359 0.078125 0.697266
4 0.082812 0.550781 0.142187 0.546875 0.142187 0.585938 0.082812 0.589844
0 0.106250 0.515625 0.159375 0.513672 0.157812 0.542969 0.104688 0.542969
0 0.175000 0.384766 0.231250 0.386719 0.229687 0.416016 0.173437 0.416016
0 0.120313 0.314453 0.182812 0.314453 0.181250 0.349609 0.115625 0.351562
0 0.609375 0.767578 0.671875 0.767578 0.671875 0.806641 0.609375 0.806641
0 0.907813 0.972656 0.937500 0.968750 0.937500 1.000000 0.912500 1.000000
0 0.520312 0.521484 0.548438 0.517578 0.551562 0.587891 0.523438 0.591797
0 0.523438 0.593750 0.554688 0.591797 0.557813 0.656250 0.526563 0.658203
0 0.645312 0.576172 0.720313 0.572266 0.726562 0.607422 0.648438 0.613281
0 0.642188 0.541016 0.710938 0.531250 0.714063 0.566406 0.646875 0.574219
0 0.659375 0.496094 0.714063 0.500000 0.715625 0.531250 0.659375 0.529297
