0 0.012500 0.601562 0.067187 0.691406 0.034375 0.720703 0.000000 0.626953
0 0.375000 0.642578 0.401562 0.666016 0.348438 0.746094 0.325000 0.720703
0 0.410938 0.707031 0.443750 0.728516 0.390625 0.833984 0.356250 0.810547
0 0.267188 0.701172 0.296875 0.679688 0.350000 0.769531 0.318750 0.796875
0 0.225000 0.757812 0.260937 0.732422 0.312500 0.839844 0.281250 0.871094
0 0.162500 0.810547 0.195312 0.777344 0.257812 0.890625 0.217188 0.925781
0 0.112500 0.849609 0.145313 0.816406 0.206250 0.921875 0.173437 0.953125
0 0.056250 0.884766 0.090625 0.855469 0.153125 0.957031 0.120313 0.990234
0 0.003125 0.941406 0.035937 0.900391 0.098437 1.000000 0.059375 1.000000
0 0.457813 0.830078 0.481250 0.810547 0.518750 0.894531 0.495312 0.917969
0 0.531250 0.951172 0.554688 0.925781 0.590625 1.000000 0.562500 1.000000
0 0.532813 0.470703 0.612500 0.400391 0.631250 0.433594 0.554688 0.498047
0 0.450000 0.533203 0.525000 0.468750 0.543750 0.503906 0.475000 0.570312
0 0.568750 0.517578 0.632812 0.457031 0.651563 0.488281 0.587500 0.550781
0 0.476562 0.597656 0.551562 0.525391 0.573438 0.556641 0.500000 0.630859
0 0.592187 0.562500 0.670312 0.496094 0.690625 0.535156 0.614062 0.597656
0 0.507812 0.652344 0.584375 0.580078 0.606250 0.613281 0.531250 0.685547
0 0.628125 0.621094 0.700000 0.552734 0.718750 0.589844 0.646875 0.654297
0 0.546875 0.705078 0.618750 0.632812 0.642188 0.666016 0.567187 0.734375
0 0.657813 0.667969 0.731250 0.605469 0.754687 0.642578 0.682813 0.705078
0 0.581250 0.742188 0.648438 0.685547 0.665625 0.724609 0.600000 0.781250
0 0.690625 0.720703 0.754687 0.662109 0.779687 0.699219 0.710938 0.755859
0 0.601562 0.804688 0.681250 0.730469 0.700000 0.771484 0.623437 0.841797
0 0.712500 0.785156 0.785937 0.720703 0.810937 0.759766 0.740625 0.820312
0 0.629687 0.871094 0.692187 0.800781 0.715625 0.832031 0.654687 0.898438
0 0.754687 0.835938 0.832812 0.777344 0.853125 0.808594 0.775000 0.876953
0 0.660937 0.910156 0.739062 0.847656 0.759375 0.888672 0.681250 0.949219
0 0.795312 0.900391 0.875000 0.830078 0.895312 0.867188 0.815625 0.935547
0 0.695312 0.964844 0.762500 0.902344 0.781250 0.939453 0.721875 0.996094
1 0.839063 0.980469 0.942187 0.884766 0.973437 0.937500 0.865625 1.000000
0 0.728125 1.000000 0.800000 0.955078 0.820312 0.996094 0.743750 1.000000
0 0.937500 0.126953 1.000000 0.169922 0.990625 0.214844 0.920312 0.166016
0 0.881250 0.195312 0.959375 0.240234 0.946875 0.281250 0.868750 0.236328
0 0.817187 0.232422 0.896875 0.292969 0.881250 0.332031 0.800000 0.267578
0 0.762500 0.263672 0.826562 0.316406 0.809375 0.349609 0.742188 0.296875
0 0.812500 0.375000 0.893750 0.314453 0.912500 0.353516 0.831250 0.421875
0 0.854688 0.425781 0.925000 0.371094 0.945312 0.402344 0.876563 0.464844
0 0.887500 0.474609 0.957812 0.414062 0.975000 0.445312 0.909375 0.511719
0 0.914062 0.527344 0.992188 0.464844 1.000000 0.503906 0.935937 0.570312
0 0.940625 0.582031 1.000000 0.533203 1.000000 0.570312 0.962500 0.623047
0 0.576562 0.027344 0.656250 0.000000 0.681250 0.000000 0.601562 0.062500
0 0.637500 0.058594 0.703125 0.009766 0.717187 0.035156 0.651563 0.089844
0 0.656250 0.115234 0.739062 0.056641 0.756250 0.093750 0.673438 0.152344
0 0.670312 0.169922 0.743750 0.117188 0.760938 0.154297 0.687500 0.205078
0 0.398438 0.175781 0.468750 0.121094 0.485938 0.156250 0.409375 0.207031
0 0.418750 0.228516 0.482812 0.181641 0.500000 0.212891 0.432812 0.259766
0 0.454688 0.363281 0.525000 0.289062 0.543750 0.316406 0.470313 0.386719
0 0.432812 0.300781 0.510938 0.226562 0.532813 0.261719 0.450000 0.332031
0 0.375000 0.314453 0.404687 0.300781 0.429688 0.400391 0.400000 0.417969
0 0.304688 0.357422 0.328125 0.333984 0.379688 0.410156 0.356250 0.435547
0 0.209375 0.435547 0.237500 0.410156 0.284375 0.494141 0.262500 0.519531
0 0.112500 0.494141 0.140625 0.468750 0.187500 0.564453 0.159375 0.589844
0 0.034375 0.603516 0.057813 0.574219 0.106250 0.636719 0.079687 0.667969
0 0.232813 0.666016 0.314063 0.603516 0.329688 0.644531 0.251563 0.699219
