2 0.665625 0.011719 0.867188 0.000000 0.871875 0.027344 0.670312 0.052734
0 0.048438 0.156250 0.071875 0.156250 0.071875 0.208984 0.046875 0.208984
0 0.057813 0.097656 0.082812 0.099609 0.075000 0.148438 0.050000 0.146484
0 0.062500 0.042969 0.085938 0.042969 0.082812 0.087891 0.059375 0.087891
0 0.068750 0.000000 0.095312 0.000000 0.089063 0.042969 0.062500 0.039062
0 0.220312 0.197266 0.246875 0.195312 0.245312 0.250000 0.220312 0.251953
0 0.235937 0.126953 0.260937 0.126953 0.259375 0.177734 0.232813 0.177734
0 0.232813 0.949219 0.259375 0.947266 0.264062 1.000000 0.235937 1.000000
0 0.754687 0.783203 0.821875 0.783203 0.821875 0.820312 0.754687 0.820312
0 0.762500 0.841797 0.840625 0.841797 0.840625 0.878906 0.762500 0.880859
0 0.732812 0.517578 0.800000 0.515625 0.800000 0.546875 0.732812 0.546875
0 0.732812 0.560547 0.806250 0.556641 0.806250 0.587891 0.732812 0.589844
1 0.223438 0.587891 0.264062 0.589844 0.264062 0.880859 0.221875 0.880859
1 0.246875 0.357422 0.285938 0.359375 0.287500 0.609375 0.245312 0.607422
1 0.259375 0.169922 0.300000 0.171875 0.300000 0.382812 0.259375 0.382812
1 0.306250 0.167969 0.340625 0.167969 0.337500 0.402344 0.301563 0.404297
1 0.395313 0.205078 0.428125 0.205078 0.431250 0.394531 0.398438 0.396484
1 0.437500 0.208984 0.473438 0.208984 0.476562 0.400391 0.440625 0.400391
1 0.664062 0.449219 0.879687 0.429688 0.884375 0.501953 0.668750 0.525391
1 0.693750 0.394531 0.879687 0.371094 0.884375 0.453125 0.700000 0.472656
1 0.700000 0.302734 0.884375 0.292969 0.885938 0.373047 0.701562 0.380859
3 0.735938 0.591797 0.904687 0.582031 0.906250 0.638672 0.737500 0.642578
3 0.728125 0.638672 0.903125 0.634766 0.903125 0.691406 0.728125 0.691406
3 0.725000 0.691406 0.896875 0.685547 0.896875 0.753906 0.723437 0.757812
3 0.732812 0.892578 0.918750 0.855469 0.926562 0.927734 0.740625 0.957031
3 0.735938 0.953125 0.923438 0.953125 0.923438 1.000000 0.734375 1.000000
2 0.426563 0.000000 0.459375 0.000000 0.462500 0.156250 0.428125 0.156250
2 0.684375 0.277344 0.895312 0.267578 0.896875 0.312500 0.684375 0.324219
2 0.679688 0.234375 0.895312 0.224609 0.895312 0.273438 0.679688 0.277344
2 0.665625 0.207031 0.887500 0.199219 0.887500 0.238281 0.665625 0.242188
2 0.668750 0.177734 0.884375 0.171875 0.884375 0.208984 0.667188 0.214844
2 0.681250 0.128906 0.887500 0.128906 0.887500 0.177734 0.679688 0.177734
2 0.682813 0.101562 0.884375 0.099609 0.884375 0.138672 0.681250 0.138672
2 0.673438 0.074219 0.882812 0.070312 0.881250 0.111328 0.673438 0.111328
2 0.681250 0.042969 0.871875 0.029297 0.875000 0.072266 0.681250 0.087891
