0 0.601562 0.798828 0.650000 0.783203 0.685937 0.900391 0.643750 0.919922
0 0.907813 0.687500 1.000000 0.699219 1.000000 0.755859 0.907813 0.740234
4 0.901563 0.609375 1.000000 0.626953 1.000000 0.667969 0.903125 0.662109
4 0.915625 0.541016 1.000000 0.552734 1.000000 0.599609 0.915625 0.593750
0 0.915625 0.474609 1.000000 0.472656 1.000000 0.529297 0.915625 0.527344
0 0.954688 0.052734 1.000000 0.060547 1.000000 0.111328 0.946875 0.099609
0 0.898438 0.173828 0.937500 0.181641 0.923438 0.292969 0.882812 0.289062
0 0.087500 0.242188 0.178125 0.257812 0.170313 0.296875 0.081250 0.277344
0 0.087500 0.169922 0.189062 0.195312 0.181250 0.238281 0.082812 0.208984
0 0.087500 0.119141 0.189062 0.130859 0.182812 0.169922 0.082812 0.162109
