3 0.129688 0.050781 0.185938 0.066406 0.146875 0.259766 0.092188 0.242188
0 0.576562 0.689453 0.685937 0.720703 0.673438 0.773438 0.565625 0.742188
0 0.562500 0.765625 0.665625 0.794922 0.654687 0.853516 0.551562 0.826172
0 0.556250 0.843750 0.665625 0.878906 0.651563 0.937500 0.540625 0.900391
0 0.532813 0.927734 0.646875 0.957031 0.635938 1.000000 0.521875 0.984375
0 0.426563 0.822266 0.537500 0.857422 0.526563 0.908203 0.415625 0.878906
0 0.432812 0.742188 0.535937 0.771484 0.526563 0.822266 0.425000 0.792969
0 0.453125 0.652344 0.562500 0.683594 0.553125 0.738281 0.443750 0.714844
0 0.478125 0.583984 0.578125 0.613281 0.568750 0.662109 0.468750 0.632812
0 0.471875 0.494141 0.568750 0.539062 0.553125 0.583984 0.457813 0.544922
0 0.501563 0.416016 0.607812 0.447266 0.596875 0.498047 0.490625 0.470703
0 0.625000 0.378906 0.726562 0.398438 0.720313 0.447266 0.618750 0.429688
0 0.656250 0.304688 0.743750 0.328125 0.735938 0.376953 0.645312 0.353516
0 0.664062 0.224609 0.765625 0.250000 0.753125 0.306641 0.654687 0.281250
