2 0.537500 0.937500 0.584375 0.945312 0.567187 1.000000 0.520312 1.000000
4 0.139063 0.000000 0.204687 0.000000 0.204687 0.023438 0.140625 0.027344
4 0.254688 0.044922 0.282813 0.062500 0.254688 0.125000 0.225000 0.105469
4 0.087500 0.183594 0.157812 0.166016 0.162500 0.205078 0.092188 0.220703
4 0.718750 0.755859 0.781250 0.701172 0.803125 0.738281 0.740625 0.791016
0 0.306250 0.000000 0.334375 0.001953 0.314063 0.082031 0.284375 0.072266
0 0.381250 0.042969 0.407813 0.048828 0.396875 0.121094 0.367188 0.115234
0 0.407813 0.222656 0.439063 0.228516 0.423438 0.318359 0.392188 0.310547
0 0.084375 0.255859 0.142187 0.277344 0.129688 0.314453 0.070312 0.291016
0 0.056250 0.312500 0.126562 0.320312 0.121875 0.351562 0.053125 0.345703
0 0.028125 0.416016 0.107813 0.416016 0.104688 0.462891 0.023438 0.460938
0 0.160938 0.421875 0.193750 0.439453 0.157812 0.529297 0.125000 0.511719
0 0.275000 0.525391 0.310937 0.535156 0.295312 0.636719 0.254688 0.625000
0 0.000000 0.574219 0.062500 0.589844 0.053125 0.634766 0.000000 0.619141
0 0.023438 0.675781 0.090625 0.730469 0.071875 0.759766 0.004687 0.707031
0 0.076563 0.853516 0.109375 0.859375 0.087500 0.964844 0.053125 0.955078
3 0.215625 0.093750 0.264062 0.101562 0.218750 0.335938 0.164062 0.326172
0 0.756250 0.279297 0.782813 0.283203 0.778125 0.359375 0.748437 0.355469
0 0.784375 0.369141 0.815625 0.373047 0.807813 0.447266 0.779687 0.443359
2 0.796875 0.115234 0.839063 0.121094 0.826562 0.253906 0.784375 0.246094
0 0.784375 0.460938 0.812500 0.476562 0.775000 0.560547 0.745313 0.541016
