0 0.967187 0.130859 0.995313 0.128906 0.987500 0.195312 0.956250 0.191406
0 0.970313 0.054688 0.998437 0.058594 0.979688 0.121094 0.946875 0.109375
0 0.778125 0.494141 0.845313 0.460938 0.865625 0.494141 0.796875 0.531250
0 0.764062 0.542969 0.842187 0.503906 0.864062 0.531250 0.779687 0.580078
0 0.757812 0.582031 0.829688 0.546875 0.851562 0.587891 0.771875 0.623047
0 0.754687 0.617188 0.829688 0.601562 0.839063 0.638672 0.760938 0.652344
0 0.768750 0.640625 0.832812 0.666016 0.821875 0.705078 0.756250 0.671875
0 0.737500 0.716797 0.818750 0.738281 0.807813 0.781250 0.726562 0.750000
0 0.679688 0.916016 0.756250 0.941406 0.754687 0.990234 0.675000 0.962891
0 0.928125 0.263672 0.998437 0.236328 1.000000 0.271484 0.940625 0.292969
0 0.923438 0.232422 0.981250 0.195312 1.000000 0.226562 0.935937 0.259766
0 0.350000 0.488281 0.373437 0.458984 0.431250 0.494141 0.412500 0.531250
0 0.207813 0.466797 0.240625 0.464844 0.226562 0.546875 0.195312 0.542969
0 0.189062 0.585938 0.215625 0.582031 0.212500 0.666016 0.173437 0.664062
0 0.159375 0.769531 0.192188 0.769531 0.182812 0.871094 0.146875 0.873047
0 0.168750 0.894531 0.206250 0.904297 0.167187 1.000000 0.132812 0.992188
0 0.325000 0.837891 0.351562 0.810547 0.401562 0.882812 0.375000 0.910156
0 0.335938 0.791016 0.360938 0.761719 0.414062 0.814453 0.390625 0.843750
0 0.720313 0.755859 0.790625 0.773438 0.790625 0.808594 0.717187 0.791016
0 0.871875 0.890625 0.907813 0.902344 0.885938 0.998047 0.856250 0.986328
0 0.326562 0.736328 0.350000 0.710938 0.423438 0.734375 0.409375 0.775391
0 0.335938 0.667969 0.359375 0.640625 0.415625 0.701172 0.393750 0.726562
0 0.362500 0.597656 0.421875 0.640625 0.400000 0.671875 0.343750 0.628906
0 0.351562 0.576172 0.373437 0.552734 0.428125 0.593750 0.403125 0.621094
0 0.346875 0.531250 0.370312 0.511719 0.429688 0.548828 0.407813 0.580078
0 0.882812 0.755859 0.923438 0.765625 0.909375 0.857422 0.867188 0.845703
0 0.212500 0.332031 0.262500 0.285156 0.287500 0.308594 0.231250 0.367188
0 0.717187 0.787109 0.787500 0.808594 0.779687 0.847656 0.701562 0.822266
0 0.704688 0.830078 0.779687 0.851562 0.776563 0.892578 0.696875 0.867188
0 0.690625 0.884766 0.770312 0.900391 0.773438 0.939453 0.689063 0.923828
4 0.742188 0.671875 0.801562 0.689453 0.798438 0.728516 0.732812 0.710938
0 0.284375 0.042969 0.307812 0.044922 0.301563 0.107422 0.278125 0.107422
0 0.273438 0.107422 0.296875 0.103516 0.292187 0.173828 0.260937 0.173828
0 0.256250 0.197266 0.284375 0.203125 0.279687 0.273438 0.248438 0.275391
0 0.201563 0.406250 0.243750 0.355469 0.265625 0.371094 0.217188 0.429688
0 0.193750 0.458984 0.251563 0.406250 0.265625 0.427734 0.214062 0.486328
0 0.403125 0.058594 0.434375 0.060547 0.425000 0.121094 0.395313 0.119141
0 0.390625 0.119141 0.415625 0.125000 0.404687 0.189453 0.373437 0.189453
0 0.375000 0.189453 0.401562 0.191406 0.392188 0.257812 0.360938 0.255859
0 0.367188 0.255859 0.392188 0.251953 0.390625 0.310547 0.364063 0.312500
0 0.367188 0.404297 0.432812 0.423828 0.420312 0.460938 0.354687 0.445312
0 0.889062 0.652344 0.928125 0.658203 0.923438 0.763672 0.882812 0.755859
