0 0.198437 0.460938 0.285938 0.527344 0.254688 0.566406 0.175000 0.500000
0 0.606250 0.529297 0.681250 0.572266 0.668750 0.605469 0.589063 0.566406
0 0.631250 0.482422 0.714063 0.529297 0.690625 0.572266 0.614062 0.519531
0 0.659375 0.433594 0.739062 0.490234 0.715625 0.527344 0.637500 0.472656
0 0.692187 0.400391 0.767188 0.425781 0.754687 0.486328 0.675000 0.437500
0 0.131250 0.558594 0.212500 0.611328 0.192188 0.652344 0.112500 0.593750
0 0.318750 0.902344 0.353125 0.927734 0.300000 1.000000 0.264062 1.000000
0 0.265625 0.853516 0.312500 0.882812 0.248438 0.990234 0.212500 0.949219
0 0.129688 0.767578 0.157812 0.800781 0.093750 0.886719 0.071875 0.849609
0 0.246875 0.037109 0.320312 0.091797 0.295312 0.126953 0.231250 0.058594
0 0.278125 0.000000 0.337500 0.042969 0.325000 0.087891 0.254688 0.031250
0 0.595313 0.007812 0.618750 0.000000 0.690625 0.025391 0.667188 0.058594
0 0.479687 0.011719 0.546875 0.050781 0.532813 0.093750 0.462500 0.058594
0 0.446875 0.052734 0.528125 0.095703 0.501563 0.148438 0.423438 0.099609
0 0.400000 0.121094 0.479687 0.164062 0.453125 0.208984 0.379688 0.158203
0 0.368750 0.173828 0.446875 0.222656 0.428125 0.263672 0.348438 0.226562
0 0.335938 0.222656 0.421875 0.265625 0.400000 0.310547 0.320312 0.277344
0 0.318750 0.267578 0.396875 0.318359 0.371875 0.363281 0.295312 0.320312
0 0.300000 0.316406 0.371875 0.373047 0.351562 0.410156 0.276562 0.359375
0 0.262500 0.365234 0.340625 0.417969 0.320312 0.457031 0.245312 0.406250
0 0.228125 0.406250 0.304688 0.470703 0.279687 0.501953 0.207813 0.443359
