0 0.709375 0.468750 0.757812 0.431641 0.778125 0.453125 0.729688 0.488281
0 0.764062 0.517578 0.807813 0.486328 0.829688 0.509766 0.782813 0.541016
1 0.454688 0.185547 0.509375 0.150391 0.537500 0.187500 0.476562 0.220703
4 0.479687 0.218750 0.523438 0.189453 0.539062 0.210938 0.498437 0.236328
4 0.498437 0.230469 0.545312 0.210938 0.565625 0.234375 0.517188 0.257812
2 0.664062 0.544922 0.728125 0.496094 0.746875 0.521484 0.684375 0.568359
0 0.345313 0.476562 0.409375 0.431641 0.428125 0.458984 0.359375 0.501953
0 0.385937 0.503906 0.445312 0.468750 0.462500 0.498047 0.398438 0.529297
0 0.406250 0.529297 0.464062 0.492188 0.482812 0.519531 0.423438 0.556641
0 0.434375 0.564453 0.487500 0.519531 0.509375 0.546875 0.457813 0.589844
1 0.775000 0.535156 0.887500 0.460938 0.923438 0.507812 0.814063 0.580078
0 0.025000 0.816406 0.048438 0.802734 0.082812 0.851562 0.056250 0.869141
4 0.953125 0.689453 0.976562 0.669922 1.000000 0.718750 0.990625 0.738281
4 0.870313 0.724609 0.901563 0.705078 0.942187 0.769531 0.912500 0.785156
0 0.912500 0.710938 0.937500 0.691406 0.981250 0.742188 0.953125 0.761719
0 0.690625 0.576172 0.745313 0.529297 0.771875 0.556641 0.715625 0.603516
0 0.818750 0.732422 0.845313 0.708984 0.898438 0.773438 0.871875 0.798828
0 0.659375 0.724609 0.684375 0.703125 0.731250 0.753906 0.706250 0.775391
0 0.604688 0.640625 0.626563 0.621094 0.668750 0.679688 0.643750 0.697266
0 0.364063 0.773438 0.417187 0.730469 0.440625 0.755859 0.384375 0.802734
0 0.523438 0.724609 0.582812 0.681641 0.601562 0.710938 0.539062 0.750000
0 0.484375 0.662109 0.534375 0.625000 0.550000 0.654297 0.500000 0.687500
0 0.400000 0.582031 0.457813 0.587891 0.453125 0.625000 0.395313 0.619141
0 0.360938 0.537109 0.379688 0.513672 0.426563 0.556641 0.401562 0.583984
0 0.209375 0.058594 0.228125 0.044922 0.264062 0.082031 0.245312 0.091797
0 0.250000 0.107422 0.273438 0.082031 0.300000 0.128906 0.279687 0.140625
0 0.289062 0.150391 0.310937 0.136719 0.342187 0.177734 0.315625 0.191406
0 0.395313 0.232422 0.446875 0.199219 0.465625 0.224609 0.414062 0.253906
0 0.435937 0.277344 0.487500 0.248047 0.503125 0.271484 0.453125 0.300781
0 0.515625 0.363281 0.565625 0.332031 0.585938 0.353516 0.535937 0.386719
0 0.537500 0.384766 0.585938 0.355469 0.607812 0.378906 0.557813 0.410156
0 0.584375 0.445312 0.635938 0.410156 0.656250 0.433594 0.603125 0.468750
0 0.643750 0.500000 0.703125 0.476562 0.712500 0.505859 0.657813 0.529297
0 0.528125 0.263672 0.573438 0.240234 0.592187 0.267578 0.543750 0.289062
0 0.579688 0.326172 0.628125 0.291016 0.645312 0.316406 0.598437 0.347656
0 0.623437 0.365234 0.670312 0.335938 0.692187 0.357422 0.645312 0.388672
0 0.654687 0.402344 0.704688 0.369141 0.723437 0.392578 0.673438 0.421875
0 0.739062 0.494141 0.779687 0.468750 0.801562 0.486328 0.760938 0.513672
