0 0.512500 0.519531 0.617188 0.609375 0.585938 0.669922 0.482812 0.568359
0 0.734375 0.394531 0.826562 0.294922 0.857812 0.339844 0.776563 0.443359
0 0.864062 0.361328 0.906250 0.388672 0.831250 0.496094 0.795312 0.462891
0 0.765625 0.488281 0.810937 0.507812 0.754687 0.640625 0.712500 0.611328
0 0.623437 0.572266 0.715625 0.462891 0.750000 0.505859 0.665625 0.617188
0 0.629687 0.402344 0.668750 0.445312 0.589063 0.550781 0.551562 0.513672
0 0.728125 0.824219 0.760938 0.783203 0.860938 0.880859 0.829688 0.933594
0 0.570312 0.753906 0.678125 0.837891 0.645312 0.892578 0.540625 0.802734
0 0.698438 0.841797 0.815625 0.939453 0.784375 0.994141 0.668750 0.904297
0 0.531250 0.837891 0.645312 0.925781 0.620313 0.984375 0.503125 0.896484
0 0.476562 0.886719 0.576562 0.990234 0.543750 1.000000 0.434375 0.945312
0 0.309375 0.865234 0.346875 0.822266 0.435937 0.927734 0.403125 0.976562
0 0.251563 0.947266 0.289062 0.906250 0.382812 1.000000 0.342187 1.000000
0 0.556250 0.316406 0.607812 0.349609 0.525000 0.480469 0.476562 0.441406
0 0.368750 0.429688 0.457813 0.324219 0.500000 0.365234 0.410938 0.472656
0 0.093750 0.464844 0.196875 0.541016 0.160938 0.597656 0.067187 0.507812
0 0.118750 0.449219 0.160938 0.408203 0.248438 0.501953 0.209375 0.546875
2 0.182812 0.388672 0.225000 0.347656 0.323437 0.476562 0.282813 0.517578
0 0.479687 0.146484 0.562500 0.160156 0.559375 0.214844 0.468750 0.199219
0 0.667188 0.177734 0.712500 0.214844 0.629687 0.316406 0.600000 0.277344
0 0.535937 0.244141 0.628125 0.150391 0.650000 0.185547 0.579688 0.287109
0 0.873437 0.123047 1.000000 0.117188 1.000000 0.185547 0.879687 0.203125
0 0.878125 0.039062 1.000000 0.041016 1.000000 0.109375 0.873437 0.109375
0 0.734375 0.033203 0.862500 0.029297 0.859375 0.099609 0.735938 0.103516
