2 0.540625 0.103516 0.593750 0.107422 0.542188 0.388672 0.479687 0.378906
2 0.687500 0.119141 0.745313 0.136719 0.676562 0.457031 0.612500 0.443359
2 0.618750 0.455078 0.679688 0.474609 0.567187 0.851562 0.509375 0.824219
2 0.760938 0.511719 0.821875 0.525391 0.728125 0.890625 0.670312 0.861328
2 0.492188 0.394531 0.551562 0.406250 0.464062 0.791016 0.389062 0.763672
0 0.010937 0.011719 0.073438 0.000000 0.087500 0.013672 0.025000 0.037109
2 0.428125 0.083984 0.465625 0.093750 0.398438 0.371094 0.350000 0.361328
0 0.923438 0.228516 0.948438 0.218750 0.970313 0.300781 0.935937 0.308594
0 0.493750 0.134766 0.532813 0.140625 0.507812 0.236328 0.464062 0.218750
0 0.142187 0.113281 0.171875 0.121094 0.151562 0.201172 0.117188 0.193359
0 0.367188 0.113281 0.410938 0.115234 0.390625 0.197266 0.353125 0.179688
2 0.409375 0.363281 0.476562 0.392578 0.339062 0.724609 0.257812 0.679688
