0 0.214062 0.701172 0.310937 0.701172 0.310937 0.755859 0.214062 0.755859
0 0.168750 0.769531 0.264062 0.769531 0.264062 0.826172 0.168750 0.826172
0 0.354687 0.779297 0.453125 0.779297 0.453125 0.830078 0.354687 0.830078
0 0.529687 0.781250 0.626563 0.781250 0.626563 0.841797 0.529687 0.841797
1 0.565625 0.675781 0.900000 0.675781 0.900000 0.771484 0.565625 0.771484
0 0.682813 0.794922 0.781250 0.794922 0.781250 0.845703 0.682813 0.845703
0 0.815625 0.794922 0.907813 0.794922 0.907813 0.847656 0.815625 0.847656
0 0.959375 0.718750 1.000000 0.718750 1.000000 0.761719 0.959375 0.761719
0 0.059375 0.296875 0.131250 0.296875 0.131250 0.341797 0.059375 0.341797
0 0.000000 0.402344 0.040625 0.402344 0.040625 0.441406 0.000000 0.441406
