0 0.567187 0.000000 0.610938 0.000000 0.635938 0.078125 0.592187 0.091797
0 0.415625 0.564453 0.459375 0.556641 0.485938 0.701172 0.440625 0.707031
0 0.396875 0.412109 0.448437 0.404297 0.460938 0.531250 0.414062 0.542969
0 0.359375 0.156250 0.410938 0.148438 0.423438 0.275391 0.376563 0.287109
0 0.346875 0.023438 0.398438 0.015625 0.410938 0.142578 0.364063 0.154297
0 0.401562 0.021484 0.453125 0.013672 0.465625 0.140625 0.418750 0.152344
0 0.421875 0.144531 0.473438 0.136719 0.485938 0.263672 0.439063 0.275391
0 0.434375 0.269531 0.485938 0.261719 0.498437 0.388672 0.451562 0.400391
0 0.457813 0.402344 0.509375 0.394531 0.521875 0.521484 0.475000 0.533203
0 0.473438 0.535156 0.525000 0.527344 0.548438 0.675781 0.500000 0.687500
0 0.540625 0.490234 0.587500 0.476562 0.612500 0.601562 0.567187 0.615234
0 0.512500 0.371094 0.559375 0.357422 0.584375 0.482422 0.539062 0.496094
0 0.490625 0.240234 0.537500 0.226562 0.562500 0.351562 0.517188 0.365234
0 0.465625 0.119141 0.512500 0.105469 0.537500 0.230469 0.492188 0.244141
0 0.454688 0.000000 0.498437 0.000000 0.520312 0.103516 0.475000 0.117188
0 0.514062 0.000000 0.557813 0.000000 0.579688 0.087891 0.534375 0.101562
0 0.537500 0.109375 0.581250 0.101562 0.603125 0.222656 0.557813 0.236328
0 0.565625 0.242188 0.609375 0.234375 0.631250 0.355469 0.585938 0.369141
0 0.590625 0.382812 0.634375 0.375000 0.656250 0.496094 0.610938 0.509766
0 0.618750 0.507812 0.662500 0.500000 0.685937 0.636719 0.635938 0.646484
0 0.676562 0.490234 0.720313 0.482422 0.759375 0.613281 0.706250 0.634766
0 0.645312 0.349609 0.689063 0.341797 0.715625 0.478516 0.675000 0.494141
0 0.617188 0.210938 0.660937 0.203125 0.687500 0.339844 0.646875 0.355469
0 0.593750 0.097656 0.637500 0.089844 0.662500 0.210938 0.618750 0.224609
0 0.629687 0.000000 0.673438 0.000000 0.698438 0.083984 0.654687 0.097656
0 0.657813 0.097656 0.701562 0.089844 0.726562 0.210938 0.682813 0.224609
0 0.681250 0.226562 0.725000 0.218750 0.750000 0.339844 0.706250 0.353516
0 0.706250 0.345703 0.750000 0.337891 0.775000 0.458984 0.731250 0.472656
0 0.746875 0.486328 0.790625 0.478516 0.815625 0.599609 0.771875 0.613281
0 0.814063 0.490234 0.857812 0.482422 0.890625 0.611328 0.843750 0.632812
0 0.781250 0.351562 0.825000 0.343750 0.857812 0.472656 0.810937 0.494141
0 0.751563 0.222656 0.795312 0.214844 0.828125 0.343750 0.775000 0.353516
0 0.715625 0.085938 0.759375 0.078125 0.792188 0.207031 0.739062 0.216797
0 0.690625 0.000000 0.734375 0.000000 0.759375 0.068359 0.714063 0.083984
0 0.757812 0.000000 0.801562 0.000000 0.826562 0.064453 0.781250 0.080078
0 0.781250 0.078125 0.825000 0.070312 0.850000 0.193359 0.804688 0.208984
0 0.810937 0.208984 0.865625 0.197266 0.892188 0.324219 0.834375 0.339844
0 0.845313 0.349609 0.900000 0.337891 0.926562 0.464844 0.868750 0.480469
0 0.882812 0.480469 0.937500 0.468750 0.967187 0.609375 0.912500 0.623047
0 0.951562 0.476562 1.000000 0.464844 1.000000 0.605469 0.981250 0.619141
0 0.909375 0.330078 0.964063 0.318359 0.993750 0.458984 0.939063 0.472656
0 0.875000 0.191406 0.929688 0.179688 0.959375 0.320312 0.904687 0.333984
0 0.837500 0.066406 0.892188 0.054688 0.921875 0.195312 0.867188 0.208984
0 0.809375 0.000000 0.864062 0.000000 0.893750 0.058594 0.839063 0.072266
0 0.878125 0.000000 0.932813 0.000000 0.962500 0.058594 0.907813 0.072266
0 0.906250 0.064453 0.960938 0.052734 0.990625 0.193359 0.935937 0.207031
0 0.939063 0.191406 0.993750 0.179688 1.000000 0.320312 0.968750 0.333984
0 0.457813 0.839844 0.595313 0.816406 0.600000 0.878906 0.470313 0.908203
0 0.915625 0.878906 0.970313 0.859375 1.000000 1.000000 0.945312 1.000000
0 0.848437 0.908203 0.903125 0.888672 0.939063 1.000000 0.878125 1.000000
0 0.785937 0.916016 0.843750 0.906250 0.853125 1.000000 0.795312 1.000000
