4 0.632812 0.000000 0.659375 0.000000 0.668750 0.041016 0.637500 0.041016
0 0.340625 0.000000 0.373437 0.000000 0.370312 0.046875 0.342187 0.050781
0 0.339062 0.050781 0.370312 0.050781 0.364063 0.113281 0.335938 0.113281
0 0.335938 0.113281 0.367188 0.115234 0.367188 0.169922 0.339062 0.173828
0 0.642188 0.050781 0.667188 0.044922 0.675000 0.089844 0.648438 0.093750
0 0.643750 0.099609 0.673438 0.095703 0.679688 0.144531 0.646875 0.146484
0 0.651563 0.150391 0.676562 0.146484 0.685937 0.205078 0.656250 0.205078
2 0.560937 0.339844 0.606250 0.333984 0.631250 0.593750 0.581250 0.601562
4 0.698438 0.667969 0.731250 0.666016 0.745313 0.738281 0.703125 0.742188
0 0.654687 0.208984 0.682813 0.208984 0.693750 0.271484 0.660937 0.269531
0 0.667188 0.332031 0.696875 0.330078 0.703125 0.394531 0.673438 0.394531
0 0.673438 0.410156 0.704688 0.408203 0.714063 0.474609 0.685937 0.480469
0 0.681250 0.501953 0.712500 0.496094 0.717187 0.564453 0.685937 0.574219
0 0.684375 0.582031 0.717187 0.576172 0.728125 0.650391 0.692187 0.650391
0 0.709375 0.748047 0.740625 0.742188 0.748437 0.816406 0.715625 0.816406
0 0.709375 0.832031 0.748437 0.826172 0.760938 0.904297 0.721875 0.914062
0 0.720313 0.933594 0.756250 0.927734 0.760938 1.000000 0.723437 1.000000
0 0.221875 0.185547 0.250000 0.181641 0.248438 0.240234 0.217188 0.246094
0 0.342187 0.181641 0.370312 0.181641 0.365625 0.240234 0.334375 0.238281
0 0.332813 0.242188 0.365625 0.244141 0.362500 0.308594 0.329688 0.304688
0 0.329688 0.320312 0.360938 0.318359 0.359375 0.382812 0.329688 0.382812
0 0.326562 0.390625 0.354687 0.392578 0.354687 0.453125 0.326562 0.464844
0 0.326562 0.458984 0.357812 0.460938 0.354687 0.541016 0.323437 0.541016
0 0.198437 0.517578 0.270313 0.515625 0.264062 0.562500 0.193750 0.566406
0 0.318750 0.580078 0.348438 0.576172 0.348438 0.660156 0.317188 0.660156
0 0.312500 0.705078 0.345313 0.699219 0.350000 0.785156 0.314063 0.785156
0 0.310937 0.800781 0.342187 0.796875 0.346875 0.878906 0.312500 0.884766
0 0.300000 0.886719 0.334375 0.884766 0.335938 0.976562 0.298438 0.976562
