0 0.203125 0.835938 0.234375 0.820312 0.268750 0.916016 0.232813 0.933594
0 0.218750 0.957031 0.331250 0.958984 0.325000 1.000000 0.215625 1.000000
0 0.268750 0.849609 0.301563 0.835938 0.337500 0.945312 0.309375 0.960938
0 0.339062 0.867188 0.379688 0.847656 0.420312 0.949219 0.379688 0.978516
0 0.218750 0.673828 0.306250 0.677734 0.303125 0.720703 0.212500 0.718750
0 0.000000 0.671875 0.037500 0.669922 0.037500 0.714844 0.000000 0.716797
0 0.000000 0.609375 0.065625 0.609375 0.062500 0.654297 0.000000 0.656250
0 0.000000 0.539062 0.073438 0.544922 0.064062 0.595703 0.000000 0.591797
0 0.000000 0.476562 0.082812 0.486328 0.079687 0.535156 0.000000 0.531250
0 0.250000 0.546875 0.323437 0.546875 0.325000 0.591797 0.250000 0.593750
2 0.426563 0.849609 0.460938 0.832031 0.493750 0.929688 0.459375 0.949219
2 0.240625 0.615234 0.332813 0.623047 0.331250 0.664062 0.237500 0.656250
1 0.221875 0.472656 0.329688 0.468750 0.326562 0.519531 0.217188 0.519531
0 0.259375 0.429688 0.320312 0.429688 0.318750 0.462891 0.256250 0.460938
0 0.256250 0.375000 0.325000 0.371094 0.325000 0.412109 0.257812 0.414062
0 0.248438 0.310547 0.331250 0.312500 0.326562 0.349609 0.245312 0.349609
0 0.210938 0.130859 0.253125 0.123047 0.262500 0.234375 0.218750 0.242188
0 0.000000 0.824219 0.040625 0.830078 0.037500 0.880859 0.000000 0.873047
