2 0.364063 0.726562 0.410938 0.728516 0.389062 0.855469 0.343750 0.857422
2 0.143750 0.355469 0.184375 0.347656 0.162500 0.460938 0.120313 0.458984
2 0.196875 0.359375 0.257812 0.373047 0.226562 0.478516 0.179688 0.468750
2 0.301563 0.371094 0.339062 0.369141 0.323437 0.492188 0.282813 0.486328
2 0.353125 0.382812 0.415625 0.386719 0.379688 0.501953 0.337500 0.492188
2 0.415625 0.388672 0.457813 0.390625 0.437500 0.507812 0.390625 0.503906
2 0.839063 0.460938 0.882812 0.464844 0.871875 0.582031 0.826562 0.580078
2 0.787500 0.453125 0.828125 0.462891 0.804688 0.572266 0.768750 0.564453
2 0.729688 0.437500 0.771875 0.443359 0.746875 0.560547 0.706250 0.552734
2 0.628125 0.408203 0.676562 0.414062 0.656250 0.546875 0.609375 0.533203
2 0.003125 0.453125 0.046875 0.464844 0.004687 0.572266 0.000000 0.548828
2 0.050000 0.464844 0.101562 0.476562 0.060937 0.585938 0.007812 0.568359
2 0.104688 0.468750 0.156250 0.482422 0.117188 0.595703 0.065625 0.583984
2 0.157812 0.480469 0.215625 0.492188 0.165625 0.601562 0.118750 0.589844
2 0.214062 0.490234 0.257812 0.500000 0.221875 0.621094 0.168750 0.601562
2 0.271875 0.507812 0.312500 0.511719 0.282813 0.626953 0.242188 0.617188
2 0.334375 0.513672 0.370312 0.527344 0.345313 0.636719 0.287500 0.621094
2 0.437500 0.529297 0.479687 0.533203 0.459375 0.654297 0.407813 0.652344
2 0.492188 0.529297 0.532813 0.533203 0.503125 0.658203 0.464062 0.650391
2 0.546875 0.535156 0.593750 0.541016 0.565625 0.673828 0.514062 0.664062
2 0.607812 0.542969 0.657813 0.552734 0.628125 0.685547 0.578125 0.675781
2 0.698438 0.564453 0.746875 0.564453 0.721875 0.701172 0.673438 0.697266
2 0.760938 0.580078 0.807813 0.585938 0.784375 0.726562 0.734375 0.718750
2 0.825000 0.597656 0.870313 0.605469 0.848437 0.734375 0.798438 0.722656
2 0.100000 0.730469 0.220312 0.771484 0.200000 0.816406 0.078125 0.783203
2 0.134375 0.679688 0.246875 0.712891 0.221875 0.767578 0.110937 0.724609
2 0.307812 0.707031 0.357812 0.712891 0.326562 0.851562 0.281250 0.847656
2 0.196875 0.845703 0.339062 0.867188 0.329688 0.933594 0.185938 0.916016
1 0.082812 0.076172 0.140625 0.087891 0.096875 0.191406 0.039062 0.173828
1 0.240625 0.142578 0.271875 0.140625 0.265625 0.226562 0.229687 0.226562
0 0.275000 0.177734 0.298438 0.171875 0.314063 0.242188 0.282813 0.240234
0 0.201563 0.148438 0.228125 0.156250 0.220312 0.222656 0.182812 0.212891
0 0.028125 0.587891 0.128125 0.617188 0.118750 0.654297 0.026562 0.630859
1 0.010937 0.605469 0.135937 0.662109 0.115625 0.712891 0.000000 0.685547
1 0.217188 0.000000 0.512500 0.052734 0.489063 0.164062 0.189062 0.109375
2 0.415625 0.267578 0.453125 0.279297 0.432812 0.384766 0.393750 0.371094
2 0.368750 0.265625 0.412500 0.269531 0.385937 0.380859 0.339062 0.369141
2 0.321875 0.255859 0.362500 0.267578 0.340625 0.369141 0.292187 0.359375
2 0.276562 0.246094 0.321875 0.263672 0.290625 0.361328 0.246875 0.359375
2 0.229687 0.238281 0.279687 0.257812 0.246875 0.357422 0.193750 0.343750
2 0.176563 0.234375 0.232813 0.246094 0.187500 0.347656 0.143750 0.337891
2 0.131250 0.220703 0.182812 0.226562 0.140625 0.332031 0.095312 0.330078
2 0.087500 0.214844 0.131250 0.222656 0.092188 0.328125 0.039062 0.304688
2 0.034375 0.333984 0.100000 0.339844 0.060937 0.451172 0.014063 0.433594
2 0.089063 0.343750 0.150000 0.347656 0.117188 0.455078 0.070312 0.443359
