0 0.765625 0.181641 0.806250 0.185547 0.804688 0.289062 0.764062 0.287109
0 0.764062 0.044922 0.807813 0.050781 0.810937 0.156250 0.768750 0.158203
0 0.546875 0.955078 0.584375 0.910156 0.653125 0.984375 0.614062 1.000000
0 0.565625 0.843750 0.595313 0.806641 0.667188 0.896484 0.640625 0.925781
0 0.595313 0.724609 0.673438 0.796875 0.646875 0.845703 0.570312 0.771484
0 0.576562 0.646484 0.670312 0.708984 0.646875 0.757812 0.556250 0.693359
0 0.587500 0.572266 0.662500 0.634766 0.634375 0.673828 0.564063 0.609375
0 0.578125 0.503906 0.603125 0.474609 0.667188 0.550781 0.635938 0.585938
0 0.579688 0.419922 0.607812 0.390625 0.681250 0.470703 0.648438 0.507812
0 0.601562 0.294922 0.628125 0.269531 0.692187 0.333984 0.670312 0.375000
0 0.618750 0.197266 0.693750 0.248047 0.673438 0.289062 0.595313 0.230469
0 0.621875 0.074219 0.698438 0.138672 0.667188 0.173828 0.596875 0.111328
0 0.607812 0.056641 0.634375 0.023438 0.706250 0.080078 0.682813 0.119141
0 0.473438 0.886719 0.520312 0.890625 0.525000 1.000000 0.475000 1.000000
0 0.525000 0.376953 0.560937 0.380859 0.559375 0.480469 0.521875 0.478516
0 0.529687 0.236328 0.576562 0.244141 0.565625 0.345703 0.529687 0.341797
0 0.546875 0.101562 0.587500 0.103516 0.579688 0.222656 0.542188 0.216797
0 0.296875 0.810547 0.337500 0.816406 0.326562 0.947266 0.282813 0.941406
0 0.320312 0.640625 0.357812 0.646484 0.348438 0.781250 0.310937 0.785156
0 0.417187 0.404297 0.451562 0.408203 0.440625 0.531250 0.404687 0.527344
0 0.353125 0.324219 0.390625 0.324219 0.384375 0.439453 0.348438 0.439453
0 0.370312 0.197266 0.412500 0.199219 0.401562 0.318359 0.357812 0.318359
0 0.384375 0.062500 0.426563 0.064453 0.414062 0.177734 0.373437 0.173828
0 0.396875 0.000000 0.439063 0.000000 0.429688 0.046875 0.384375 0.044922
0 0.040625 0.982422 0.176563 0.984375 0.176563 1.000000 0.040625 1.000000
0 0.084375 0.875000 0.196875 0.894531 0.181250 0.962891 0.073438 0.921875
0 0.026562 0.792969 0.071875 0.796875 0.048438 0.925781 0.004687 0.923828
0 0.092188 0.812500 0.203125 0.810547 0.201563 0.869141 0.092188 0.867188
0 0.100000 0.738281 0.212500 0.740234 0.212500 0.791016 0.100000 0.789062
0 0.123438 0.646484 0.220312 0.693359 0.200000 0.734375 0.096875 0.708984
0 0.139063 0.603516 0.228125 0.615234 0.225000 0.664062 0.134375 0.648438
0 0.157812 0.542969 0.260937 0.564453 0.251563 0.619141 0.146875 0.603516
0 0.167187 0.294922 0.267188 0.283203 0.270313 0.337891 0.171875 0.341797
0 0.185938 0.224609 0.285938 0.228516 0.278125 0.281250 0.181250 0.277344
0 0.201563 0.101562 0.298438 0.113281 0.300000 0.166016 0.198437 0.156250
0 0.212500 0.052734 0.306250 0.056641 0.303125 0.107422 0.206250 0.103516
0 0.218750 0.000000 0.321875 0.003906 0.310937 0.058594 0.209375 0.046875
0 0.001563 0.347656 0.100000 0.392578 0.079687 0.439453 0.000000 0.398438
0 0.017188 0.291016 0.110937 0.330078 0.092188 0.386719 0.001563 0.341797
0 0.000000 0.117188 0.087500 0.107422 0.090625 0.154297 0.000000 0.171875
0 0.015625 0.023438 0.107813 0.058594 0.095312 0.107422 0.001563 0.068359
2 0.053125 0.535156 0.095312 0.566406 0.012500 0.679688 0.000000 0.648438
4 0.000000 0.468750 0.068750 0.482422 0.062500 0.535156 0.000000 0.523438
4 0.000000 0.425781 0.075000 0.439453 0.075000 0.486328 0.000000 0.468750
4 0.193750 0.140625 0.301563 0.173828 0.287500 0.224609 0.176563 0.201172
4 0.501563 0.712891 0.539062 0.718750 0.532813 0.855469 0.489063 0.855469
4 0.521875 0.552734 0.557813 0.556641 0.551562 0.669922 0.514062 0.669922
4 0.560937 0.000000 0.603125 0.000000 0.593750 0.093750 0.548438 0.083984
4 0.756250 0.435547 0.792188 0.427734 0.800000 0.542969 0.760938 0.544922
4 0.765625 0.552734 0.801562 0.560547 0.790625 0.679688 0.753125 0.673828
0 0.750000 0.894531 0.793750 0.896484 0.792188 1.000000 0.750000 1.000000
0 0.754687 0.724609 0.792188 0.730469 0.796875 0.851562 0.756250 0.851562
0 0.764062 0.308594 0.800000 0.306641 0.800000 0.402344 0.764062 0.400391
