0 0.301563 0.212891 0.389062 0.216797 0.389062 0.265625 0.300000 0.255859
0 0.264062 0.925781 0.360938 0.919922 0.359375 0.974609 0.262500 0.976562
0 0.268750 0.847656 0.362500 0.849609 0.359375 0.900391 0.265625 0.894531
0 0.279687 0.777344 0.384375 0.773438 0.385937 0.822266 0.281250 0.822266
0 0.287500 0.707031 0.387500 0.701172 0.385937 0.751953 0.284375 0.755859
0 0.287500 0.628906 0.379688 0.623047 0.381250 0.675781 0.290625 0.679688
0 0.360938 0.562500 0.448437 0.560547 0.451562 0.611328 0.359375 0.607422
0 0.290625 0.484375 0.389062 0.492188 0.385937 0.539062 0.289062 0.533203
0 0.287500 0.416016 0.393750 0.421875 0.385937 0.470703 0.292187 0.460938
0 0.421875 0.470703 0.518750 0.462891 0.521875 0.509766 0.423438 0.515625
0 0.481250 0.763672 0.517188 0.763672 0.515625 0.896484 0.478125 0.894531
0 0.417187 0.359375 0.518750 0.361328 0.520312 0.400391 0.423438 0.406250
0 0.300000 0.349609 0.387500 0.349609 0.389062 0.394531 0.296875 0.398438
0 0.000000 0.685547 0.057813 0.699219 0.051562 0.738281 0.000000 0.728516
0 0.450000 0.216797 0.546875 0.220703 0.548438 0.267578 0.450000 0.265625
