0 0.695312 0.095703 0.782813 0.000000 0.818750 0.042969 0.726562 0.134766
2 0.709375 0.310547 0.832812 0.406250 0.798438 0.453125 0.682813 0.369141
0 0.525000 1.000000 0.615625 0.937500 0.640625 0.984375 0.554688 1.000000
0 0.450000 0.898438 0.584375 0.853516 0.600000 0.917969 0.460938 0.957031
0 0.387500 0.804688 0.515625 0.769531 0.532813 0.826172 0.395313 0.867188
0 0.396875 0.689453 0.529687 0.687500 0.531250 0.748047 0.404687 0.751953
0 0.489063 0.595703 0.614062 0.634766 0.600000 0.693359 0.475000 0.658203
0 0.557813 0.517578 0.675000 0.582031 0.650000 0.634766 0.529687 0.576172
0 0.642188 0.400391 0.765625 0.462891 0.732812 0.523438 0.621875 0.457031
0 0.793750 0.267578 0.915625 0.328125 0.890625 0.378906 0.773438 0.328125
0 0.579688 0.218750 0.657813 0.130859 0.692187 0.169922 0.610938 0.259766
0 0.350000 0.443359 0.443750 0.359375 0.470313 0.400391 0.381250 0.492188
0 0.225000 0.599609 0.320312 0.484375 0.353125 0.531250 0.264062 0.632812
0 0.173437 0.517578 0.275000 0.416016 0.312500 0.458984 0.203125 0.566406
0 0.039062 0.361328 0.139063 0.279297 0.170313 0.322266 0.076563 0.414062
0 0.000000 0.294922 0.081250 0.222656 0.110937 0.271484 0.017188 0.347656
0 0.000000 0.199219 0.068750 0.152344 0.082812 0.208984 0.000000 0.253906
