0 0.031250 0.539062 0.068750 0.552734 0.040625 0.646484 0.004687 0.628906
0 0.004687 0.632812 0.042188 0.650391 0.003125 0.765625 0.000000 0.753906
4 0.184375 0.589844 0.248438 0.630859 0.229687 0.675781 0.165625 0.632812
0 0.209375 0.451172 0.282813 0.486328 0.264062 0.542969 0.187500 0.501953
1 0.093750 0.347656 0.145313 0.369141 0.103125 0.494141 0.060937 0.474609
0 0.135937 0.240234 0.176563 0.257812 0.148438 0.363281 0.103125 0.347656
0 0.962500 0.277344 1.000000 0.316406 1.000000 0.367188 0.943750 0.320312
0 0.912500 0.341797 1.000000 0.388672 1.000000 0.443359 0.898438 0.392578
0 0.893750 0.417969 0.995313 0.457031 0.982812 0.511719 0.876563 0.468750
0 0.882812 0.492188 0.981250 0.527344 0.971875 0.582031 0.873437 0.550781
4 0.867188 0.568359 0.960938 0.605469 0.948438 0.660156 0.854688 0.619141
0 0.834375 0.613281 0.931250 0.673828 0.917188 0.722656 0.815625 0.664062
0 0.812500 0.683594 0.906250 0.732422 0.893750 0.787109 0.796875 0.740234
0 0.809375 0.792969 0.907813 0.798828 0.904687 0.853516 0.809375 0.843750
0 0.789062 0.935547 0.893750 0.984375 0.873437 1.000000 0.775000 0.988281
