3 0.125000 0.410156 0.182812 0.441406 0.125000 0.585938 0.057813 0.556641
0 0.467187 0.000000 0.506250 0.000000 0.467187 0.058594 0.435937 0.044922
0 0.589063 0.011719 0.620313 0.027344 0.587500 0.105469 0.559375 0.089844
0 0.807813 0.115234 0.839063 0.123047 0.803125 0.207031 0.775000 0.197266
0 0.850000 0.115234 0.887500 0.126953 0.856250 0.222656 0.828125 0.203125
0 0.892188 0.146484 0.925000 0.150391 0.903125 0.238281 0.871875 0.230469
0 0.948438 0.167969 0.981250 0.175781 0.965625 0.246094 0.934375 0.238281
0 0.954688 0.423828 0.992188 0.435547 0.970313 0.519531 0.939063 0.501953
0 0.823438 0.351562 0.851562 0.367188 0.817187 0.466797 0.785937 0.447266
0 0.689063 0.292969 0.715625 0.304688 0.685937 0.390625 0.659375 0.378906
0 0.564063 0.230469 0.596875 0.246094 0.560937 0.324219 0.528125 0.310547
0 0.507812 0.216797 0.537500 0.232422 0.507812 0.304688 0.479687 0.287109
0 0.468750 0.300781 0.504687 0.318359 0.473438 0.392578 0.437500 0.378906
0 0.337500 0.232422 0.375000 0.250000 0.337500 0.326172 0.306250 0.312500
0 0.293750 0.214844 0.325000 0.226562 0.285938 0.310547 0.262500 0.296875
3 0.000000 0.324219 0.131250 0.402344 0.100000 0.464844 0.000000 0.386719
3 0.962500 0.826172 1.000000 0.861328 0.962500 1.000000 0.906250 1.000000
3 0.882812 0.763672 0.945312 0.785156 0.900000 1.000000 0.837500 0.996094
3 0.807813 0.726562 0.868750 0.750000 0.825000 0.988281 0.767188 0.964844
3 0.737500 0.732422 0.795312 0.761719 0.735938 0.972656 0.676562 0.943359
3 0.684375 0.707031 0.731250 0.724609 0.667188 0.957031 0.615625 0.925781
3 0.610938 0.662109 0.657813 0.679688 0.618750 0.843750 0.565625 0.816406
3 0.515625 0.605469 0.564063 0.634766 0.507812 0.769531 0.459375 0.738281
3 0.443750 0.574219 0.485938 0.589844 0.442188 0.759766 0.389062 0.738281
3 0.396875 0.552734 0.437500 0.578125 0.375000 0.716797 0.337500 0.689453
3 0.339062 0.482422 0.396875 0.519531 0.318750 0.693359 0.268750 0.664062
