0 0.315625 0.591797 0.429688 0.654297 0.410938 0.710938 0.289062 0.636719
0 0.006250 0.072266 0.104688 0.126953 0.081250 0.169922 0.000000 0.111328
0 0.496875 0.013672 0.542188 0.031250 0.495312 0.148438 0.456250 0.132812
0 0.417187 0.277344 0.525000 0.341797 0.503125 0.394531 0.398438 0.328125
0 0.546875 0.375000 0.648438 0.400391 0.640625 0.453125 0.535937 0.410156
0 0.673438 0.425781 0.789062 0.484375 0.770312 0.533203 0.660937 0.464844
0 0.846875 0.515625 0.960938 0.572266 0.945312 0.623047 0.832812 0.558594
0 0.907813 0.929688 1.000000 0.986328 0.979688 1.000000 0.893750 0.974609
0 0.748437 0.839844 0.854688 0.904297 0.840625 0.953125 0.731250 0.888672
0 0.607812 0.757812 0.718750 0.826172 0.706250 0.875000 0.592187 0.810547
4 0.060937 0.466797 0.140625 0.515625 0.131250 0.546875 0.045312 0.505859
0 0.184375 0.517578 0.289062 0.576172 0.270313 0.630859 0.159375 0.574219
4 0.459375 0.673828 0.564063 0.732422 0.550000 0.781250 0.442188 0.728516
2 0.292187 0.142578 0.335938 0.158203 0.290625 0.298828 0.248438 0.283203
0 0.948438 0.238281 0.990625 0.263672 0.942187 0.384766 0.900000 0.361328
0 0.901563 0.191406 0.940625 0.216797 0.882812 0.343750 0.842187 0.326172
0 0.823438 0.175781 0.862500 0.197266 0.826562 0.316406 0.779687 0.289062
0 0.757812 0.146484 0.796875 0.166016 0.756250 0.287109 0.717187 0.271484
0 0.695312 0.101562 0.737500 0.126953 0.687500 0.253906 0.646875 0.220703
