0 0.445312 0.248047 0.479687 0.208984 0.501563 0.220703 0.475000 0.261719
0 0.414062 0.234375 0.451562 0.189453 0.476562 0.195312 0.443750 0.246094
0 0.354687 0.205078 0.395313 0.162109 0.417187 0.173828 0.381250 0.218750
0 0.345313 0.109375 0.406250 0.082031 0.428125 0.105469 0.362500 0.138672
0 0.353125 0.064453 0.409375 0.039062 0.428125 0.066406 0.367188 0.099609
0 0.296875 0.167969 0.331250 0.130859 0.362500 0.140625 0.325000 0.183594
0 0.265625 0.150391 0.309375 0.107422 0.339062 0.123047 0.292187 0.169922
0 0.221875 0.117188 0.260937 0.074219 0.284375 0.103516 0.239063 0.138672
0 0.192188 0.099609 0.229687 0.060547 0.251563 0.082031 0.207813 0.121094
0 0.140625 0.062500 0.184375 0.025391 0.203125 0.050781 0.153125 0.082031
0 0.118750 0.046875 0.162500 0.005859 0.179688 0.023438 0.134375 0.062500
0 0.093750 0.021484 0.132812 0.000000 0.154688 0.005859 0.112500 0.041016
0 0.629687 0.353516 0.667188 0.312500 0.692187 0.322266 0.659375 0.369141
0 0.729688 0.335938 0.757812 0.351562 0.728125 0.404297 0.696875 0.392578
0 0.795312 0.447266 0.834375 0.400391 0.856250 0.416016 0.826562 0.464844
0 0.798438 0.376953 0.823438 0.390625 0.795312 0.437500 0.768750 0.427734
0 0.906250 0.431641 0.926562 0.447266 0.904687 0.492188 0.873437 0.476562
0 0.940625 0.455078 0.970313 0.466797 0.942187 0.519531 0.910937 0.501953
0 0.979688 0.470703 1.000000 0.482422 0.982812 0.535156 0.946875 0.519531
4 0.884375 0.306641 0.945312 0.339844 0.928125 0.371094 0.864062 0.339844
0 0.626563 0.291016 0.656250 0.300781 0.623437 0.351562 0.598437 0.341797
0 0.796875 0.273438 0.862500 0.304688 0.850000 0.333984 0.782813 0.302734
4 0.712500 0.259766 0.737500 0.244141 0.779687 0.263672 0.767188 0.296875
0 0.646875 0.123047 0.679688 0.134766 0.645312 0.189453 0.612500 0.175781
0 0.623437 0.111328 0.646875 0.123047 0.609375 0.177734 0.582812 0.164062
0 0.589063 0.103516 0.615625 0.111328 0.582812 0.167969 0.554688 0.150391
0 0.528125 0.072266 0.554688 0.080078 0.523438 0.134766 0.490625 0.119141
0 0.598437 0.277344 0.625000 0.285156 0.601562 0.328125 0.576562 0.312500
0 0.567187 0.261719 0.590625 0.273438 0.564063 0.310547 0.542188 0.302734
0 0.537500 0.244141 0.565625 0.251953 0.537500 0.298828 0.510938 0.285156
0 0.506250 0.224609 0.529687 0.234375 0.501563 0.275391 0.475000 0.263672
