0 1.000000 0.183594 1.000000 0.207031 1.000000 0.316406 0.962500 0.285156
0 0.654687 0.031250 0.700000 0.000000 0.740625 0.000000 0.693750 0.058594
0 0.100000 0.025391 0.200000 0.093750 0.170313 0.148438 0.070312 0.076172
0 0.054688 0.091797 0.157812 0.167969 0.131250 0.214844 0.026562 0.138672
4 0.017188 0.142578 0.126562 0.230469 0.093750 0.285156 0.000000 0.203125
0 0.568750 0.191406 0.603125 0.212891 0.554688 0.337891 0.515625 0.316406
0 0.443750 0.443359 0.482812 0.472656 0.414062 0.605469 0.375000 0.578125
0 0.350000 0.673828 0.387500 0.705078 0.325000 0.849609 0.281250 0.808594
0 0.787500 0.667969 0.825000 0.699219 0.770312 0.839844 0.729688 0.810547
4 0.929688 0.359375 0.967187 0.382812 0.917188 0.503906 0.879687 0.480469
