0 0.223438 0.396484 0.267188 0.398438 0.251563 0.519531 0.210938 0.509766
0 0.287500 0.398438 0.329688 0.398438 0.321875 0.503906 0.285938 0.501953
0 0.740625 0.400391 0.773438 0.390625 0.767188 0.503906 0.732812 0.501953
0 0.660937 0.410156 0.693750 0.404297 0.696875 0.500000 0.660937 0.500000
0 0.717187 0.341797 0.810937 0.351562 0.806250 0.414062 0.710938 0.410156
0 0.606250 0.306641 0.692187 0.302734 0.695312 0.369141 0.607812 0.369141
0 0.600000 0.408203 0.637500 0.414062 0.631250 0.513672 0.595313 0.501953
0 0.346875 0.380859 0.392188 0.384766 0.379688 0.494141 0.342187 0.484375
0 0.403125 0.400391 0.442188 0.400391 0.429688 0.505859 0.398438 0.507812
0 0.465625 0.394531 0.509375 0.394531 0.506250 0.496094 0.467187 0.505859
0 0.935937 0.416016 0.976562 0.412109 0.982812 0.546875 0.940625 0.539062
0 0.881250 0.421875 0.929688 0.414062 0.929688 0.531250 0.890625 0.529297
0 0.829688 0.414062 0.868750 0.408203 0.876563 0.523438 0.832812 0.521484
0 0.168750 0.392578 0.209375 0.404297 0.195312 0.507812 0.154688 0.505859
0 0.785937 0.406250 0.814063 0.408203 0.820312 0.500000 0.782813 0.500000
