0 0.775000 0.146484 0.853125 0.138672 0.859375 0.177734 0.781250 0.189453
0 0.789062 0.183594 0.864062 0.171875 0.867188 0.207031 0.798438 0.216797
0 0.776563 0.109375 0.848437 0.103516 0.850000 0.140625 0.781250 0.150391
0 0.775000 0.087891 0.832812 0.068359 0.839063 0.099609 0.785937 0.117188
0 0.767188 0.048828 0.845313 0.037109 0.848437 0.076172 0.773438 0.083984
0 0.798438 0.226562 0.881250 0.222656 0.882812 0.259766 0.806250 0.265625
0 0.803125 0.265625 0.896875 0.255859 0.900000 0.304688 0.815625 0.312500
0 0.823438 0.427734 0.910937 0.425781 0.915625 0.466797 0.828125 0.462891
0 0.820312 0.378906 0.910937 0.376953 0.915625 0.417969 0.825000 0.417969
0 0.820312 0.339844 0.904687 0.337891 0.910937 0.373047 0.823438 0.380859
0 0.834375 0.470703 0.925000 0.466797 0.925000 0.509766 0.834375 0.509766
0 0.837500 0.509766 0.926562 0.513672 0.931250 0.554688 0.846875 0.546875
0 0.842187 0.550781 0.931250 0.552734 0.940625 0.595703 0.839063 0.587891
0 0.901563 0.769531 0.979688 0.765625 0.979688 0.810547 0.906250 0.808594
0 0.890625 0.714844 0.984375 0.714844 0.985938 0.757812 0.896875 0.755859
0 0.864062 0.599609 0.951562 0.595703 0.948438 0.638672 0.865625 0.634766
0 0.867188 0.677734 0.970313 0.671875 0.976562 0.708984 0.873437 0.718750
0 0.437500 0.550781 0.462500 0.548828 0.468750 0.636719 0.435937 0.636719
0 0.425000 0.333984 0.453125 0.332031 0.459375 0.402344 0.429688 0.402344
0 0.414062 0.000000 0.440625 0.000000 0.450000 0.076172 0.415625 0.078125
0 0.418750 0.152344 0.446875 0.152344 0.450000 0.222656 0.420312 0.224609
0 0.290625 0.058594 0.351562 0.009766 0.375000 0.029297 0.323437 0.083984
0 0.290625 0.101562 0.343750 0.058594 0.368750 0.074219 0.315625 0.121094
0 0.298438 0.158203 0.350000 0.097656 0.373437 0.121094 0.325000 0.173828
0 0.295312 0.216797 0.350000 0.150391 0.373437 0.173828 0.320312 0.234375
0 0.292187 0.261719 0.350000 0.201172 0.371875 0.224609 0.318750 0.289062
0 0.290625 0.304688 0.320312 0.289062 0.375000 0.308594 0.346875 0.347656
0 0.284375 0.380859 0.307812 0.363281 0.371875 0.421875 0.345313 0.443359
0 0.310937 0.316406 0.378125 0.357422 0.351562 0.394531 0.284375 0.353516
0 0.290625 0.449219 0.312500 0.425781 0.378125 0.474609 0.353125 0.505859
0 0.287500 0.533203 0.312500 0.505859 0.373437 0.550781 0.343750 0.578125
0 0.282813 0.585938 0.307812 0.556641 0.373437 0.599609 0.350000 0.636719
0 0.306250 0.617188 0.375000 0.669922 0.346875 0.712891 0.281250 0.656250
0 0.304688 0.689453 0.375000 0.744141 0.353125 0.779297 0.281250 0.726562
0 0.304688 0.753906 0.382812 0.810547 0.354687 0.851562 0.282813 0.791016
0 0.287500 0.820312 0.375000 0.865234 0.342187 0.914062 0.267188 0.865234
0 0.268750 0.949219 0.371875 0.945312 0.370312 1.000000 0.265625 1.000000
0 0.179688 0.951172 0.214062 0.951172 0.210938 1.000000 0.173437 1.000000
0 0.204687 0.640625 0.229687 0.640625 0.229687 0.730469 0.198437 0.730469
0 0.206250 0.556641 0.237500 0.556641 0.235937 0.630859 0.203125 0.625000
0 0.212500 0.400391 0.248438 0.402344 0.245312 0.492188 0.206250 0.490234
0 0.000000 0.806641 0.034375 0.810547 0.021875 0.919922 0.000000 0.916016
2 0.048438 0.330078 0.096875 0.328125 0.089063 0.425781 0.042188 0.431641
