0 0.095312 0.066406 0.131250 0.068359 0.126562 0.150391 0.093750 0.148438
0 0.045312 0.062500 0.085938 0.062500 0.081250 0.142578 0.042188 0.140625
2 0.237500 0.111328 0.278125 0.111328 0.275000 0.228516 0.235937 0.224609
2 0.231250 0.251953 0.264062 0.251953 0.264062 0.355469 0.229687 0.355469
0 0.265625 0.238281 0.292187 0.210938 0.346875 0.267578 0.321875 0.300781
0 0.257812 0.398438 0.320312 0.335938 0.346875 0.365234 0.282813 0.431641
0 0.403125 0.312500 0.435937 0.312500 0.439063 0.406250 0.403125 0.408203
0 0.407813 0.410156 0.434375 0.412109 0.432812 0.503906 0.404687 0.503906
0 0.245312 0.478516 0.323437 0.441406 0.342187 0.482422 0.262500 0.521484
0 0.209375 0.558594 0.243750 0.558594 0.240625 0.662109 0.204687 0.662109
0 0.231250 0.738281 0.303125 0.683594 0.328125 0.718750 0.253125 0.771484
0 0.228125 0.794922 0.312500 0.765625 0.328125 0.802734 0.240625 0.841797
0 0.396875 0.867188 0.437500 0.867188 0.439063 0.994141 0.396875 0.992188
0 0.403125 0.681641 0.437500 0.683594 0.432812 0.798828 0.398438 0.794922
0 0.796875 0.054688 0.828125 0.054688 0.834375 0.140625 0.803125 0.138672
0 0.840625 0.054688 0.876563 0.052734 0.884375 0.146484 0.850000 0.146484
0 0.906250 0.052734 0.942187 0.050781 0.954688 0.146484 0.917188 0.146484
0 0.870313 0.164062 0.953125 0.160156 0.953125 0.207031 0.868750 0.208984
0 0.867188 0.216797 0.954688 0.214844 0.957812 0.261719 0.867188 0.261719
0 0.887500 0.320312 0.975000 0.316406 0.976562 0.357422 0.889062 0.361328
0 0.893750 0.384766 0.982812 0.380859 0.985938 0.427734 0.895312 0.429688
0 0.910937 0.501953 0.996875 0.501953 0.995313 0.552734 0.907813 0.552734
0 0.925000 0.576172 1.000000 0.576172 1.000000 0.623047 0.925000 0.625000
0 0.923438 0.757812 1.000000 0.757812 1.000000 0.804688 0.923438 0.804688
0 0.939063 0.837891 1.000000 0.839844 1.000000 0.890625 0.946875 0.890625
