0 0.429688 0.279297 0.475000 0.308594 0.460938 0.335938 0.415625 0.300781
0 0.796875 0.203125 0.818750 0.220703 0.800000 0.253906 0.775000 0.238281
0 0.471875 0.003906 0.534375 0.025391 0.521875 0.052734 0.462500 0.029297
0 0.368750 0.246094 0.414062 0.273438 0.400000 0.300781 0.354687 0.271484
0 0.340625 0.275391 0.400000 0.300781 0.387500 0.332031 0.331250 0.302734
0 0.325000 0.302734 0.368750 0.330078 0.357812 0.355469 0.312500 0.330078
0 0.300000 0.328125 0.362500 0.361328 0.346875 0.392578 0.284375 0.357422
0 0.026562 0.808594 0.082812 0.843750 0.062500 0.876953 0.009375 0.839844
0 0.742188 0.292969 0.759375 0.312500 0.735938 0.349609 0.714063 0.332031
0 0.454688 0.691406 0.478125 0.714844 0.440625 0.769531 0.414062 0.746094
