0 0.507812 0.042969 0.604688 0.052734 0.601562 0.103516 0.495312 0.087891
0 0.504687 0.000000 0.603125 0.000000 0.598437 0.050781 0.498437 0.041016
0 0.456250 0.000000 0.496875 0.000000 0.485938 0.068359 0.443750 0.058594
0 0.278125 0.021484 0.323437 0.027344 0.310937 0.138672 0.260937 0.132812
0 0.445312 0.064453 0.485938 0.068359 0.473438 0.187500 0.431250 0.183594
0 0.490625 0.191406 0.596875 0.201172 0.598437 0.250000 0.492188 0.238281
0 0.431250 0.191406 0.468750 0.195312 0.468750 0.308594 0.420312 0.300781
0 0.495312 0.250000 0.595313 0.259766 0.592187 0.310547 0.490625 0.292969
0 0.681250 0.121094 0.723437 0.121094 0.720313 0.230469 0.678125 0.228516
0 0.678125 0.238281 0.723437 0.236328 0.721875 0.351562 0.679688 0.355469
0 0.492188 0.292969 0.592187 0.316406 0.590625 0.369141 0.489063 0.347656
0 0.467187 0.349609 0.587500 0.355469 0.579688 0.421875 0.468750 0.416016
0 0.473438 0.425781 0.576562 0.437500 0.562500 0.496094 0.465625 0.474609
0 0.418750 0.314453 0.460938 0.316406 0.456250 0.437500 0.409375 0.437500
0 0.257812 0.128906 0.303125 0.136719 0.292187 0.253906 0.245312 0.248047
0 0.235937 0.253906 0.289062 0.253906 0.279687 0.367188 0.232813 0.371094
0 0.229687 0.382812 0.276562 0.384766 0.259375 0.515625 0.215625 0.503906
0 0.409375 0.443359 0.454688 0.460938 0.439063 0.582031 0.392188 0.580078
0 0.468750 0.490234 0.570312 0.498047 0.567187 0.560547 0.453125 0.546875
0 0.470313 0.552734 0.578125 0.566406 0.579688 0.632812 0.459375 0.617188
0 0.448437 0.625000 0.571875 0.634766 0.571875 0.701172 0.451562 0.685547
0 0.442188 0.847656 0.554688 0.849609 0.556250 0.908203 0.437500 0.906250
0 0.445312 0.767578 0.562500 0.773438 0.567187 0.839844 0.445312 0.832031
0 0.457813 0.687500 0.560937 0.699219 0.560937 0.757812 0.451562 0.748047
0 0.685937 0.347656 0.729688 0.351562 0.709375 0.486328 0.656250 0.472656
0 0.498437 0.136719 0.604688 0.152344 0.595313 0.199219 0.495312 0.183594
0 0.500000 0.091797 0.603125 0.101562 0.596875 0.150391 0.498437 0.136719
0 0.004687 0.123047 0.059375 0.126953 0.032813 0.240234 0.000000 0.226562
0 0.000000 0.250000 0.050000 0.259766 0.021875 0.363281 0.000000 0.353516
0 0.000000 0.384766 0.037500 0.392578 0.007812 0.519531 0.000000 0.500000
0 0.160938 0.000000 0.262500 0.000000 0.251563 0.042969 0.151562 0.027344
0 0.157812 0.033203 0.251563 0.033203 0.235937 0.089844 0.145313 0.080078
0 0.143750 0.082031 0.234375 0.085938 0.228125 0.144531 0.140625 0.130859
0 0.139063 0.140625 0.242188 0.150391 0.231250 0.205078 0.134375 0.197266
0 0.128125 0.191406 0.237500 0.208984 0.229687 0.267578 0.129688 0.248047
0 0.120313 0.250000 0.217188 0.257812 0.217188 0.316406 0.120313 0.306641
0 0.103125 0.330078 0.223438 0.332031 0.215625 0.386719 0.110937 0.384766
0 0.093750 0.378906 0.217188 0.398438 0.210938 0.453125 0.092188 0.443359
0 0.081250 0.443359 0.203125 0.457031 0.192188 0.515625 0.078125 0.500000
0 0.076563 0.513672 0.204687 0.527344 0.190625 0.583984 0.068750 0.566406
0 0.067187 0.578125 0.192188 0.599609 0.185938 0.656250 0.075000 0.636719
0 0.054688 0.652344 0.173437 0.656250 0.167187 0.716797 0.057813 0.707031
0 0.023438 0.730469 0.153125 0.726562 0.151562 0.783203 0.029687 0.777344
0 0.054688 0.787109 0.139063 0.810547 0.132812 0.863281 0.035937 0.847656
0 0.025000 0.849609 0.145313 0.861328 0.134375 0.925781 0.023438 0.916016
0 0.012500 0.933594 0.132812 0.943359 0.125000 1.000000 0.012500 1.000000
0 0.167187 0.851562 0.217188 0.859375 0.198437 0.994141 0.150000 0.986328
0 0.187500 0.669922 0.242188 0.673828 0.223438 0.826172 0.162500 0.820312
0 0.210938 0.527344 0.253125 0.535156 0.243750 0.660156 0.192188 0.652344
0 0.279687 0.927734 0.334375 0.931641 0.317188 1.000000 0.257812 1.000000
0 0.357812 0.917969 0.414062 0.908203 0.398438 1.000000 0.342187 1.000000
0 0.373437 0.767578 0.420312 0.773438 0.406250 0.917969 0.357812 0.908203
0 0.379688 0.623047 0.435937 0.617188 0.423438 0.765625 0.367188 0.753906
0 0.418750 0.929688 0.559375 0.933594 0.556250 0.996094 0.425000 0.996094
