0 0.295312 0.554688 0.331250 0.533203 0.367188 0.623047 0.331250 0.648438
0 0.889062 0.251953 0.925000 0.218750 0.971875 0.306641 0.935937 0.335938
0 0.832812 0.261719 0.870313 0.238281 0.910937 0.322266 0.876563 0.349609
0 0.729688 0.316406 0.768750 0.291016 0.809375 0.375000 0.768750 0.402344
0 0.440625 0.708984 0.525000 0.652344 0.545312 0.697266 0.460938 0.755859
0 0.370312 0.519531 0.406250 0.500000 0.440625 0.591797 0.403125 0.611328
0 0.232813 0.589844 0.268750 0.568359 0.303125 0.656250 0.264062 0.677734
0 0.020313 0.707031 0.062500 0.685547 0.096875 0.783203 0.051562 0.806641
3 0.000000 0.964844 0.089063 0.884766 0.106250 0.958984 0.000000 1.000000
0 0.007812 0.091797 0.043750 0.070312 0.070312 0.164062 0.035937 0.183594
