0 0.918750 0.554688 0.971875 0.533203 0.989062 0.562500 0.929688 0.589844
0 0.871875 0.517578 0.925000 0.496094 0.942187 0.525391 0.882812 0.552734
0 0.768750 0.558594 0.821875 0.537109 0.839063 0.566406 0.779687 0.593750
0 0.381250 0.812500 0.434375 0.791016 0.451562 0.820312 0.392188 0.847656
0 0.695312 0.656250 0.748437 0.634766 0.765625 0.664062 0.706250 0.691406
0 0.234375 0.191406 0.265625 0.156250 0.275000 0.179688 0.250000 0.208984
0 0.250000 0.208984 0.281250 0.173828 0.290625 0.197266 0.265625 0.226562
0 0.260937 0.226562 0.292187 0.191406 0.301563 0.214844 0.276562 0.244141
0 0.160938 0.062500 0.192188 0.027344 0.209375 0.058594 0.176563 0.080078
0 0.179688 0.095703 0.210938 0.060547 0.220312 0.083984 0.195312 0.113281
0 0.195312 0.115234 0.226562 0.080078 0.235937 0.103516 0.210938 0.132812
0 0.204687 0.144531 0.235937 0.109375 0.245312 0.132812 0.220312 0.162109
0 0.215625 0.160156 0.246875 0.125000 0.256250 0.148438 0.231250 0.177734
0 0.156250 0.029297 0.187500 0.000000 0.204687 0.025391 0.164062 0.058594
