0 0.939063 0.437500 1.000000 0.460938 1.000000 0.509766 0.931250 0.490234
3 0.804688 0.615234 1.000000 0.673828 1.000000 0.791016 0.789062 0.730469
3 0.821875 0.537109 1.000000 0.605469 1.000000 0.675781 0.809375 0.623047
0 0.882812 0.537109 0.987500 0.560547 0.985938 0.607422 0.876563 0.583984
0 0.954688 0.392578 1.000000 0.408203 1.000000 0.453125 0.953125 0.437500
0 0.982812 0.228516 1.000000 0.240234 1.000000 0.326172 0.973437 0.316406
3 0.262500 0.417969 0.506250 0.486328 0.485938 0.587891 0.234375 0.527344
3 0.140625 0.339844 0.373437 0.386719 0.346875 0.474609 0.115625 0.433594
3 0.381250 0.382812 0.626563 0.443359 0.600000 0.542969 0.356250 0.486328
3 0.407813 0.316406 0.643750 0.378906 0.626563 0.466797 0.389062 0.390625
3 0.448437 0.255859 0.673438 0.314453 0.657813 0.412109 0.420312 0.343750
3 0.475000 0.201172 0.701562 0.251953 0.684375 0.339844 0.451562 0.285156
3 0.501563 0.144531 0.725000 0.197266 0.706250 0.281250 0.482812 0.222656
3 0.156250 0.267578 0.382812 0.316406 0.371875 0.404297 0.135937 0.349609
3 0.190625 0.203125 0.415625 0.255859 0.392188 0.343750 0.162500 0.289062
3 0.240625 0.154297 0.462500 0.208984 0.431250 0.298828 0.206250 0.228516
3 0.268750 0.095703 0.476562 0.150391 0.454688 0.232422 0.245312 0.173828
3 0.275000 0.042969 0.489063 0.087891 0.475000 0.169922 0.257812 0.119141
3 0.303125 0.000000 0.537500 0.037109 0.518750 0.119141 0.284375 0.066406
3 0.303125 0.000000 0.328125 0.000000 0.584375 0.011719 0.565625 0.076172
3 0.037500 0.609375 0.110937 0.652344 0.000000 0.892578 0.000000 0.835938
0 0.910937 0.498047 1.000000 0.521484 0.996875 0.570312 0.904687 0.546875
