0 0.101562 0.455078 0.170313 0.431641 0.179688 0.460938 0.109375 0.484375
0 0.045312 0.355469 0.123438 0.351562 0.123438 0.382812 0.048438 0.390625
0 0.951562 0.765625 0.984375 0.769531 0.971875 0.857422 0.940625 0.857422
2 0.046875 0.404297 0.134375 0.376953 0.148438 0.417969 0.060937 0.453125
0 0.751563 0.460938 0.775000 0.437500 0.829688 0.488281 0.810937 0.517578
0 0.878125 0.498047 0.900000 0.476562 0.946875 0.523438 0.928125 0.546875
0 0.754687 0.673828 0.825000 0.642578 0.837500 0.673828 0.773438 0.703125
0 0.795312 0.802734 0.859375 0.759766 0.871875 0.791016 0.815625 0.839844
0 0.829688 0.878906 0.889062 0.820312 0.910937 0.849609 0.856250 0.908203
0 0.101562 0.859375 0.181250 0.839844 0.185938 0.876953 0.107813 0.898438
0 0.103125 0.744141 0.182812 0.761719 0.175000 0.792969 0.096875 0.779297
0 0.107813 0.689453 0.187500 0.671875 0.192188 0.699219 0.115625 0.728516
0 0.287500 0.138672 0.309375 0.132812 0.326562 0.183594 0.307812 0.195312
0 0.117188 0.609375 0.195312 0.611328 0.190625 0.642578 0.117188 0.648438
0 0.115625 0.556641 0.190625 0.527344 0.200000 0.546875 0.123438 0.583984
0 0.045312 0.304688 0.101562 0.291016 0.107813 0.316406 0.053125 0.339844
0 0.031250 0.265625 0.100000 0.250000 0.101562 0.283203 0.034375 0.304688
0 0.026562 0.224609 0.096875 0.207031 0.103125 0.234375 0.034375 0.255859
0 0.000000 0.167969 0.039062 0.146484 0.050000 0.177734 0.000000 0.201172
0 0.090625 0.050781 0.151562 0.031250 0.164062 0.058594 0.093750 0.082031
0 0.107813 0.130859 0.164062 0.113281 0.170313 0.140625 0.115625 0.162109
0 0.190625 0.009766 0.246875 0.000000 0.259375 0.017578 0.201563 0.041016
0 0.084375 0.527344 0.148438 0.490234 0.164062 0.519531 0.098437 0.552734
