1 0.123438 0.332031 0.164062 0.335938 0.159375 0.453125 0.121875 0.451172
0 0.737500 0.289062 0.817187 0.255859 0.837500 0.294922 0.757812 0.332031
0 0.703125 0.505859 0.775000 0.455078 0.796875 0.488281 0.732812 0.544922
0 0.795312 0.753906 0.864062 0.705078 0.882812 0.738281 0.817187 0.792969
0 0.850000 0.777344 0.879687 0.800781 0.834375 0.890625 0.800000 0.859375
0 0.754687 0.820312 0.792188 0.824219 0.785937 0.927734 0.748437 0.927734
0 0.012500 0.583984 0.092188 0.617188 0.081250 0.658203 0.001563 0.619141
0 0.000000 0.667969 0.089063 0.671875 0.089063 0.720703 0.000000 0.710938
0 0.117188 0.701172 0.151562 0.701172 0.148438 0.814453 0.115625 0.814453
1 0.000000 0.511719 0.095312 0.517578 0.092188 0.576172 0.000000 0.570312
2 0.010937 0.818359 0.057813 0.818359 0.054688 1.000000 0.000000 1.000000
1 0.054688 0.072266 0.098437 0.060547 0.128125 0.191406 0.085938 0.201172
3 0.120313 0.460938 0.160938 0.462891 0.157812 0.628906 0.118750 0.628906
2 0.707812 0.585938 0.781250 0.523438 0.806250 0.550781 0.737500 0.621094
2 0.032813 0.302734 0.073438 0.300781 0.065625 0.472656 0.021875 0.470703
2 0.143750 0.091797 0.195312 0.093750 0.184375 0.294922 0.134375 0.296875
4 0.792188 0.509766 0.834375 0.458984 0.862500 0.486328 0.818750 0.544922
4 0.790625 0.953125 0.865625 0.898438 0.885938 0.933594 0.812500 0.990234
