0 0.810937 0.402344 0.857812 0.365234 0.868750 0.392578 0.825000 0.433594
0 0.931250 0.177734 0.967187 0.175781 0.968750 0.287109 0.931250 0.287109
0 0.789062 0.183594 0.848437 0.144531 0.864062 0.185547 0.807813 0.224609
0 0.775000 0.269531 0.837500 0.228516 0.854688 0.255859 0.787500 0.302734
0 0.935937 0.306641 0.968750 0.306641 0.970313 0.408203 0.935937 0.410156
0 0.940625 0.470703 0.970313 0.474609 0.968750 0.587891 0.935937 0.582031
0 0.942187 0.634766 0.976562 0.630859 0.982812 0.748047 0.945312 0.750000
0 0.445312 0.400391 0.481250 0.402344 0.478125 0.521484 0.446875 0.517578
0 0.304688 0.000000 0.375000 0.000000 0.373437 0.019531 0.300000 0.015625
0 0.298438 0.035156 0.385937 0.044922 0.381250 0.089844 0.293750 0.078125
0 0.285938 0.099609 0.368750 0.107422 0.364063 0.150391 0.278125 0.138672
0 0.264062 0.164062 0.354687 0.167969 0.350000 0.214844 0.262500 0.210938
0 0.259375 0.226562 0.350000 0.232422 0.346875 0.283203 0.256250 0.277344
0 0.260937 0.287109 0.346875 0.292969 0.343750 0.339844 0.256250 0.335938
0 0.262500 0.347656 0.356250 0.355469 0.354687 0.400391 0.262500 0.394531
0 0.268750 0.414062 0.362500 0.421875 0.356250 0.468750 0.265625 0.464844
0 0.281250 0.515625 0.370312 0.525391 0.368750 0.572266 0.275000 0.568359
0 0.250000 0.611328 0.343750 0.619141 0.343750 0.666016 0.246875 0.662109
0 0.240625 0.681641 0.329688 0.675781 0.331250 0.724609 0.242188 0.730469
0 0.243750 0.751953 0.326562 0.759766 0.325000 0.806641 0.242188 0.800781
0 0.223438 0.806641 0.325000 0.816406 0.318750 0.871094 0.220312 0.863281
0 0.225000 0.890625 0.326562 0.896484 0.323437 0.941406 0.223438 0.941406
0 0.231250 0.964844 0.323437 0.966797 0.323437 1.000000 0.229687 1.000000
0 0.807813 0.808594 0.857812 0.757812 0.876563 0.791016 0.832812 0.845703
0 0.795312 0.720703 0.850000 0.675781 0.868750 0.705078 0.817187 0.755859
