1 0.115625 0.095703 0.303125 0.289062 0.256250 0.357422 0.070312 0.158203
2 0.304688 0.425781 0.356250 0.376953 0.571875 0.623047 0.514062 0.701172
0 0.321875 0.617188 0.357812 0.572266 0.445312 0.667969 0.410938 0.714844
0 0.145313 0.375000 0.225000 0.441406 0.201563 0.486328 0.123438 0.417969
0 0.059375 0.281250 0.110937 0.269531 0.123438 0.404297 0.075000 0.408203
0 0.895312 0.257812 1.000000 0.357422 0.964063 0.400391 0.867188 0.304688
4 0.784375 0.150391 0.862500 0.220703 0.834375 0.269531 0.757812 0.195312
0 0.656250 0.025391 0.748437 0.105469 0.718750 0.148438 0.631250 0.062500
4 0.056250 0.197266 0.087500 0.238281 0.006250 0.320312 0.000000 0.275391
0 0.957812 0.007812 1.000000 0.105469 1.000000 0.164062 0.925000 0.052734
2 0.475000 0.708984 0.671875 0.916016 0.621875 0.994141 0.425000 0.775391
