0 0.393750 0.480469 0.478125 0.501953 0.467187 0.546875 0.381250 0.525391
1 0.639062 0.810547 0.910937 0.847656 0.893750 0.982422 0.643750 0.931641
2 0.332813 0.000000 0.389062 0.001953 0.260937 0.314453 0.193750 0.304688
2 0.314063 0.623047 0.662500 0.707031 0.625000 0.781250 0.292187 0.683594
2 0.359375 0.574219 0.670312 0.630859 0.659375 0.707031 0.345313 0.607422
2 0.542188 0.201172 0.596875 0.220703 0.556250 0.353516 0.509375 0.337891
2 0.604688 0.218750 0.653125 0.238281 0.617188 0.373047 0.565625 0.357422
2 0.285938 0.000000 0.337500 0.000000 0.232813 0.226562 0.175000 0.214844
2 0.226562 0.000000 0.285938 0.000000 0.173437 0.214844 0.106250 0.207031
0 0.267188 0.537109 0.360938 0.560547 0.340625 0.615234 0.243750 0.595703
0 0.359375 0.833984 0.443750 0.845703 0.437500 0.898438 0.351562 0.875000
0 0.585938 0.779297 0.614062 0.794922 0.589063 0.875000 0.551562 0.859375
