0 0.942187 0.291016 0.990625 0.287109 0.993750 0.431641 0.942187 0.427734
0 0.857812 0.289062 0.909375 0.287109 0.912500 0.441406 0.859375 0.437500
0 0.776563 0.291016 0.825000 0.279297 0.834375 0.433594 0.782813 0.439453
0 0.706250 0.291016 0.751563 0.294922 0.742188 0.425781 0.700000 0.421875
0 0.610938 0.294922 0.670312 0.285156 0.685937 0.427734 0.626563 0.443359
0 0.534375 0.302734 0.585938 0.292969 0.589063 0.437500 0.537500 0.443359
0 0.457813 0.298828 0.510938 0.294922 0.506250 0.443359 0.457813 0.441406
0 0.381250 0.302734 0.437500 0.304688 0.431250 0.441406 0.375000 0.443359
0 0.303125 0.289062 0.364063 0.292969 0.360938 0.451172 0.307812 0.451172
0 0.215625 0.302734 0.268750 0.279297 0.295312 0.433594 0.237500 0.443359
0 0.139063 0.302734 0.193750 0.298828 0.200000 0.455078 0.145313 0.460938
0 0.060937 0.308594 0.118750 0.306641 0.115625 0.449219 0.060937 0.455078
0 0.000000 0.302734 0.042188 0.302734 0.040625 0.433594 0.000000 0.435547
