0 0.517188 0.884766 0.543750 0.867188 0.582812 0.951172 0.557813 0.966797
1 0.500000 0.728516 0.534375 0.701172 0.596875 0.816406 0.560937 0.845703
1 0.445312 0.615234 0.487500 0.597656 0.531250 0.699219 0.493750 0.720703
0 0.137500 0.000000 0.171875 0.000000 0.192188 0.044922 0.167187 0.060547
0 0.168750 0.070312 0.192188 0.056641 0.225000 0.123047 0.201563 0.138672
0 0.204687 0.152344 0.235937 0.134766 0.257812 0.201172 0.237500 0.210938
0 0.243750 0.222656 0.273438 0.207031 0.310937 0.285156 0.284375 0.296875
0 0.281250 0.312500 0.314063 0.292969 0.346875 0.355469 0.317188 0.375000
0 0.332813 0.380859 0.357812 0.367188 0.387500 0.431641 0.359375 0.447266
0 0.367188 0.462891 0.396875 0.449219 0.426563 0.517578 0.400000 0.533203
0 0.407813 0.542969 0.434375 0.525391 0.465625 0.595703 0.442188 0.613281
0 0.010937 0.537109 0.040625 0.517578 0.068750 0.591797 0.039062 0.615234
0 0.045312 0.628906 0.075000 0.609375 0.107813 0.693359 0.078125 0.714844
0 0.085938 0.724609 0.112500 0.707031 0.146875 0.783203 0.117188 0.802734
0 0.125000 0.812500 0.154688 0.798828 0.187500 0.882812 0.157812 0.896484
0 0.168750 0.916016 0.198437 0.896484 0.234375 0.994141 0.204687 1.000000
0 0.478125 0.773438 0.507812 0.757812 0.545312 0.837891 0.520312 0.855469
0 0.557813 0.857422 0.589063 0.837891 0.632812 0.925781 0.603125 0.943359
0 0.626563 0.781250 0.700000 0.810547 0.690625 0.845703 0.617188 0.808594
0 0.584375 0.666016 0.660937 0.681641 0.653125 0.720703 0.576562 0.707031
4 0.556250 0.613281 0.635938 0.613281 0.635938 0.662109 0.556250 0.662109
0 0.526563 0.568359 0.607812 0.568359 0.607812 0.603516 0.526563 0.603516
0 0.514062 0.513672 0.573438 0.513672 0.573438 0.550781 0.514062 0.550781
0 0.481250 0.472656 0.546875 0.472656 0.546875 0.507812 0.481250 0.507812
0 0.454688 0.421875 0.515625 0.421875 0.515625 0.460938 0.454688 0.460938
0 0.428125 0.376953 0.498437 0.376953 0.498437 0.414062 0.428125 0.414062
0 0.403125 0.330078 0.476562 0.330078 0.476562 0.365234 0.403125 0.365234
0 0.379688 0.271484 0.445312 0.271484 0.445312 0.314453 0.379688 0.314453
0 0.350000 0.230469 0.426563 0.230469 0.426563 0.269531 0.350000 0.269531
0 0.323437 0.181641 0.400000 0.181641 0.400000 0.218750 0.323437 0.218750
0 0.304688 0.148438 0.378125 0.148438 0.378125 0.179688 0.304688 0.179688
0 0.285938 0.105469 0.357812 0.105469 0.357812 0.138672 0.285938 0.138672
0 0.264062 0.052734 0.342187 0.052734 0.342187 0.091797 0.264062 0.091797
0 0.234375 0.011719 0.309375 0.011719 0.309375 0.052734 0.234375 0.052734
