1 0.840625 0.058594 0.859375 0.039062 1.000000 0.128906 1.000000 0.162109
1 0.832812 0.062500 1.000000 0.169922 0.993750 0.207031 0.815625 0.091797
1 0.771875 0.105469 0.792188 0.087891 0.978125 0.197266 0.968750 0.226562
1 0.768750 0.109375 0.960938 0.220703 0.945312 0.261719 0.753125 0.144531
1 0.717187 0.197266 0.923438 0.308594 0.914062 0.332031 0.703125 0.216797
1 0.742188 0.173828 0.946875 0.277344 0.926562 0.308594 0.729688 0.195312
1 0.785937 0.265625 0.904687 0.324219 0.885938 0.359375 0.767188 0.291016
1 0.678125 0.224609 0.867188 0.351562 0.851562 0.392578 0.651563 0.261719
1 0.732812 0.328125 0.851562 0.392578 0.829688 0.427734 0.712500 0.363281
1 0.632812 0.322266 0.832812 0.435547 0.807813 0.476562 0.615625 0.355469
1 0.606250 0.355469 0.800000 0.480469 0.782813 0.523438 0.584375 0.390625
1 0.551562 0.416016 0.573438 0.392578 0.776563 0.519531 0.760938 0.566406
1 0.539062 0.414062 0.754687 0.556641 0.735938 0.605469 0.525000 0.451172
1 0.495312 0.480469 0.525000 0.451172 0.676562 0.560547 0.664062 0.599609
1 0.465625 0.511719 0.493750 0.484375 0.682813 0.607422 0.667188 0.652344
1 0.459375 0.513672 0.665625 0.654297 0.643750 0.701172 0.437500 0.548828
1 0.406250 0.597656 0.440625 0.554688 0.606250 0.669922 0.581250 0.718750
1 0.387500 0.611328 0.517188 0.685547 0.496875 0.728516 0.364063 0.642578
1 0.350000 0.638672 0.509375 0.728516 0.487500 0.781250 0.318750 0.687500
1 0.907813 0.628906 0.951562 0.617188 1.000000 0.839844 1.000000 0.853516
1 0.857812 0.666016 0.900000 0.654297 1.000000 0.880859 0.948438 0.917969
1 0.823438 0.744141 0.867188 0.738281 0.946875 0.966797 0.901563 0.988281
0 0.339062 0.734375 0.359375 0.710938 0.421875 0.757812 0.393750 0.789062
0 0.440625 0.767578 0.490625 0.798828 0.478125 0.822266 0.428125 0.794922
0 0.232813 0.052734 0.276562 0.013672 0.289062 0.039062 0.253125 0.076172
0 0.101562 0.679688 0.115625 0.689453 0.095312 0.742188 0.076563 0.726562
0 0.140625 0.697266 0.156250 0.712891 0.115625 0.783203 0.096875 0.765625
0 0.440625 0.443359 0.464062 0.468750 0.417187 0.525391 0.390625 0.507812
