0 0.845313 0.011719 0.871875 0.013672 0.871875 0.078125 0.842187 0.082031
0 0.756250 0.072266 0.785937 0.074219 0.782813 0.132812 0.750000 0.130859
0 0.206250 0.429688 0.232813 0.445312 0.210938 0.521484 0.173437 0.503906
0 0.150000 0.433594 0.178125 0.439453 0.162500 0.519531 0.126562 0.511719
0 0.306250 0.277344 0.335938 0.283203 0.323437 0.353516 0.290625 0.347656
0 0.317188 0.191406 0.346875 0.197266 0.334375 0.267578 0.301563 0.261719
0 0.250000 0.076172 0.307812 0.095703 0.298438 0.130859 0.239063 0.121094
0 0.206250 0.179688 0.271875 0.167969 0.281250 0.207031 0.212500 0.212891
0 0.196875 0.214844 0.267188 0.228516 0.262500 0.269531 0.184375 0.259766
0 0.187500 0.279297 0.248438 0.289062 0.243750 0.330078 0.175000 0.324219
2 0.796875 0.605469 0.846875 0.603516 0.853125 0.777344 0.801562 0.781250
0 0.814063 0.794922 0.846875 0.792969 0.848437 0.863281 0.814063 0.867188
0 0.678125 0.816406 0.717187 0.820312 0.714063 0.919922 0.673438 0.912109
0 0.598437 0.662109 0.642188 0.667969 0.631250 0.767578 0.585938 0.763672
