0 0.489063 0.294922 0.525000 0.271484 0.581250 0.345703 0.556250 0.378906
0 0.378125 0.128906 0.404687 0.097656 0.468750 0.181641 0.434375 0.212891
0 0.417187 0.101562 0.448437 0.070312 0.504687 0.152344 0.475000 0.181641
0 0.464062 0.062500 0.495312 0.037109 0.551562 0.119141 0.521875 0.156250
0 0.504687 0.031250 0.534375 0.003906 0.589063 0.083984 0.562500 0.109375
0 0.535937 0.000000 0.568750 0.000000 0.625000 0.046875 0.595313 0.074219
0 0.317188 0.054688 0.345313 0.027344 0.404687 0.101562 0.373437 0.132812
0 0.356250 0.027344 0.381250 0.003906 0.437500 0.072266 0.410938 0.099609
0 0.393750 0.000000 0.423438 0.000000 0.482812 0.041016 0.456250 0.070312
0 0.029687 0.324219 0.070312 0.294922 0.126562 0.388672 0.082812 0.421875
0 0.076563 0.300781 0.107813 0.269531 0.168750 0.361328 0.137500 0.390625
0 0.165625 0.238281 0.201563 0.203125 0.257812 0.300781 0.220312 0.328125
0 0.209375 0.197266 0.237500 0.175781 0.292187 0.263672 0.265625 0.292969
0 0.154688 0.125000 0.187500 0.093750 0.237500 0.175781 0.203125 0.205078
0 0.101562 0.152344 0.137500 0.125000 0.196875 0.203125 0.159375 0.240234
0 0.060937 0.183594 0.095312 0.160156 0.142187 0.242188 0.114062 0.275391
0 0.020313 0.216797 0.051562 0.193359 0.100000 0.273438 0.065625 0.296875
0 0.004687 0.107422 0.031250 0.083984 0.082812 0.164062 0.054688 0.189453
0 0.040625 0.066406 0.070312 0.041016 0.123438 0.121094 0.093750 0.148438
0 0.090625 0.046875 0.126562 0.023438 0.173437 0.101562 0.142187 0.128906
0 0.010937 0.222656 0.057813 0.308594 0.021875 0.335938 0.000000 0.248047
0 0.001563 0.125000 0.046875 0.195312 0.017188 0.226562 0.000000 0.150391
0 0.000000 0.000000 0.020313 0.000000 0.057813 0.050781 0.029687 0.070312
0 0.906250 0.048828 0.935937 0.019531 1.000000 0.093750 0.973437 0.128906
0 0.798438 0.011719 0.826562 0.000000 0.890625 0.044922 0.860938 0.076172
0 0.967187 0.128906 1.000000 0.207031 1.000000 0.246094 0.939063 0.167969
0 0.914062 0.369141 0.956250 0.324219 1.000000 0.414062 0.989062 0.464844
0 0.937500 0.863281 1.000000 0.960938 0.989062 1.000000 0.907813 0.904297
0 0.701562 0.906250 0.739062 0.869141 0.820312 0.986328 0.779687 1.000000
0 0.654687 0.953125 0.689063 0.910156 0.762500 1.000000 0.726562 1.000000
0 0.814063 0.792969 0.851562 0.753906 0.928125 0.855469 0.890625 0.898438
0 0.054688 0.941406 0.092188 0.906250 0.145313 1.000000 0.107813 1.000000
0 0.000000 0.648438 0.060937 0.750000 0.017188 0.789062 0.000000 0.681641
0 0.268750 0.919922 0.301563 0.884766 0.373437 0.980469 0.340625 1.000000
0 0.000000 0.843750 0.028125 0.810547 0.085938 0.902344 0.051562 0.929688
0 0.032813 0.792969 0.070312 0.761719 0.125000 0.859375 0.095312 0.898438
0 0.025000 0.650391 0.056250 0.628906 0.110937 0.720703 0.076563 0.753906
0 0.075000 0.626953 0.110937 0.599609 0.162500 0.685547 0.123438 0.718750
0 0.129688 0.718750 0.160938 0.687500 0.220312 0.781250 0.192188 0.818359
0 0.084375 0.757812 0.126562 0.728516 0.182812 0.826172 0.142187 0.855469
0 0.146875 0.863281 0.179688 0.830078 0.245312 0.927734 0.212500 0.957031
0 0.145313 0.550781 0.185938 0.513672 0.251563 0.613281 0.218750 0.648438
0 0.189062 0.503906 0.226562 0.466797 0.289062 0.550781 0.248438 0.593750
0 0.279687 0.447266 0.320312 0.408203 0.382812 0.488281 0.356250 0.533203
0 0.306250 0.554688 0.342187 0.515625 0.410938 0.613281 0.376563 0.652344
0 0.259375 0.585938 0.292187 0.558594 0.353125 0.652344 0.325000 0.687500
0 0.223438 0.648438 0.254688 0.619141 0.314063 0.707031 0.279687 0.736328
0 0.198437 0.822266 0.239063 0.789062 0.298438 0.875000 0.262500 0.912109
0 0.251563 0.777344 0.279687 0.742188 0.350000 0.832031 0.307812 0.869141
0 0.289062 0.738281 0.323437 0.703125 0.389062 0.796875 0.357812 0.832031
0 0.329688 0.679688 0.367188 0.656250 0.431250 0.746094 0.400000 0.789062
0 0.390625 0.658203 0.420312 0.626953 0.479687 0.718750 0.451562 0.753906
0 0.431250 0.613281 0.462500 0.583984 0.520312 0.683594 0.495312 0.710938
0 0.389062 0.496094 0.460938 0.582031 0.426563 0.613281 0.364063 0.529297
0 0.407813 0.486328 0.439063 0.451172 0.500000 0.541016 0.467187 0.570312
0 0.468750 0.570312 0.507812 0.539062 0.565625 0.636719 0.529687 0.667969
0 0.535937 0.664062 0.568750 0.630859 0.632812 0.730469 0.604688 0.759766
0 0.451562 0.757812 0.495312 0.722656 0.562500 0.830078 0.521875 0.869141
0 0.401562 0.785156 0.429688 0.751953 0.504687 0.851562 0.476562 0.890625
0 0.360938 0.832031 0.401562 0.804688 0.454688 0.898438 0.420312 0.927734
0 0.320312 0.878906 0.357812 0.845703 0.425000 0.949219 0.387500 0.984375
0 0.446875 0.330078 0.476562 0.296875 0.539062 0.376953 0.510938 0.416016
0 0.335938 0.167969 0.367188 0.136719 0.429688 0.214844 0.406250 0.248047
0 0.546875 0.220703 0.607812 0.298828 0.585938 0.324219 0.521875 0.253906
0 0.521875 0.421875 0.548438 0.388672 0.607812 0.466797 0.579688 0.496094
0 0.557813 0.228516 0.592187 0.193359 0.648438 0.269531 0.618750 0.300781
0 0.604688 0.191406 0.629687 0.164062 0.689063 0.242188 0.670312 0.275391
0 0.642188 0.164062 0.667188 0.132812 0.726562 0.210938 0.700000 0.240234
0 0.689063 0.132812 0.715625 0.105469 0.782813 0.183594 0.750000 0.210938
0 0.717187 0.089844 0.748437 0.058594 0.807813 0.126953 0.782813 0.160156
0 0.757812 0.058594 0.785937 0.023438 0.848437 0.095703 0.815625 0.132812
0 0.892188 0.056641 0.957812 0.128906 0.929688 0.160156 0.868750 0.089844
0 0.829688 0.134766 0.856250 0.101562 0.920312 0.175781 0.895312 0.207031
0 0.789062 0.167969 0.817187 0.132812 0.889062 0.216797 0.860938 0.250000
0 0.754687 0.207031 0.782813 0.175781 0.842187 0.250000 0.812500 0.283203
0 0.712500 0.250000 0.745313 0.220703 0.804688 0.296875 0.776563 0.326172
0 0.873437 0.253906 0.906250 0.214844 0.970313 0.294922 0.935937 0.332031
0 0.934375 0.164062 1.000000 0.244141 0.976562 0.283203 0.907813 0.203125
0 0.859375 0.250000 0.928125 0.330078 0.907813 0.365234 0.834375 0.289062
0 0.667188 0.277344 0.704688 0.240234 0.756250 0.318359 0.723437 0.349609
0 0.664062 0.273438 0.732812 0.353516 0.700000 0.390625 0.635938 0.312500
0 0.587500 0.343750 0.617188 0.312500 0.676562 0.388672 0.648438 0.425781
0 0.557813 0.382812 0.589063 0.345703 0.654687 0.431641 0.626563 0.464844
0 0.589063 0.505859 0.617188 0.476562 0.679688 0.554688 0.651563 0.585938
0 0.629687 0.464844 0.657813 0.441406 0.723437 0.519531 0.696875 0.552734
0 0.685937 0.390625 0.760938 0.482422 0.734375 0.521484 0.657813 0.429688
0 0.704688 0.388672 0.734375 0.351562 0.801562 0.437500 0.768750 0.476562
0 0.748437 0.355469 0.776563 0.322266 0.842187 0.410156 0.814063 0.435547
0 0.815625 0.285156 0.889062 0.371094 0.865625 0.404297 0.792188 0.322266
0 0.826562 0.437500 0.859375 0.406250 0.925000 0.492188 0.895312 0.527344
0 0.784375 0.484375 0.815625 0.445312 0.882812 0.527344 0.851562 0.570312
0 0.739062 0.517578 0.770312 0.480469 0.835938 0.574219 0.810937 0.607422
0 0.731250 0.527344 0.800000 0.613281 0.767188 0.650391 0.704688 0.562500
0 0.659375 0.591797 0.695312 0.562500 0.760938 0.662109 0.731250 0.693359
