0 0.204687 0.572266 0.232813 0.574219 0.229687 0.638672 0.204687 0.636719
0 0.142187 0.527344 0.204687 0.527344 0.206250 0.562500 0.139063 0.562500
0 0.139063 0.484375 0.210938 0.484375 0.210938 0.521484 0.139063 0.523438
0 0.223438 0.380859 0.246875 0.376953 0.245312 0.445312 0.215625 0.441406
0 0.223438 0.316406 0.251563 0.318359 0.254688 0.375000 0.218750 0.375000
0 0.235937 0.140625 0.260937 0.136719 0.262500 0.197266 0.235937 0.197266
0 0.253125 0.058594 0.271875 0.070312 0.264062 0.125000 0.240625 0.125000
0 0.303125 0.093750 0.332813 0.095703 0.328125 0.148438 0.300000 0.146484
0 0.378125 0.048828 0.400000 0.029297 0.435937 0.072266 0.415625 0.091797
0 0.957812 0.878906 0.996875 0.871094 1.000000 0.968750 0.968750 0.974609
0 0.187500 0.902344 0.220312 0.902344 0.218750 0.992188 0.184375 0.992188
0 0.193750 0.796875 0.226562 0.800781 0.221875 0.892578 0.187500 0.888672
0 0.200000 0.652344 0.226562 0.656250 0.226562 0.734375 0.193750 0.736328
