0 0.356250 0.023438 0.403125 0.023438 0.395313 0.132812 0.346875 0.128906
0 0.162500 0.021484 0.192188 0.000000 0.282813 0.021484 0.259375 0.076172
0 0.265625 0.595703 0.306250 0.562500 0.367188 0.662109 0.323437 0.699219
4 0.084375 0.714844 0.204687 0.724609 0.200000 0.791016 0.082812 0.775391
0 0.098437 0.787109 0.218750 0.792969 0.215625 0.865234 0.093750 0.855469
0 0.090625 0.878906 0.209375 0.888672 0.204687 0.947266 0.087500 0.941406
0 0.075000 0.964844 0.190625 0.968750 0.184375 1.000000 0.073438 1.000000
0 0.000000 0.070312 0.037500 0.085938 0.032813 0.144531 0.000000 0.128906
0 0.126562 0.382812 0.214062 0.341797 0.231250 0.392578 0.139063 0.435547
0 0.131250 0.314453 0.217188 0.273438 0.239063 0.322266 0.145313 0.363281
4 0.175000 0.037109 0.264062 0.105469 0.242188 0.148438 0.151562 0.082031
0 0.323437 0.343750 0.367188 0.351562 0.357812 0.478516 0.315625 0.474609
0 0.118750 0.468750 0.210938 0.417969 0.229687 0.466797 0.132812 0.517578
0 0.115625 0.550781 0.201563 0.480469 0.229687 0.525391 0.137500 0.597656
0 0.110937 0.628906 0.200000 0.570312 0.218750 0.617188 0.134375 0.673828
0 0.740625 0.265625 0.835938 0.308594 0.818750 0.359375 0.725000 0.322266
0 0.379688 0.275391 0.460938 0.314453 0.448437 0.361328 0.365625 0.328125
0 0.410938 0.158203 0.485938 0.160156 0.485938 0.216797 0.409375 0.214844
