0 0.351562 0.734375 0.423438 0.732422 0.426563 0.773438 0.351562 0.771484
0 0.239063 0.414062 0.304688 0.412109 0.307812 0.447266 0.239063 0.451172
0 0.239063 0.453125 0.307812 0.451172 0.307812 0.480469 0.239063 0.482422
0 0.242188 0.486328 0.307812 0.486328 0.307812 0.515625 0.242188 0.517578
0 0.210938 0.775391 0.289062 0.775391 0.289062 0.818359 0.207813 0.822266
0 0.351562 0.431641 0.423438 0.431641 0.423438 0.466797 0.348438 0.466797
0 0.342187 0.529297 0.420312 0.527344 0.420312 0.572266 0.342187 0.572266
0 0.345313 0.580078 0.420312 0.578125 0.420312 0.609375 0.342187 0.619141
0 0.348438 0.619141 0.420312 0.615234 0.420312 0.656250 0.348438 0.658203
0 0.348438 0.660156 0.417187 0.658203 0.420312 0.691406 0.345313 0.701172
0 0.548438 0.658203 0.579688 0.658203 0.579688 0.728516 0.548438 0.726562
0 0.348438 0.697266 0.417187 0.693359 0.417187 0.724609 0.348438 0.730469
