0 0.689063 0.677734 0.779687 0.677734 0.779687 0.722656 0.689063 0.722656
0 0.390625 0.685547 0.482812 0.685547 0.482812 0.738281 0.390625 0.738281
0 0.575000 0.535156 0.662500 0.535156 0.662500 0.587891 0.575000 0.587891
0 0.240625 0.685547 0.328125 0.685547 0.328125 0.726562 0.240625 0.726562
2 0.121875 0.667969 0.214062 0.667969 0.214062 0.724609 0.121875 0.724609
0 0.306250 0.519531 0.392188 0.535156 0.384375 0.578125 0.300000 0.562500
0 0.056250 0.544922 0.129688 0.494141 0.148438 0.527344 0.075000 0.580078
0 0.143750 0.242188 0.176563 0.248047 0.168750 0.337891 0.134375 0.332031
0 0.907813 0.597656 0.984375 0.597656 0.984375 0.650391 0.907813 0.650391
0 0.893750 0.525391 0.978125 0.525391 0.978125 0.572266 0.893750 0.572266
0 0.776563 0.529297 0.865625 0.529297 0.865625 0.580078 0.776563 0.580078
0 0.556250 0.675781 0.645312 0.675781 0.645312 0.720703 0.556250 0.720703
