0 0.779687 0.921875 0.818750 0.917969 0.831250 1.000000 0.792188 1.000000
0 0.931250 0.894531 0.975000 0.890625 0.982812 1.000000 0.942187 1.000000
4 0.207813 0.898438 0.254688 0.894531 0.251563 1.000000 0.206250 1.000000
0 0.618750 0.335938 0.651563 0.335938 0.650000 0.421875 0.617188 0.425781
0 0.556250 0.333984 0.590625 0.333984 0.589063 0.429688 0.554688 0.429688
0 0.493750 0.347656 0.534375 0.347656 0.531250 0.453125 0.490625 0.453125
0 0.437500 0.347656 0.475000 0.349609 0.478125 0.457031 0.440625 0.457031
0 0.268750 0.335938 0.301563 0.332031 0.300000 0.421875 0.268750 0.421875
0 0.220312 0.333984 0.250000 0.330078 0.253125 0.417969 0.220312 0.419922
0 0.432812 0.138672 0.464062 0.125000 0.492188 0.226562 0.459375 0.238281
0 0.601562 0.117188 0.632812 0.109375 0.645312 0.218750 0.612500 0.222656
0 0.809375 0.169922 0.896875 0.142578 0.906250 0.183594 0.817187 0.210938
0 0.917188 0.140625 1.000000 0.132812 1.000000 0.177734 0.918750 0.183594
0 0.801562 0.037109 0.835938 0.042969 0.825000 0.154297 0.785937 0.144531
