0 0.689063 0.525391 0.710938 0.535156 0.687500 0.595703 0.665625 0.582031
0 0.629687 0.515625 0.653125 0.523438 0.635938 0.576172 0.614062 0.564453
0 0.600000 0.488281 0.621875 0.498047 0.600000 0.554688 0.579688 0.542969
0 0.334375 0.414062 0.356250 0.406250 0.373437 0.460938 0.351562 0.468750
0 0.026562 0.023438 0.048438 0.017578 0.062500 0.076172 0.040625 0.082031
0 0.781250 0.851562 0.807813 0.839844 0.837500 0.916016 0.812500 0.929688
0 0.968750 0.966797 1.000000 0.980469 1.000000 1.000000 0.964063 0.996094
0 0.932813 0.804688 0.960938 0.789062 0.992188 0.859375 0.967187 0.875000
0 0.900000 0.816406 0.921875 0.804688 0.951562 0.873047 0.926562 0.884766
0 0.860938 0.824219 0.881250 0.812500 0.912500 0.886719 0.892188 0.896484
1 0.020313 0.794922 0.109375 0.767578 0.121875 0.820312 0.032813 0.851562
1 0.059375 0.697266 0.143750 0.693359 0.145313 0.755859 0.057813 0.757812
0 0.993750 0.439453 1.000000 0.447266 1.000000 0.505859 0.978125 0.492188
0 0.939063 0.457031 0.964063 0.466797 0.950000 0.523438 0.926562 0.513672
0 0.904687 0.464844 0.923438 0.472656 0.912500 0.525391 0.893750 0.517578
0 0.856250 0.482422 0.881250 0.488281 0.873437 0.546875 0.846875 0.539062
4 0.048438 0.423828 0.079687 0.410156 0.101562 0.505859 0.068750 0.515625
0 0.806250 0.494141 0.832812 0.501953 0.817187 0.568359 0.792188 0.558594
0 0.768750 0.509766 0.787500 0.517578 0.776563 0.576172 0.754687 0.568359
0 0.731250 0.523438 0.751563 0.535156 0.732812 0.595703 0.710938 0.587891
