0 0.504687 0.859375 0.540625 0.845703 0.576562 0.943359 0.534375 0.960938
0 0.457813 0.876953 0.493750 0.863281 0.529687 0.960938 0.487500 0.978516
0 0.918750 0.361328 0.948438 0.343750 0.982812 0.431641 0.953125 0.449219
0 0.878125 0.392578 0.907813 0.375000 0.942187 0.462891 0.912500 0.480469
0 0.835938 0.404297 0.865625 0.386719 0.900000 0.474609 0.870313 0.492188
0 0.793750 0.421875 0.823438 0.404297 0.857812 0.492188 0.828125 0.509766
0 0.748437 0.427734 0.778125 0.410156 0.812500 0.498047 0.782813 0.515625
0 0.706250 0.445312 0.735938 0.427734 0.770312 0.515625 0.740625 0.533203
0 0.664062 0.464844 0.693750 0.447266 0.726562 0.537109 0.693750 0.552734
0 0.621875 0.494141 0.651563 0.476562 0.684375 0.566406 0.651563 0.582031
0 0.581250 0.511719 0.610938 0.494141 0.643750 0.583984 0.610938 0.599609
0 0.842187 0.310547 0.871875 0.292969 0.909375 0.371094 0.875000 0.386719
0 0.798438 0.224609 0.828125 0.207031 0.865625 0.285156 0.831250 0.300781
0 0.715625 0.255859 0.745313 0.238281 0.782813 0.316406 0.748437 0.332031
0 0.753125 0.341797 0.782813 0.324219 0.820312 0.402344 0.785937 0.417969
0 0.709375 0.349609 0.739062 0.332031 0.776563 0.410156 0.742188 0.425781
0 0.670312 0.271484 0.700000 0.253906 0.737500 0.332031 0.703125 0.347656
0 0.631250 0.292969 0.660937 0.275391 0.698438 0.353516 0.664062 0.369141
0 0.667188 0.373047 0.696875 0.355469 0.734375 0.433594 0.700000 0.449219
0 0.623437 0.384766 0.653125 0.367188 0.690625 0.445312 0.656250 0.460938
0 0.589063 0.310547 0.618750 0.292969 0.656250 0.371094 0.621875 0.386719
0 0.548438 0.322266 0.578125 0.304688 0.615625 0.382812 0.581250 0.398438
0 0.582812 0.412109 0.612500 0.394531 0.650000 0.472656 0.615625 0.488281
0 0.543750 0.427734 0.573438 0.410156 0.610938 0.488281 0.576562 0.503906
0 0.510938 0.347656 0.540625 0.330078 0.578125 0.408203 0.543750 0.423828
0 0.475000 0.369141 0.504687 0.351562 0.542188 0.429688 0.507812 0.445312
0 0.778125 0.060547 0.806250 0.048828 0.837500 0.119141 0.812500 0.138672
0 0.700000 0.007812 0.728125 0.000000 0.759375 0.066406 0.734375 0.085938
0 0.743750 0.000000 0.771875 0.000000 0.804688 0.044922 0.775000 0.062500
0 0.664062 0.019531 0.692187 0.007812 0.726562 0.078125 0.692187 0.091797
0 0.610938 0.007812 0.639062 0.000000 0.673438 0.066406 0.639062 0.080078
0 0.570312 0.033203 0.598437 0.021484 0.631250 0.097656 0.606250 0.113281
0 0.529687 0.046875 0.557813 0.035156 0.590625 0.109375 0.560937 0.125000
0 0.450000 0.074219 0.478125 0.062500 0.510938 0.136719 0.481250 0.152344
0 0.403125 0.097656 0.431250 0.085938 0.459375 0.154297 0.431250 0.164062
0 0.368750 0.121094 0.396875 0.109375 0.425000 0.177734 0.396875 0.187500
0 0.326562 0.132812 0.354687 0.121094 0.385937 0.207031 0.353125 0.212891
0 0.289062 0.154297 0.317188 0.142578 0.342187 0.207031 0.310937 0.216797
0 0.246875 0.171875 0.275000 0.160156 0.300000 0.224609 0.268750 0.234375
0 0.193750 0.000000 0.221875 0.000000 0.254688 0.074219 0.220312 0.087891
0 0.234375 0.000000 0.262500 0.000000 0.295312 0.058594 0.260937 0.072266
0 0.054688 0.048828 0.082812 0.037109 0.115625 0.123047 0.081250 0.136719
0 0.014063 0.060547 0.042188 0.048828 0.068750 0.142578 0.035937 0.150391
0 0.131250 0.166016 0.159375 0.154297 0.179688 0.228516 0.151562 0.240234
0 0.153125 0.240234 0.181250 0.228516 0.207813 0.316406 0.176563 0.326172
0 0.114062 0.257812 0.142187 0.246094 0.175000 0.347656 0.140625 0.361328
0 0.071875 0.281250 0.100000 0.269531 0.129688 0.351562 0.095312 0.365234
0 0.031250 0.291016 0.059375 0.279297 0.090625 0.373047 0.054688 0.386719
0 0.000000 0.308594 0.017188 0.296875 0.045312 0.386719 0.010937 0.396484
0 0.004687 0.228516 0.032813 0.216797 0.053125 0.283203 0.021875 0.294922
0 0.048438 0.208984 0.076563 0.197266 0.096875 0.263672 0.065625 0.275391
0 0.095312 0.191406 0.123438 0.179688 0.143750 0.246094 0.112500 0.257812
0 0.203125 0.414062 0.231250 0.402344 0.253125 0.488281 0.225000 0.500000
0 0.159375 0.437500 0.192188 0.427734 0.206250 0.505859 0.176563 0.519531
0 0.115625 0.453125 0.148438 0.443359 0.167187 0.525391 0.137500 0.535156
0 0.009375 0.488281 0.042188 0.478516 0.065625 0.564453 0.032813 0.576172
0 0.050000 0.570312 0.082812 0.560547 0.106250 0.646484 0.073438 0.658203
0 0.003125 0.597656 0.035937 0.587891 0.059375 0.673828 0.026562 0.685547
0 0.101562 0.558594 0.134375 0.548828 0.150000 0.625000 0.120313 0.638672
0 0.142187 0.541016 0.175000 0.531250 0.193750 0.613281 0.160938 0.621094
0 0.482812 0.152344 0.509375 0.138672 0.543750 0.230469 0.512500 0.250000
0 0.232813 0.503906 0.265625 0.494141 0.289062 0.580078 0.256250 0.595703
0 0.262500 0.587891 0.295312 0.578125 0.318750 0.664062 0.285938 0.679688
0 0.285938 0.679688 0.318750 0.669922 0.345313 0.765625 0.314063 0.787109
0 0.245312 0.693359 0.278125 0.683594 0.303125 0.796875 0.268750 0.808594
0 0.215625 0.607422 0.248438 0.597656 0.273438 0.679688 0.237500 0.693359
0 0.168750 0.626953 0.201563 0.617188 0.223438 0.712891 0.189062 0.716797
0 0.121875 0.644531 0.154688 0.634766 0.179688 0.718750 0.142187 0.734375
0 0.078125 0.662109 0.110937 0.652344 0.135937 0.736328 0.098437 0.751953
0 0.032813 0.691406 0.065625 0.681641 0.093750 0.771484 0.054688 0.791016
0 0.000000 0.701172 0.018750 0.691406 0.046875 0.781250 0.007812 0.800781
0 0.012500 0.794922 0.045312 0.785156 0.075000 0.892578 0.032813 0.910156
0 0.103125 0.742188 0.135937 0.732422 0.165625 0.839844 0.123438 0.857422
0 0.153125 0.728516 0.185938 0.718750 0.215625 0.826172 0.173437 0.843750
0 0.187500 0.515625 0.220312 0.505859 0.243750 0.595703 0.210938 0.607422
0 0.467187 0.476562 0.496875 0.458984 0.534375 0.537109 0.500000 0.552734
0 0.562500 0.123047 0.589063 0.109375 0.631250 0.201172 0.600000 0.218750
0 0.612500 0.117188 0.639062 0.103516 0.670312 0.171875 0.643750 0.189453
0 0.640625 0.087891 0.667188 0.074219 0.703125 0.156250 0.676562 0.173828
0 0.693750 0.083984 0.720313 0.070312 0.762500 0.164062 0.729688 0.173828
0 0.735938 0.074219 0.770312 0.064453 0.801562 0.138672 0.770312 0.152344
0 0.504687 0.449219 0.534375 0.431641 0.571875 0.509766 0.537500 0.525391
4 0.318750 0.216797 0.345313 0.203125 0.373437 0.294922 0.339062 0.304688
0 0.543750 0.527344 0.573438 0.509766 0.606250 0.599609 0.573438 0.615234
0 0.503125 0.548828 0.532813 0.531250 0.565625 0.621094 0.532813 0.636719
0 0.459375 0.568359 0.489063 0.550781 0.521875 0.640625 0.489063 0.656250
0 0.417187 0.580078 0.446875 0.562500 0.481250 0.656250 0.446875 0.671875
0 0.407813 0.689453 0.440625 0.673828 0.471875 0.767578 0.439063 0.781250
0 0.451562 0.667969 0.484375 0.656250 0.514062 0.750000 0.479687 0.765625
0 0.495312 0.652344 0.525000 0.634766 0.557813 0.734375 0.523438 0.750000
0 0.539062 0.640625 0.568750 0.625000 0.607812 0.718750 0.575000 0.730469
0 0.585938 0.613281 0.615625 0.597656 0.654687 0.691406 0.621875 0.703125
0 0.625000 0.593750 0.654687 0.578125 0.693750 0.671875 0.660937 0.683594
0 0.667188 0.574219 0.696875 0.558594 0.735938 0.652344 0.703125 0.664062
0 0.704688 0.552734 0.734375 0.537109 0.778125 0.626953 0.740625 0.642578
0 0.746875 0.535156 0.776563 0.519531 0.820312 0.609375 0.782813 0.625000
0 0.789062 0.515625 0.818750 0.500000 0.862500 0.589844 0.825000 0.605469
0 0.835938 0.505859 0.865625 0.490234 0.909375 0.580078 0.871875 0.595703
0 0.879687 0.482422 0.909375 0.466797 0.946875 0.554688 0.915625 0.572266
0 0.921875 0.466797 0.951562 0.451172 0.993750 0.542969 0.960938 0.564453
0 0.950000 0.888672 0.985938 0.875000 1.000000 0.970703 0.990625 0.992188
0 0.909375 0.917969 0.945312 0.904297 0.987500 1.000000 0.950000 1.000000
0 0.628125 0.919922 0.664062 0.906250 0.706250 1.000000 0.668750 1.000000
0 0.670312 0.900391 0.706250 0.886719 0.748437 0.982422 0.710938 1.000000
0 0.717187 0.888672 0.753125 0.875000 0.795312 0.970703 0.757812 0.992188
0 0.765625 0.867188 0.801562 0.853516 0.843750 0.949219 0.806250 0.970703
0 0.807813 0.841797 0.843750 0.828125 0.885938 0.923828 0.848437 0.945312
0 0.856250 0.816406 0.892188 0.802734 0.931250 0.892578 0.893750 0.912109
0 0.946875 0.767578 0.982812 0.753906 1.000000 0.843750 0.984375 0.863281
0 0.898438 0.789062 0.934375 0.775391 0.973437 0.865234 0.935937 0.884766
0 0.895312 0.667969 0.931250 0.654297 0.970313 0.744141 0.932813 0.763672
0 0.856250 0.689453 0.892188 0.675781 0.931250 0.765625 0.893750 0.785156
0 0.809375 0.714844 0.845313 0.701172 0.881250 0.800781 0.845313 0.814453
0 0.760938 0.732422 0.796875 0.718750 0.832812 0.818359 0.796875 0.832031
0 0.725000 0.769531 0.760938 0.755859 0.796875 0.855469 0.760938 0.869141
0 0.678125 0.783203 0.714063 0.769531 0.750000 0.869141 0.714063 0.882812
0 0.629687 0.800781 0.665625 0.787109 0.701562 0.886719 0.665625 0.900391
0 0.584375 0.808594 0.620313 0.794922 0.656250 0.894531 0.620313 0.908203
0 0.543750 0.824219 0.579688 0.810547 0.614062 0.904297 0.579688 0.923828
0 0.351562 0.410156 0.384375 0.388672 0.414062 0.472656 0.382812 0.490234
0 0.393750 0.400391 0.426563 0.378906 0.456250 0.462891 0.425000 0.480469
0 0.440625 0.390625 0.473438 0.369141 0.503125 0.453125 0.471875 0.470703
0 0.312500 0.429688 0.343750 0.416016 0.375000 0.498047 0.343750 0.509766
0 0.267188 0.230469 0.301563 0.218750 0.326562 0.300781 0.295312 0.320312
0 0.400000 0.191406 0.426563 0.177734 0.457813 0.263672 0.426563 0.277344
0 0.434375 0.169922 0.460938 0.156250 0.492188 0.242188 0.460938 0.255859
0 0.421875 0.490234 0.451562 0.472656 0.489063 0.550781 0.454688 0.566406
0 0.378125 0.498047 0.410938 0.476562 0.440625 0.560547 0.410938 0.578125
