0 0.840625 0.529297 0.900000 0.521484 0.912500 0.554688 0.843750 0.558594
0 0.935937 0.957031 1.000000 0.951172 1.000000 0.988281 0.940625 0.996094
0 0.928125 0.904297 0.995313 0.898438 1.000000 0.933594 0.932813 0.937500
0 0.256250 0.886719 0.290625 0.876953 0.306250 0.970703 0.273438 0.978516
0 0.195312 0.896484 0.229687 0.886719 0.246875 0.972656 0.210938 0.984375
0 0.232813 0.777344 0.268750 0.765625 0.282813 0.855469 0.246875 0.863281
0 0.221875 0.681641 0.248438 0.673828 0.264062 0.751953 0.235937 0.761719
0 0.193750 0.578125 0.226562 0.566406 0.248438 0.650391 0.212500 0.660156
0 0.164062 0.396484 0.193750 0.386719 0.206250 0.462891 0.176563 0.468750
0 0.153125 0.312500 0.185938 0.306641 0.192188 0.378906 0.162500 0.382812
0 0.146875 0.226562 0.175000 0.218750 0.184375 0.289062 0.157812 0.298828
0 0.137500 0.142578 0.165625 0.134766 0.175000 0.199219 0.145313 0.208984
0 0.123438 0.072266 0.148438 0.058594 0.164062 0.130859 0.135937 0.138672
0 0.115625 0.000000 0.143750 0.000000 0.153125 0.058594 0.126562 0.066406
0 0.882812 0.677734 0.948438 0.673828 0.957812 0.710938 0.889062 0.714844
0 0.860938 0.599609 0.935937 0.597656 0.943750 0.632812 0.867188 0.636719
0 0.848437 0.562500 0.912500 0.554688 0.920312 0.593750 0.850000 0.595703
0 0.884375 0.720703 0.957812 0.714844 0.976562 0.750000 0.892188 0.757812
0 0.829688 0.490234 0.896875 0.480469 0.907813 0.511719 0.835938 0.521484
0 0.826562 0.451172 0.889062 0.449219 0.900000 0.478516 0.831250 0.484375
0 0.818750 0.417969 0.882812 0.416016 0.892188 0.447266 0.823438 0.451172
0 0.810937 0.386719 0.875000 0.380859 0.884375 0.410156 0.815625 0.414062
0 0.803125 0.349609 0.870313 0.345703 0.881250 0.376953 0.810937 0.382812
0 0.795312 0.320312 0.860938 0.312500 0.868750 0.347656 0.800000 0.351562
0 0.785937 0.281250 0.850000 0.273438 0.862500 0.304688 0.792188 0.314453
0 0.739062 0.023438 0.801562 0.019531 0.810937 0.056641 0.745313 0.060547
0 0.882812 0.023438 0.906250 0.029297 0.890625 0.091797 0.867188 0.082031
0 0.748437 0.080078 0.801562 0.072266 0.814063 0.105469 0.753125 0.109375
0 0.753125 0.115234 0.807813 0.101562 0.820312 0.130859 0.760938 0.144531
0 0.759375 0.144531 0.815625 0.132812 0.825000 0.164062 0.765625 0.173828
0 0.767188 0.173828 0.831250 0.162109 0.839063 0.193359 0.773438 0.201172
0 0.775000 0.199219 0.834375 0.193359 0.839063 0.228516 0.778125 0.228516
0 0.904687 0.177734 0.929688 0.171875 0.943750 0.226562 0.917188 0.230469
0 0.900000 0.099609 0.925000 0.101562 0.912500 0.158203 0.885938 0.152344
0 0.907813 0.228516 0.976562 0.236328 0.970313 0.271484 0.901563 0.263672
