0 0.025000 0.873047 0.056250 0.880859 0.043750 0.955078 0.012500 0.945312
0 0.317188 0.328125 0.370312 0.337891 0.368750 0.363281 0.314063 0.355469
0 0.223438 0.363281 0.268750 0.320312 0.285938 0.341797 0.240625 0.386719
0 0.420312 0.931641 0.464062 0.886719 0.479687 0.914062 0.435937 0.958984
0 0.367188 0.375000 0.385937 0.353516 0.425000 0.390625 0.406250 0.414062
0 0.410938 0.417969 0.429688 0.396484 0.468750 0.433594 0.450000 0.457031
0 0.573438 0.580078 0.592187 0.558594 0.631250 0.595703 0.612500 0.619141
0 0.514062 0.523438 0.532813 0.501953 0.571875 0.539062 0.553125 0.562500
0 0.704688 0.548828 0.723437 0.562500 0.710938 0.619141 0.684375 0.611328
0 0.662500 0.519531 0.684375 0.527344 0.682813 0.582031 0.662500 0.582031
0 0.621875 0.484375 0.648438 0.482422 0.653125 0.544922 0.631250 0.548828
0 0.476562 0.359375 0.503125 0.349609 0.512500 0.408203 0.489063 0.417969
0 0.435937 0.316406 0.462500 0.306641 0.471875 0.365234 0.448437 0.375000
0 0.360938 0.216797 0.385937 0.226562 0.378125 0.283203 0.353125 0.279297
0 0.259375 0.287109 0.310937 0.251953 0.328125 0.281250 0.275000 0.310547
0 0.565625 0.449219 0.587500 0.437500 0.609375 0.494141 0.584375 0.505859
0 0.457813 0.466797 0.476562 0.445312 0.515625 0.482422 0.496875 0.505859
0 0.512500 0.384766 0.537500 0.384766 0.537500 0.449219 0.512500 0.449219
0 0.543750 0.417969 0.568750 0.417969 0.568750 0.470703 0.543750 0.470703
0 0.557813 0.667969 0.581250 0.644531 0.626563 0.693359 0.607812 0.718750
0 0.181250 0.384766 0.221875 0.361328 0.228125 0.382812 0.185938 0.404297
0 0.056250 0.927734 0.087500 0.935547 0.075000 1.000000 0.043750 1.000000
0 0.096875 0.935547 0.128125 0.943359 0.115625 1.000000 0.084375 1.000000
0 0.529687 0.808594 0.550000 0.841797 0.500000 0.894531 0.484375 0.867188
