0 0.273438 0.154297 0.342187 0.156250 0.337500 0.189453 0.273438 0.193359
0 0.000000 0.066406 0.026562 0.068359 0.023438 0.103516 0.000000 0.105469
0 0.046875 0.068359 0.095312 0.068359 0.096875 0.103516 0.046875 0.103516
0 0.165625 0.000000 0.193750 0.000000 0.192188 0.027344 0.162500 0.025391
0 0.168750 0.025391 0.192188 0.029297 0.179688 0.070312 0.153125 0.068359
0 0.178125 0.068359 0.231250 0.062500 0.234375 0.095703 0.179688 0.095703
0 0.234375 0.048828 0.260937 0.042969 0.270313 0.082031 0.242188 0.091797
0 0.246875 0.000000 0.270313 0.000000 0.262500 0.046875 0.239063 0.039062
0 0.320312 0.037109 0.351562 0.035156 0.350000 0.087891 0.318750 0.083984
0 0.365625 0.076172 0.431250 0.072266 0.435937 0.099609 0.367188 0.095703
0 0.446875 0.072266 0.512500 0.064453 0.514062 0.105469 0.448437 0.109375
0 0.535937 0.074219 0.585938 0.070312 0.593750 0.103516 0.535937 0.103516
0 0.609375 0.076172 0.664062 0.072266 0.671875 0.097656 0.614062 0.103516
0 0.646875 0.042969 0.710938 0.042969 0.710938 0.078125 0.648438 0.078125
0 0.820312 0.037109 0.850000 0.029297 0.854688 0.082031 0.820312 0.082031
0 0.815625 0.000000 0.875000 0.000000 0.879687 0.029297 0.823438 0.031250
0 0.881250 0.023438 0.903125 0.019531 0.912500 0.060547 0.885938 0.062500
0 0.912500 0.019531 0.935937 0.019531 0.942187 0.064453 0.917188 0.062500
0 0.943750 0.021484 0.967187 0.019531 0.979688 0.058594 0.953125 0.062500
0 0.975000 0.021484 1.000000 0.019531 1.000000 0.060547 0.989062 0.064453
0 0.032813 0.166016 0.093750 0.166016 0.095312 0.195312 0.031250 0.193359
0 0.106250 0.166016 0.154688 0.164062 0.165625 0.203125 0.114062 0.203125
0 0.176563 0.166016 0.239063 0.166016 0.239063 0.195312 0.176563 0.195312
0 0.364063 0.160156 0.425000 0.160156 0.429688 0.201172 0.367188 0.199219
0 0.448437 0.164062 0.507812 0.166016 0.507812 0.193359 0.446875 0.193359
0 0.528125 0.167969 0.585938 0.162109 0.585938 0.197266 0.525000 0.197266
0 0.609375 0.169922 0.670312 0.167969 0.675000 0.199219 0.609375 0.199219
0 0.684375 0.167969 0.751563 0.166016 0.759375 0.199219 0.687500 0.199219
0 0.765625 0.171875 0.826562 0.173828 0.825000 0.205078 0.770312 0.201172
0 0.825000 0.173828 0.895312 0.166016 0.910937 0.208984 0.829688 0.208984
0 0.906250 0.169922 0.975000 0.177734 0.976562 0.210938 0.906250 0.208984
