0 0.396875 0.222656 0.485938 0.238281 0.476562 0.291016 0.389062 0.267578
4 0.321875 0.775391 0.425000 0.771484 0.423438 0.826172 0.321875 0.826172
4 0.359375 0.703125 0.448437 0.712891 0.440625 0.763672 0.353125 0.750000
4 0.351562 0.636719 0.446875 0.632812 0.448437 0.687500 0.348438 0.689453
0 0.354687 0.556641 0.451562 0.564453 0.448437 0.613281 0.348438 0.605469
0 0.364063 0.492188 0.450000 0.496094 0.450000 0.554688 0.364063 0.548828
0 0.375000 0.421875 0.467187 0.425781 0.462500 0.480469 0.370312 0.472656
0 0.368750 0.353516 0.467187 0.353516 0.467187 0.412109 0.370312 0.414062
0 0.385937 0.291016 0.482812 0.302734 0.479687 0.353516 0.381250 0.339844
0 0.323437 0.285156 0.357812 0.283203 0.360938 0.406250 0.323437 0.408203
0 0.440625 0.031250 0.478125 0.050781 0.440625 0.164062 0.407813 0.140625
4 0.882812 0.351562 0.956250 0.291016 0.978125 0.343750 0.903125 0.398438
0 0.704688 0.396484 0.746875 0.400391 0.746875 0.529297 0.701562 0.529297
4 0.706250 0.562500 0.748437 0.560547 0.748437 0.669922 0.707812 0.667969
0 0.698438 0.890625 0.743750 0.890625 0.742188 1.000000 0.698438 1.000000
