0 0.642188 0.658203 0.700000 0.587891 0.726562 0.609375 0.668750 0.689453
0 0.848437 0.582031 0.926562 0.658203 0.903125 0.699219 0.821875 0.621094
0 0.810937 0.628906 0.885938 0.691406 0.868750 0.728516 0.785937 0.664062
0 0.742188 0.925781 0.762500 0.900391 0.828125 0.964844 0.807813 0.996094
0 0.782813 0.845703 0.853125 0.916016 0.835938 0.947266 0.757812 0.882812
0 0.803125 0.687500 0.853125 0.744141 0.837500 0.775391 0.782813 0.718750
0 0.762500 0.722656 0.828125 0.796875 0.803125 0.820312 0.740625 0.755859
1 0.396875 0.671875 0.431250 0.695312 0.357812 0.826172 0.326562 0.794922
1 0.721875 0.423828 0.756250 0.451172 0.634375 0.658203 0.596875 0.632812
2 0.254688 0.482422 0.340625 0.562500 0.309375 0.611328 0.225000 0.521484
0 0.595313 0.218750 0.626563 0.199219 0.681250 0.287109 0.648438 0.316406
0 0.215625 0.652344 0.246875 0.644531 0.259375 0.726562 0.225000 0.740234
0 0.471875 0.574219 0.493750 0.595703 0.442188 0.677734 0.417187 0.644531
4 0.251563 0.855469 0.300000 0.798828 0.321875 0.822266 0.271875 0.878906
4 0.814063 0.544922 0.831250 0.570312 0.787500 0.644531 0.759375 0.619141
4 0.675000 0.697266 0.740625 0.617188 0.773438 0.648438 0.709375 0.734375
0 0.935937 0.429688 0.992188 0.363281 1.000000 0.388672 0.970313 0.457031
0 0.948438 0.333984 0.979688 0.351562 0.931250 0.435547 0.898438 0.414062
0 0.885938 0.294922 0.921875 0.304688 0.882812 0.408203 0.850000 0.390625
0 0.709375 0.562500 0.789062 0.492188 0.806250 0.529297 0.728125 0.599609
