0 0.542188 0.775391 0.609375 0.755859 0.615625 0.785156 0.550000 0.808594
0 0.451562 0.691406 0.540625 0.669922 0.546875 0.714844 0.457813 0.736328
0 0.493750 0.744141 0.570312 0.712891 0.582812 0.753906 0.498437 0.779297
3 0.209375 0.650391 0.246875 0.693359 0.120313 0.865234 0.078125 0.818359
3 0.284375 0.732422 0.329688 0.781250 0.195312 0.957031 0.153125 0.916016
3 0.228125 0.990234 0.370312 0.828125 0.409375 0.863281 0.265625 1.000000
3 0.300000 1.000000 0.429688 0.896484 0.470313 0.943359 0.339062 1.000000
0 0.268750 0.521484 0.351562 0.511719 0.359375 0.541016 0.273438 0.560547
0 0.315625 0.562500 0.387500 0.550781 0.398438 0.583984 0.321875 0.603516
0 0.360938 0.615234 0.439063 0.603516 0.443750 0.638672 0.364063 0.650391
0 0.406250 0.654297 0.489063 0.636719 0.498437 0.669922 0.415625 0.697266
