0 0.367188 0.505859 0.398438 0.509766 0.393750 0.583984 0.357812 0.580078
1 0.453125 0.072266 0.482812 0.072266 0.481250 0.171875 0.440625 0.166016
1 0.479687 0.343750 0.517188 0.345703 0.510938 0.466797 0.473438 0.460938
1 0.325000 0.386719 0.359375 0.392578 0.348438 0.515625 0.303125 0.515625
2 0.465625 0.494141 0.504687 0.494141 0.504687 0.603516 0.459375 0.603516
3 0.389062 0.187500 0.428125 0.185547 0.409375 0.355469 0.371875 0.347656
3 0.823438 0.132812 0.860938 0.132812 0.871875 0.277344 0.828125 0.275391
0 0.084375 0.814453 0.151562 0.769531 0.171875 0.802734 0.103125 0.849609
0 0.526563 0.691406 0.554688 0.687500 0.553125 0.769531 0.525000 0.769531
0 0.537500 0.572266 0.565625 0.574219 0.560937 0.648438 0.532813 0.644531
0 0.539062 0.462891 0.565625 0.466797 0.560937 0.541016 0.528125 0.537109
0 0.492188 0.269531 0.515625 0.269531 0.514062 0.332031 0.489063 0.332031
0 0.407813 0.105469 0.435937 0.105469 0.437500 0.169922 0.400000 0.169922
0 0.448437 0.181641 0.473438 0.177734 0.475000 0.257812 0.443750 0.255859
0 0.443750 0.267578 0.479687 0.261719 0.478125 0.339844 0.434375 0.337891
0 0.437500 0.359375 0.462500 0.361328 0.462500 0.443359 0.434375 0.437500
0 0.426563 0.509766 0.453125 0.507812 0.453125 0.587891 0.420312 0.585938
0 0.475000 0.646484 0.509375 0.642578 0.501563 0.732422 0.464062 0.732422
0 0.409375 0.609375 0.440625 0.611328 0.434375 0.701172 0.403125 0.699219
0 0.357812 0.615234 0.390625 0.617188 0.387500 0.699219 0.350000 0.697266
0 0.301563 0.625000 0.331250 0.630859 0.326562 0.714844 0.290625 0.707031
0 0.309375 0.525391 0.340625 0.531250 0.328125 0.611328 0.292187 0.609375
0 0.373437 0.410156 0.414062 0.416016 0.400000 0.488281 0.360938 0.488281
0 0.334375 0.318359 0.368750 0.326172 0.357812 0.388672 0.325000 0.382812
