0 0.115625 0.085938 0.135937 0.080078 0.146875 0.140625 0.123438 0.140625
1 0.070312 0.054688 0.104688 0.052734 0.110937 0.121094 0.070312 0.130859
0 0.031250 0.259766 0.060937 0.259766 0.056250 0.308594 0.031250 0.312500
0 0.028125 0.203125 0.050000 0.195312 0.057813 0.244141 0.034375 0.248047
0 0.906250 0.730469 0.985938 0.746094 0.981250 0.794922 0.900000 0.779297
0 0.187500 0.070312 0.210938 0.060547 0.235937 0.119141 0.209375 0.132812
0 0.154688 0.082031 0.171875 0.068359 0.198437 0.121094 0.178125 0.134766
1 0.093750 0.220703 0.184375 0.220703 0.179688 0.267578 0.092188 0.263672
2 0.215625 0.064453 0.235937 0.039062 0.293750 0.087891 0.278125 0.119141
2 0.187500 0.759766 0.226562 0.753906 0.235937 0.859375 0.200000 0.865234
1 0.132812 0.769531 0.175000 0.761719 0.193750 0.867188 0.153125 0.878906
2 0.639062 0.578125 0.725000 0.564453 0.739062 0.607422 0.646875 0.623047
2 0.579688 0.507812 0.603125 0.523438 0.575000 0.582031 0.551562 0.562500
2 0.582812 0.644531 0.675000 0.642578 0.678125 0.681641 0.584375 0.689453
2 0.701562 0.630859 0.787500 0.625000 0.795312 0.669922 0.701562 0.677734
2 0.815625 0.615234 0.909375 0.632812 0.914062 0.675781 0.812500 0.656250
2 0.753125 0.673828 0.853125 0.671875 0.859375 0.714844 0.757812 0.722656
1 0.764062 0.722656 0.856250 0.724609 0.860938 0.771484 0.760938 0.779297
2 0.614062 0.697266 0.707812 0.693359 0.714063 0.732422 0.620313 0.744141
2 0.635938 0.740234 0.725000 0.734375 0.731250 0.771484 0.635938 0.779297
2 0.637500 0.783203 0.726562 0.773438 0.737500 0.812500 0.639062 0.824219
2 0.650000 0.818359 0.745313 0.812500 0.748437 0.857422 0.651563 0.869141
1 0.620313 0.490234 0.653125 0.501953 0.615625 0.597656 0.584375 0.580078
1 0.465625 0.507812 0.503125 0.490234 0.540625 0.587891 0.514062 0.605469
1 0.418750 0.525391 0.448437 0.505859 0.501563 0.605469 0.460938 0.628906
2 0.506250 0.910156 0.542188 0.904297 0.548438 1.000000 0.515625 1.000000
2 0.325000 0.734375 0.357812 0.724609 0.382812 0.830078 0.343750 0.839844
2 0.287500 0.742188 0.323437 0.738281 0.339062 0.841797 0.298438 0.849609
2 0.235937 0.755859 0.278125 0.744141 0.287500 0.847656 0.253125 0.859375
