0 0.298438 0.875000 0.396875 0.882812 0.392188 0.929688 0.290625 0.916016
0 0.287500 0.968750 0.395313 0.978516 0.387500 1.000000 0.279687 1.000000
0 0.290625 0.925781 0.398438 0.935547 0.390625 0.982422 0.282813 0.966797
0 0.303125 0.828125 0.401562 0.835938 0.396875 0.882812 0.295312 0.869141
0 0.306250 0.783203 0.404687 0.791016 0.400000 0.837891 0.298438 0.824219
0 0.312500 0.738281 0.410938 0.746094 0.406250 0.792969 0.304688 0.779297
0 0.318750 0.691406 0.412500 0.697266 0.406250 0.740234 0.310937 0.732422
0 0.321875 0.654297 0.415625 0.660156 0.415625 0.697266 0.317188 0.685547
0 0.323437 0.611328 0.417187 0.617188 0.417187 0.654297 0.318750 0.642578
0 0.329688 0.574219 0.418750 0.580078 0.418750 0.617188 0.326562 0.609375
0 0.332813 0.535156 0.421875 0.541016 0.421875 0.578125 0.329688 0.570312
0 0.323437 0.496094 0.412500 0.501953 0.412500 0.539062 0.320312 0.531250
0 0.329688 0.460938 0.418750 0.466797 0.418750 0.503906 0.326562 0.496094
0 0.329688 0.425781 0.418750 0.431641 0.418750 0.468750 0.326562 0.460938
0 0.331250 0.390625 0.420312 0.396484 0.418750 0.437500 0.328125 0.425781
4 0.340625 0.298828 0.448437 0.304688 0.442188 0.373047 0.326562 0.363281
0 0.557813 0.595703 0.653125 0.597656 0.651563 0.656250 0.556250 0.652344
0 0.560937 0.554688 0.646875 0.554688 0.648438 0.589844 0.562500 0.593750
2 0.559375 0.513672 0.645312 0.513672 0.646875 0.548828 0.560937 0.552734
0 0.564063 0.472656 0.650000 0.472656 0.651563 0.507812 0.564063 0.505859
0 0.562500 0.435547 0.648438 0.435547 0.650000 0.470703 0.562500 0.468750
0 0.562500 0.398438 0.648438 0.398438 0.650000 0.433594 0.562500 0.431641
0 0.556250 0.359375 0.643750 0.359375 0.645312 0.396484 0.556250 0.396484
0 0.629687 0.250000 0.695312 0.248047 0.703125 0.287109 0.626563 0.296875
0 0.510938 0.419922 0.550000 0.417969 0.550000 0.505859 0.507812 0.505859
0 0.504687 0.523438 0.543750 0.521484 0.543750 0.609375 0.501563 0.609375
