0 0.550000 0.095703 0.606250 0.097656 0.601562 0.246094 0.543750 0.248047
4 0.390625 0.177734 0.509375 0.197266 0.506250 0.253906 0.384375 0.242188
1 0.284375 0.447266 0.351562 0.451172 0.351562 0.650391 0.279687 0.648438
0 0.396875 0.429688 0.509375 0.425781 0.512500 0.492188 0.392188 0.488281
4 0.381250 0.517578 0.490625 0.507812 0.492188 0.568359 0.389062 0.578125
0 0.371875 0.589844 0.503125 0.605469 0.493750 0.662109 0.370312 0.650391
0 0.373437 0.679688 0.484375 0.679688 0.493750 0.742188 0.375000 0.744141
4 0.389062 0.771484 0.495312 0.775391 0.493750 0.839844 0.378125 0.833984
0 0.378125 0.849609 0.500000 0.853516 0.498437 0.916016 0.370312 0.916016
0 0.404687 0.269531 0.520312 0.259766 0.528125 0.318359 0.400000 0.328125
0 0.554688 0.677734 0.610938 0.677734 0.610938 0.851562 0.559375 0.851562
0 0.823438 0.931641 0.875000 0.923828 0.876563 1.000000 0.826562 1.000000
0 0.818750 0.587891 0.868750 0.589844 0.871875 0.720703 0.818750 0.718750
0 0.810937 0.349609 0.862500 0.347656 0.862500 0.494141 0.815625 0.492188
0 0.401562 0.347656 0.523438 0.343750 0.517188 0.414062 0.406250 0.414062
0 0.553125 0.259766 0.606250 0.261719 0.604688 0.414062 0.551562 0.410156
