4 0.090625 0.044922 0.193750 0.041016 0.192188 0.099609 0.089063 0.095703
0 0.385937 0.046875 0.470313 0.042969 0.468750 0.101562 0.384375 0.099609
0 0.520312 0.052734 0.629687 0.048828 0.628125 0.111328 0.518750 0.113281
0 0.684375 0.058594 0.806250 0.054688 0.806250 0.109375 0.684375 0.109375
0 0.843750 0.052734 0.957812 0.044922 0.954688 0.121094 0.845313 0.113281
2 0.784375 0.554688 0.946875 0.558594 0.946875 0.638672 0.785937 0.632812
2 0.004687 0.560547 0.189062 0.566406 0.190625 0.634766 0.006250 0.626953
2 0.225000 0.664062 0.482812 0.644531 0.487500 0.732422 0.225000 0.751953
2 0.220312 0.548828 0.465625 0.542969 0.464062 0.626953 0.214062 0.632812
0 0.000000 0.037109 0.053125 0.035156 0.042188 0.089844 0.000000 0.087891
0 0.218750 0.041016 0.329688 0.033203 0.326562 0.105469 0.209375 0.101562
