0 0.607812 0.578125 0.625000 0.591797 0.595313 0.632812 0.579688 0.613281
0 0.443750 0.628906 0.467187 0.605469 0.507812 0.658203 0.485938 0.679688
0 0.509375 0.705078 0.532813 0.681641 0.582812 0.736328 0.560937 0.759766
0 0.595313 0.785156 0.615625 0.761719 0.665625 0.812500 0.646875 0.837891
0 0.821875 0.603516 0.873437 0.644531 0.859375 0.671875 0.806250 0.626953
0 0.801562 0.628906 0.840625 0.660156 0.829688 0.679688 0.790625 0.644531
0 0.757812 0.658203 0.784375 0.646484 0.815625 0.697266 0.793750 0.712891
0 0.676562 0.597656 0.690625 0.582031 0.729688 0.615234 0.717187 0.634766
0 0.714063 0.509766 0.759375 0.550781 0.745313 0.574219 0.696875 0.533203
0 0.581250 0.503906 0.600000 0.492188 0.626563 0.531250 0.609375 0.542969
0 0.534375 0.457031 0.554688 0.443359 0.585938 0.492188 0.565625 0.505859
0 0.456250 0.455078 0.476562 0.468750 0.445312 0.513672 0.425000 0.496094
0 0.498437 0.318359 0.520312 0.304688 0.556250 0.355469 0.537500 0.367188
0 0.475000 0.341797 0.493750 0.324219 0.529687 0.371094 0.512500 0.386719
0 0.453125 0.371094 0.467187 0.355469 0.509375 0.386719 0.495312 0.404297
0 0.406250 0.554688 0.454688 0.597656 0.440625 0.619141 0.392188 0.576172
0 0.240625 0.578125 0.265625 0.566406 0.296875 0.625000 0.275000 0.640625
0 0.085938 0.544922 0.100000 0.527344 0.134375 0.562500 0.117188 0.582031
0 0.131250 0.464844 0.148438 0.451172 0.181250 0.494141 0.164062 0.511719
0 0.287500 0.466797 0.306250 0.453125 0.343750 0.490234 0.328125 0.505859
0 0.056250 0.011719 0.075000 0.000000 0.098437 0.035156 0.082812 0.052734
0 0.071875 0.246094 0.085938 0.234375 0.114062 0.267578 0.101562 0.281250
0 0.114062 0.291016 0.132812 0.273438 0.162500 0.310547 0.143750 0.326172
0 0.000000 0.318359 0.018750 0.304688 0.040625 0.343750 0.023438 0.359375
0 0.045312 0.373047 0.057813 0.359375 0.084375 0.386719 0.073438 0.402344
0 0.081250 0.410156 0.096875 0.396484 0.129688 0.439453 0.114062 0.453125
0 0.156250 0.337891 0.170313 0.320312 0.207813 0.357422 0.192188 0.373047
0 0.196875 0.376953 0.218750 0.357422 0.256250 0.396484 0.235937 0.419922
0 0.242188 0.421875 0.264062 0.398438 0.306250 0.439453 0.282813 0.464844
