0 0.221875 0.466797 0.254688 0.429688 0.267188 0.447266 0.239063 0.482422
0 0.506250 0.320312 0.532813 0.320312 0.532813 0.384766 0.504687 0.384766
0 0.465625 0.476562 0.492188 0.472656 0.492188 0.544922 0.464062 0.539062
0 0.887500 0.771484 0.942187 0.726562 0.956250 0.761719 0.901563 0.798828
0 0.920312 0.310547 0.973437 0.310547 0.970313 0.337891 0.920312 0.332031
0 0.912500 0.279297 0.965625 0.279297 0.962500 0.306641 0.912500 0.300781
0 0.892188 0.250000 0.945312 0.250000 0.942187 0.277344 0.892188 0.271484
0 0.292187 0.892578 0.342187 0.853516 0.353125 0.875000 0.306250 0.914062
0 0.279687 0.837891 0.335938 0.798828 0.346875 0.826172 0.292187 0.863281
0 0.276562 0.787109 0.332813 0.748047 0.343750 0.775391 0.289062 0.812500
0 0.293750 0.738281 0.350000 0.699219 0.360938 0.726562 0.306250 0.763672
0 0.285938 0.650391 0.342187 0.611328 0.353125 0.638672 0.298438 0.675781
0 0.271875 0.699219 0.328125 0.660156 0.339062 0.687500 0.284375 0.724609
0 0.151562 0.820312 0.176563 0.796875 0.196875 0.849609 0.170313 0.869141
0 0.100000 0.873047 0.165625 0.867188 0.167187 0.896484 0.100000 0.908203
4 0.101562 0.908203 0.160938 0.908203 0.157812 0.945312 0.096875 0.939453
0 0.182812 0.478516 0.240625 0.492188 0.229687 0.521484 0.173437 0.507812
0 0.012500 0.441406 0.070312 0.455078 0.059375 0.484375 0.003125 0.470703
0 0.009375 0.437500 0.067187 0.451172 0.056250 0.480469 0.000000 0.466797
0 0.239063 0.482422 0.307812 0.503906 0.296875 0.533203 0.240625 0.519531
0 0.245312 0.519531 0.303125 0.533203 0.292187 0.562500 0.235937 0.548828
0 0.250000 0.556641 0.307812 0.570312 0.296875 0.601562 0.240625 0.585938
0 0.100000 0.386719 0.157812 0.376953 0.160938 0.410156 0.101562 0.414062
0 0.178125 0.451172 0.221875 0.406250 0.235937 0.429688 0.196875 0.470703
0 0.290625 0.429688 0.312500 0.445312 0.292187 0.490234 0.264062 0.474609
0 0.243750 0.300781 0.281250 0.263672 0.295312 0.300781 0.260937 0.326172
0 0.267188 0.031250 0.309375 0.005859 0.320312 0.029297 0.275000 0.054688
