2 0.529687 0.492188 0.753125 0.476562 0.757812 0.535156 0.532813 0.548828
2 0.421875 0.667969 0.645312 0.662109 0.650000 0.708984 0.425000 0.708984
2 0.443750 0.626953 0.667188 0.621094 0.671875 0.667969 0.446875 0.667969
1 0.220312 0.537109 0.429688 0.525391 0.432812 0.585938 0.217188 0.593750
1 0.175000 0.578125 0.384375 0.566406 0.387500 0.626953 0.171875 0.634766
1 0.289062 0.484375 0.498437 0.472656 0.501563 0.533203 0.285938 0.541016
2 0.482812 0.130859 0.684375 0.130859 0.690625 0.183594 0.479687 0.177734
0 0.748437 0.021484 0.765625 0.015625 0.785937 0.058594 0.762500 0.070312
0 0.085938 0.392578 0.106250 0.400391 0.100000 0.443359 0.073438 0.437500
0 0.168750 0.361328 0.189062 0.363281 0.189062 0.416016 0.165625 0.421875
0 0.207813 0.361328 0.231250 0.363281 0.234375 0.410156 0.203125 0.408203
0 0.251563 0.367188 0.273438 0.373047 0.271875 0.419922 0.246875 0.419922
0 0.346875 0.371094 0.371875 0.373047 0.373437 0.431641 0.348438 0.427734
0 0.440625 0.367188 0.464062 0.367188 0.473438 0.423828 0.445312 0.425781
1 0.148438 0.921875 0.401562 0.916016 0.410938 0.988281 0.148438 1.000000
2 0.146875 0.685547 0.398438 0.681641 0.403125 0.728516 0.150000 0.726562
2 0.156250 0.621094 0.407813 0.617188 0.412500 0.664062 0.159375 0.662109
2 0.159375 0.863281 0.410938 0.859375 0.415625 0.906250 0.162500 0.904297
2 0.179688 0.820312 0.431250 0.816406 0.435937 0.863281 0.182812 0.861328
2 0.179688 0.771484 0.431250 0.767578 0.435937 0.814453 0.182812 0.812500
2 0.450000 0.974609 0.701562 0.970703 0.706250 1.000000 0.453125 1.000000
2 0.445312 0.919922 0.696875 0.916016 0.701562 0.962891 0.448437 0.960938
2 0.439063 0.873047 0.690625 0.869141 0.695312 0.916016 0.442188 0.914062
2 0.484375 0.822266 0.685937 0.818359 0.692187 0.859375 0.487500 0.863281
2 0.476562 0.767578 0.712500 0.767578 0.720313 0.802734 0.479687 0.808594
2 0.412500 0.722656 0.648438 0.722656 0.656250 0.757812 0.415625 0.763672
