0 0.507812 0.603516 0.554688 0.605469 0.553125 0.746094 0.504687 0.748047
0 0.382812 0.667969 0.437500 0.677734 0.420312 0.843750 0.362500 0.832031
0 0.370312 0.847656 0.425000 0.853516 0.418750 1.000000 0.360938 1.000000
0 0.515625 0.791016 0.562500 0.791016 0.553125 0.935547 0.503125 0.929688
0 0.645312 0.769531 0.696875 0.775391 0.692187 0.937500 0.639062 0.931641
0 0.570312 0.757812 0.623437 0.759766 0.621875 0.917969 0.568750 0.914062
0 0.415625 0.000000 0.460938 0.000000 0.450000 0.083984 0.401562 0.076172
0 0.523438 0.058594 0.571875 0.060547 0.567187 0.208984 0.517188 0.203125
0 0.403125 0.107422 0.453125 0.109375 0.454688 0.240234 0.398438 0.236328
0 0.523438 0.250000 0.568750 0.251953 0.562500 0.378906 0.518750 0.375000
0 0.400000 0.265625 0.445312 0.271484 0.435937 0.417969 0.392188 0.414062
0 0.387500 0.443359 0.439063 0.445312 0.434375 0.593750 0.385937 0.591797
0 0.512500 0.421875 0.557813 0.421875 0.554688 0.566406 0.509375 0.566406
