0 0.820312 0.941406 0.845313 0.912109 0.900000 0.964844 0.868750 0.996094
0 0.003125 0.210938 0.051562 0.166016 0.068750 0.193359 0.010937 0.232422
0 0.015625 0.238281 0.082812 0.193359 0.092188 0.214844 0.037500 0.253906
0 0.046875 0.289062 0.109375 0.236328 0.120313 0.265625 0.056250 0.304688
0 0.064062 0.300781 0.123438 0.259766 0.143750 0.285156 0.078125 0.328125
0 0.096875 0.322266 0.150000 0.289062 0.164062 0.320312 0.107813 0.345703
0 0.167187 0.146484 0.192188 0.123047 0.218750 0.160156 0.196875 0.171875
0 0.217188 0.205078 0.234375 0.187500 0.264062 0.220703 0.231250 0.234375
0 0.379688 0.398438 0.400000 0.373047 0.435937 0.417969 0.409375 0.431641
0 0.500000 0.498047 0.539062 0.537109 0.515625 0.558594 0.481250 0.523438
0 0.534375 0.589844 0.565625 0.564453 0.601562 0.611328 0.575000 0.636719
0 0.596875 0.654297 0.620313 0.632812 0.657813 0.683594 0.628125 0.710938
