0 0.279687 0.035156 0.320312 0.039062 0.312500 0.132812 0.273438 0.132812
0 0.821875 0.716797 0.865625 0.712891 0.871875 0.822266 0.831250 0.824219
0 0.815625 0.533203 0.851562 0.529297 0.851562 0.621094 0.817187 0.615234
0 0.773438 0.402344 0.820312 0.398438 0.825000 0.509766 0.778125 0.509766
0 0.781250 0.162109 0.821875 0.160156 0.828125 0.263672 0.792188 0.265625
0 0.714063 0.216797 0.764062 0.212891 0.759375 0.324219 0.720313 0.320312
0 0.364063 0.582031 0.409375 0.582031 0.407813 0.689453 0.359375 0.687500
0 0.237500 0.873047 0.285938 0.865234 0.275000 1.000000 0.240625 1.000000
0 0.250000 0.626953 0.292187 0.626953 0.285938 0.746094 0.240625 0.740234
0 0.260937 0.490234 0.301563 0.490234 0.296875 0.603516 0.253125 0.601562
0 0.185938 0.496094 0.225000 0.492188 0.226562 0.607422 0.185938 0.611328
0 0.200000 0.160156 0.237500 0.160156 0.225000 0.271484 0.187500 0.269531
0 0.273438 0.130859 0.310937 0.130859 0.310937 0.230469 0.270313 0.226562
