0 0.000000 0.667969 0.067187 0.683594 0.056250 0.714844 0.000000 0.705078
0 0.673438 0.453125 0.714063 0.437500 0.718750 0.458984 0.679688 0.472656
0 0.685937 0.486328 0.726562 0.470703 0.731250 0.492188 0.692187 0.505859
0 0.706250 0.375000 0.728125 0.371094 0.735938 0.425781 0.709375 0.421875
0 0.690625 0.267578 0.712500 0.263672 0.720313 0.318359 0.693750 0.314453
0 0.703125 0.312500 0.725000 0.308594 0.729688 0.359375 0.706250 0.359375
0 0.479687 0.089844 0.528125 0.082031 0.537500 0.109375 0.485938 0.119141
0 0.401562 0.095703 0.450000 0.087891 0.459375 0.115234 0.407813 0.125000
0 0.329688 0.101562 0.378125 0.093750 0.387500 0.121094 0.335938 0.130859
0 0.245312 0.402344 0.301563 0.406250 0.295312 0.435547 0.240625 0.433594
0 0.246875 0.367188 0.303125 0.371094 0.296875 0.400391 0.242188 0.398438
0 0.270313 0.277344 0.326562 0.281250 0.320312 0.310547 0.265625 0.308594
0 0.110937 0.109375 0.167187 0.113281 0.160938 0.142578 0.106250 0.140625
0 0.048438 0.121094 0.104688 0.125000 0.098437 0.154297 0.043750 0.152344
0 0.070312 0.312500 0.142187 0.328125 0.131250 0.359375 0.060937 0.349609
0 0.075000 0.369141 0.146875 0.384766 0.135937 0.416016 0.065625 0.406250
0 0.000000 0.763672 0.062500 0.779297 0.051562 0.810547 0.000000 0.800781
0 0.000000 0.712891 0.046875 0.728516 0.035937 0.759766 0.000000 0.750000
0 0.001563 0.593750 0.073438 0.609375 0.062500 0.640625 0.000000 0.630859
0 0.004687 0.552734 0.076563 0.568359 0.065625 0.599609 0.000000 0.589844
0 0.018750 0.513672 0.090625 0.529297 0.079687 0.560547 0.009375 0.550781
0 0.178125 0.984375 0.245312 0.976562 0.246875 1.000000 0.184375 1.000000
0 0.190625 0.943359 0.257812 0.935547 0.259375 0.968750 0.196875 0.972656
0 0.193750 0.886719 0.260937 0.878906 0.262500 0.912109 0.200000 0.916016
0 0.196875 0.847656 0.264062 0.839844 0.265625 0.873047 0.203125 0.876953
0 0.195312 0.759766 0.262500 0.751953 0.264062 0.785156 0.201563 0.789062
0 0.176563 0.691406 0.243750 0.683594 0.245312 0.716797 0.182812 0.720703
0 0.192188 0.544922 0.259375 0.537109 0.260937 0.570312 0.198437 0.574219
0 0.610938 0.662109 0.631250 0.658203 0.639062 0.738281 0.617188 0.742188
0 0.715625 0.925781 0.735938 0.921875 0.743750 1.000000 0.721875 1.000000
0 0.706250 0.816406 0.726562 0.812500 0.734375 0.892578 0.712500 0.896484
0 0.707812 0.691406 0.728125 0.687500 0.731250 0.734375 0.710938 0.740234
0 0.700000 0.615234 0.720313 0.611328 0.723437 0.658203 0.703125 0.664062
