3 0.398438 0.191406 0.576562 0.091797 0.606250 0.169922 0.435937 0.257812
3 0.368750 0.271484 0.553125 0.195312 0.579688 0.269531 0.382812 0.347656
3 0.348438 0.357422 0.398438 0.382812 0.289062 0.603516 0.237500 0.566406
3 0.379688 0.445312 0.429688 0.470703 0.326562 0.689453 0.268750 0.654297
3 0.439063 0.476562 0.489063 0.501953 0.396875 0.734375 0.345313 0.705078
3 0.753125 0.640625 0.809375 0.667969 0.729688 0.921875 0.673438 0.892578
3 0.696875 0.615234 0.753125 0.642578 0.675000 0.886719 0.623437 0.855469
3 0.637500 0.587891 0.693750 0.615234 0.614062 0.847656 0.560937 0.820312
3 0.576562 0.556641 0.632812 0.583984 0.551562 0.808594 0.496875 0.781250
3 0.495312 0.507812 0.545312 0.533203 0.453125 0.765625 0.401562 0.736328
3 0.884375 0.716797 0.940625 0.744141 0.865625 1.000000 0.806250 0.978516
3 0.817187 0.673828 0.873437 0.701172 0.793750 0.955078 0.737500 0.925781
3 0.992188 0.265625 1.000000 0.289062 0.956250 0.517578 0.904687 0.496094
3 0.973437 0.060547 1.000000 0.076172 0.943750 0.304688 0.892188 0.283203
3 0.923438 0.007812 0.970313 0.023438 0.898438 0.220703 0.848437 0.205078
3 0.851562 0.208984 0.898438 0.224609 0.821875 0.451172 0.775000 0.425781
3 0.818750 0.109375 0.865625 0.125000 0.804688 0.330078 0.753125 0.312500
3 0.765625 0.085938 0.812500 0.101562 0.756250 0.320312 0.701562 0.296875
3 0.450000 0.072266 0.626563 0.000000 0.650000 0.074219 0.475000 0.136719
