0 0.415625 0.087891 0.500000 0.068359 0.506250 0.109375 0.421875 0.125000
3 0.850000 0.496094 1.000000 0.441406 1.000000 0.535156 0.876563 0.583984
3 0.870313 0.591797 1.000000 0.544922 1.000000 0.636719 0.892188 0.683594
3 0.828125 0.833984 1.000000 0.798828 1.000000 0.886719 0.846875 0.931641
0 0.037500 0.162109 0.118750 0.144531 0.128125 0.205078 0.045312 0.220703
0 0.040625 0.378906 0.140625 0.357422 0.146875 0.416016 0.043750 0.433594
0 0.590625 0.263672 0.684375 0.236328 0.698438 0.287109 0.596875 0.308594
0 0.859375 0.199219 0.954688 0.169922 0.968750 0.226562 0.878125 0.255859
0 0.732812 0.017578 0.818750 0.000000 0.831250 0.042969 0.746875 0.062500
0 0.639062 0.039062 0.734375 0.005859 0.746875 0.062500 0.656250 0.093750
0 0.275000 0.111328 0.364063 0.091797 0.370312 0.136719 0.287500 0.160156
