0 0.382812 0.208984 0.415625 0.244141 0.346875 0.337891 0.314063 0.298828
0 0.993750 0.146484 1.000000 0.162109 1.000000 0.257812 0.968750 0.246094
0 0.945312 0.117188 0.982812 0.138672 0.951562 0.234375 0.910937 0.208984
0 0.892188 0.095703 0.931250 0.111328 0.900000 0.208984 0.864062 0.191406
0 0.845313 0.056641 0.879687 0.076172 0.845313 0.179688 0.806250 0.160156
0 0.782813 0.033203 0.821875 0.044922 0.795312 0.158203 0.753125 0.142578
0 0.742188 0.007812 0.779687 0.033203 0.739062 0.132812 0.701562 0.111328
0 0.689063 0.000000 0.728125 0.000000 0.698438 0.093750 0.657813 0.078125
0 0.634375 0.000000 0.673438 0.000000 0.637500 0.076172 0.603125 0.062500
0 0.562500 0.000000 0.601562 0.000000 0.571875 0.050781 0.539062 0.033203
0 0.142187 0.000000 0.234375 0.000000 0.240625 0.019531 0.146875 0.041016
0 0.159375 0.046875 0.245312 0.023438 0.257812 0.070312 0.167187 0.091797
0 0.181250 0.179688 0.270313 0.138672 0.289062 0.183594 0.196875 0.226562
0 0.809375 0.337891 0.889062 0.402344 0.864062 0.443359 0.782813 0.373047
