0 0.617188 0.009766 0.734375 0.019531 0.728125 0.078125 0.614062 0.076172
0 0.598437 0.810547 0.645312 0.804688 0.648438 0.935547 0.609375 0.941406
0 0.590625 0.642578 0.648438 0.646484 0.642188 0.802734 0.582812 0.794922
0 0.590625 0.462891 0.639062 0.458984 0.642188 0.617188 0.603125 0.623047
0 0.631250 0.343750 0.728125 0.310547 0.742188 0.369141 0.654687 0.404297
0 0.640625 0.214844 0.740625 0.212891 0.742188 0.263672 0.639062 0.275391
0 0.626563 0.099609 0.731250 0.095703 0.735938 0.160156 0.626563 0.160156
0 0.235937 0.000000 0.348438 0.000000 0.343750 0.056641 0.232813 0.052734
4 0.231250 0.068359 0.325000 0.050781 0.328125 0.117188 0.231250 0.117188
0 0.235937 0.222656 0.367188 0.242188 0.353125 0.306641 0.218750 0.283203
0 0.242188 0.341797 0.332813 0.314453 0.343750 0.359375 0.251563 0.392578
