0 0.503125 0.623047 0.562500 0.648438 0.550000 0.673828 0.493750 0.652344
0 0.114062 0.000000 0.131250 0.000000 0.107813 0.046875 0.087500 0.037109
0 0.018750 0.847656 0.046875 0.863281 0.017188 0.927734 0.000000 0.923828
0 0.564063 0.292969 0.581250 0.300781 0.557813 0.347656 0.542188 0.339844
0 0.456250 0.531250 0.512500 0.505859 0.523438 0.535156 0.475000 0.556641
0 0.420312 0.730469 0.475000 0.748047 0.462500 0.771484 0.406250 0.755859
4 0.520312 0.541016 0.575000 0.566406 0.565625 0.589844 0.512500 0.572266
4 0.593750 0.417969 0.651563 0.429688 0.642188 0.457031 0.587500 0.449219
2 0.612500 0.544922 0.690625 0.589844 0.676562 0.619141 0.600000 0.576172
2 0.484375 0.572266 0.567187 0.599609 0.562500 0.630859 0.475000 0.611328
1 0.542188 0.441406 0.775000 0.503906 0.753125 0.572266 0.528125 0.498047
1 0.581250 0.583984 0.710938 0.636719 0.700000 0.677734 0.575000 0.630859
1 0.465625 0.654297 0.687500 0.707031 0.668750 0.785156 0.456250 0.732422
1 0.376563 0.734375 0.634375 0.792969 0.610938 0.871094 0.373437 0.798828
1 0.350000 0.777344 0.614062 0.867188 0.593750 0.931641 0.340625 0.847656
1 0.621875 0.353516 0.809375 0.408203 0.790625 0.472656 0.607812 0.410156
2 0.148438 0.589844 0.179688 0.603516 0.067187 0.826172 0.031250 0.808594
2 0.262500 0.371094 0.292187 0.386719 0.198437 0.593750 0.156250 0.574219
2 0.293750 0.933594 0.470313 1.000000 0.454688 1.000000 0.276562 0.988281
2 0.345313 0.892578 0.518750 0.957031 0.500000 1.000000 0.332813 0.949219
2 0.659375 0.183594 0.693750 0.203125 0.656250 0.304688 0.620313 0.287109
2 0.550000 0.171875 0.581250 0.183594 0.509375 0.367188 0.471875 0.339844
2 0.468750 0.121094 0.506250 0.132812 0.434375 0.308594 0.392188 0.292969
