0 0.739062 0.226562 0.871875 0.212891 0.870313 0.269531 0.745313 0.271484
2 0.178125 0.726562 0.231250 0.734375 0.210938 0.988281 0.148438 0.978516
2 0.243750 0.712891 0.293750 0.712891 0.287500 0.882812 0.240625 0.884766
0 0.000000 0.931641 0.059375 0.931641 0.056250 0.990234 0.000000 0.988281
0 0.000000 0.857422 0.054688 0.863281 0.050000 0.910156 0.000000 0.910156
0 0.000000 0.785156 0.060937 0.791016 0.057813 0.828125 0.000000 0.826172
0 0.000000 0.716797 0.093750 0.716797 0.087500 0.781250 0.000000 0.773438
0 0.776563 0.917969 0.928125 0.931641 0.910937 1.000000 0.765625 0.984375
0 0.765625 0.837891 0.906250 0.839844 0.904687 0.908203 0.767188 0.892578
0 0.765625 0.753906 0.893750 0.744141 0.896875 0.802734 0.771875 0.806641
4 0.764062 0.660156 0.884375 0.658203 0.879687 0.718750 0.770312 0.714844
0 0.762500 0.587891 0.887500 0.589844 0.890625 0.640625 0.757812 0.636719
0 0.534375 0.966797 0.585938 0.968750 0.595313 1.000000 0.532813 1.000000
0 0.610938 0.871094 0.659375 0.871094 0.660937 1.000000 0.609375 1.000000
0 0.543750 0.781250 0.590625 0.785156 0.592187 0.929688 0.535937 0.927734
0 0.609375 0.707031 0.662500 0.714844 0.662500 0.847656 0.610938 0.849609
0 0.540625 0.572266 0.587500 0.578125 0.584375 0.720703 0.535937 0.710938
0 0.612500 0.558594 0.665625 0.560547 0.668750 0.687500 0.615625 0.685547
0 0.614062 0.410156 0.660937 0.412109 0.660937 0.542969 0.610938 0.539062
0 0.539062 0.386719 0.587500 0.390625 0.579688 0.519531 0.540625 0.517578
0 0.598437 0.271484 0.650000 0.257812 0.660937 0.394531 0.615625 0.402344
0 0.757812 0.505859 0.876563 0.500000 0.876563 0.556641 0.762500 0.562500
0 0.751563 0.425781 0.879687 0.429688 0.879687 0.478516 0.748437 0.472656
0 0.746875 0.357422 0.875000 0.361328 0.870313 0.414062 0.743750 0.404297
0 0.743750 0.296875 0.868750 0.291016 0.871875 0.343750 0.746875 0.341797
0 0.734375 0.166016 0.842187 0.160156 0.839063 0.207031 0.735938 0.210938
0 0.735938 0.095703 0.862500 0.091797 0.864062 0.144531 0.731250 0.140625
0 0.739062 0.021484 0.860938 0.021484 0.859375 0.080078 0.732812 0.074219
0 0.607812 0.125000 0.660937 0.121094 0.660937 0.238281 0.609375 0.236328
0 0.603125 0.000000 0.651563 0.000000 0.657813 0.111328 0.604688 0.111328
0 0.201563 0.394531 0.250000 0.394531 0.248438 0.541016 0.200000 0.539062
0 0.301563 0.283203 0.340625 0.294922 0.326562 0.433594 0.271875 0.429688
0 0.220312 0.273438 0.260937 0.279297 0.248438 0.378906 0.209375 0.376953
0 0.129688 0.380859 0.173437 0.380859 0.160938 0.513672 0.110937 0.505859
0 0.000000 0.529297 0.100000 0.527344 0.101562 0.572266 0.000000 0.578125
0 0.001563 0.445312 0.103125 0.449219 0.096875 0.500000 0.000000 0.494141
0 0.001563 0.376953 0.109375 0.376953 0.106250 0.423828 0.000000 0.423828
0 0.007812 0.306641 0.117188 0.300781 0.117188 0.351562 0.009375 0.357422
0 0.023438 0.232422 0.123438 0.230469 0.120313 0.287109 0.020313 0.287109
0 0.023438 0.169922 0.134375 0.173828 0.129688 0.220703 0.020313 0.212891
0 0.021875 0.121094 0.131250 0.121094 0.131250 0.167969 0.020313 0.162109
0 0.045312 0.058594 0.154688 0.062500 0.150000 0.113281 0.043750 0.105469
0 0.040625 0.003906 0.160938 0.005859 0.151562 0.056641 0.040625 0.052734
0 0.228125 0.134766 0.279687 0.134766 0.271875 0.273438 0.218750 0.267578
0 0.234375 0.021484 0.282813 0.021484 0.276562 0.121094 0.229687 0.119141
0 0.306250 0.042969 0.356250 0.042969 0.340625 0.195312 0.285938 0.185547
