0 0.834375 0.384766 0.907813 0.382812 0.914062 0.419922 0.837500 0.421875
0 0.818750 0.332031 0.900000 0.324219 0.907813 0.359375 0.825000 0.369141
0 0.798438 0.265625 0.878125 0.289062 0.867188 0.324219 0.790625 0.302734
0 0.812500 0.121094 0.893750 0.115234 0.898438 0.156250 0.814063 0.164062
0 0.810937 0.076172 0.895312 0.074219 0.898438 0.115234 0.812500 0.117188
0 0.796875 0.021484 0.873437 0.021484 0.876563 0.064453 0.800000 0.066406
0 0.667188 0.218750 0.700000 0.236328 0.665625 0.320312 0.634375 0.300781
0 0.660937 0.000000 0.695312 0.007812 0.659375 0.093750 0.626563 0.074219
0 0.053125 0.294922 0.139063 0.294922 0.139063 0.333984 0.051562 0.335938
0 0.015625 0.519531 0.104688 0.521484 0.106250 0.562500 0.015625 0.564453
0 0.284375 0.628906 0.367188 0.613281 0.375000 0.650391 0.290625 0.669922
0 0.384375 0.621094 0.484375 0.621094 0.485938 0.667969 0.382812 0.666016
0 0.564063 0.621094 0.662500 0.611328 0.670312 0.654297 0.565625 0.664062
0 0.660937 0.490234 0.695312 0.503906 0.670312 0.582031 0.634375 0.568359
0 0.785937 0.601562 0.885938 0.597656 0.893750 0.636719 0.792188 0.644531
0 0.896875 0.595703 0.984375 0.595703 0.990625 0.648438 0.901563 0.646484
0 0.806250 0.519531 0.898438 0.511719 0.906250 0.550781 0.809375 0.562500
0 0.815625 0.441406 0.898438 0.439453 0.906250 0.474609 0.818750 0.476562
0 0.054688 0.000000 0.078125 0.000000 0.150000 0.001953 0.125000 0.037109
0 0.000000 0.322266 0.046875 0.349609 0.032813 0.394531 0.000000 0.361328
0 0.000000 0.015625 0.060937 0.015625 0.062500 0.052734 0.000000 0.052734
0 0.000000 0.068359 0.067187 0.068359 0.065625 0.107422 0.000000 0.105469
0 0.000000 0.125000 0.067187 0.119141 0.070312 0.162109 0.000000 0.164062
0 0.040625 0.160156 0.121875 0.132812 0.137500 0.167969 0.054688 0.203125
0 0.001563 0.191406 0.057813 0.232422 0.035937 0.261719 0.000000 0.216797
0 0.059375 0.218750 0.139063 0.216797 0.143750 0.255859 0.064062 0.259766
0 0.025000 0.410156 0.123438 0.400391 0.128125 0.447266 0.026562 0.457031
