4 0.707812 0.142578 0.746875 0.160156 0.739062 0.183594 0.696875 0.162109
2 0.367188 0.664062 0.540625 0.751953 0.517188 0.802734 0.339062 0.712891
2 0.304688 0.705078 0.545312 0.798828 0.529687 0.853516 0.287500 0.759766
2 0.375000 0.599609 0.604688 0.710938 0.581250 0.767578 0.348438 0.650391
2 0.417187 0.515625 0.646875 0.638672 0.631250 0.673828 0.403125 0.550781
2 0.437500 0.478516 0.660937 0.585938 0.645312 0.626953 0.421875 0.517578
2 0.476562 0.437500 0.695312 0.546875 0.676562 0.593750 0.456250 0.484375
2 0.503125 0.404297 0.707812 0.498047 0.693750 0.537109 0.492188 0.441406
2 0.525000 0.376953 0.721875 0.466797 0.709375 0.500000 0.507812 0.414062
2 0.545312 0.341797 0.750000 0.425781 0.735938 0.470703 0.526563 0.386719
2 0.573438 0.298828 0.764062 0.376953 0.751563 0.417969 0.553125 0.333984
2 0.628125 0.253906 0.750000 0.302734 0.734375 0.351562 0.607812 0.298828
2 0.628125 0.195312 0.825000 0.287109 0.809375 0.328125 0.612500 0.236328
2 0.653125 0.169922 0.840625 0.265625 0.829688 0.298828 0.639062 0.205078
2 0.442188 0.109375 0.537500 0.000000 0.567187 0.000000 0.475000 0.132812
2 0.487500 0.107422 0.582812 0.000000 0.615625 0.000000 0.518750 0.128906
2 0.457813 0.000000 0.487500 0.011719 0.381250 0.177734 0.353125 0.160156
2 0.354687 0.158203 0.384375 0.181641 0.275000 0.361328 0.239063 0.337891
2 0.464062 0.142578 0.495312 0.156250 0.456250 0.232422 0.425000 0.210938
2 0.523438 0.117188 0.559375 0.142578 0.453125 0.335938 0.410938 0.302734
2 0.206250 0.408203 0.242188 0.435547 0.117188 0.644531 0.076563 0.615234
2 0.176563 0.373047 0.210938 0.400391 0.079687 0.615234 0.043750 0.585938
2 0.120313 0.380859 0.157812 0.410156 0.017188 0.615234 0.000000 0.582031
0 0.640625 0.021484 0.662500 0.035156 0.640625 0.078125 0.620313 0.064453
0 0.612500 0.078125 0.632812 0.091797 0.609375 0.136719 0.585938 0.123047
0 0.578125 0.052734 0.601562 0.066406 0.576562 0.115234 0.553125 0.099609
0 0.026562 0.083984 0.054688 0.050781 0.068750 0.068359 0.042188 0.099609
0 0.095312 0.236328 0.115625 0.253906 0.081250 0.300781 0.059375 0.283203
0 0.229687 0.962891 0.300000 0.996094 0.289062 1.000000 0.215625 0.998047
0 0.256250 0.908203 0.328125 0.947266 0.312500 0.982422 0.235937 0.939453
2 0.406250 0.552734 0.625000 0.673828 0.604688 0.724609 0.382812 0.599609
1 0.429688 0.093750 0.471875 0.125000 0.362500 0.314453 0.315625 0.275391
1 0.778125 0.000000 0.921875 0.025391 0.906250 0.087891 0.760938 0.035156
1 0.093750 0.308594 0.143750 0.351562 0.000000 0.552734 0.000000 0.511719
0 0.776563 0.035156 0.825000 0.052734 0.820312 0.078125 0.768750 0.062500
1 0.718750 0.054688 0.912500 0.113281 0.900000 0.169922 0.703125 0.109375
1 0.232813 0.791016 0.443750 0.892578 0.415625 0.966797 0.201563 0.869141
1 0.282813 0.761719 0.475000 0.833984 0.456250 0.898438 0.262500 0.822266
2 0.684375 0.158203 0.737500 0.185547 0.723437 0.214844 0.671875 0.187500
4 0.768750 0.144531 0.834375 0.175781 0.821875 0.210938 0.750000 0.181641
