0 0.821875 0.078125 0.889062 0.070312 0.892188 0.103516 0.825000 0.109375
0 0.840625 0.128906 0.898438 0.117188 0.896875 0.158203 0.845313 0.164062
0 0.857812 0.238281 0.925000 0.238281 0.926562 0.267578 0.859375 0.271484
0 0.860938 0.279297 0.918750 0.271484 0.921875 0.300781 0.864062 0.308594
0 0.879687 0.300781 0.937500 0.300781 0.937500 0.330078 0.878125 0.330078
0 0.895312 0.421875 0.957812 0.425781 0.960938 0.453125 0.896875 0.447266
0 0.887500 0.453125 0.953125 0.451172 0.960938 0.486328 0.890625 0.492188
0 0.709375 0.345703 0.764062 0.349609 0.765625 0.375000 0.710938 0.369141
0 0.707812 0.376953 0.765625 0.380859 0.767188 0.408203 0.709375 0.410156
0 0.712500 0.414062 0.779687 0.414062 0.779687 0.447266 0.718750 0.451172
4 0.707812 0.517578 0.789062 0.519531 0.790625 0.554688 0.710938 0.552734
0 0.723437 0.597656 0.803125 0.601562 0.804688 0.636719 0.726562 0.636719
0 0.906250 0.521484 0.984375 0.517578 0.989062 0.554688 0.910937 0.560547
0 0.926562 0.615234 0.998437 0.613281 1.000000 0.646484 0.931250 0.648438
0 0.934375 0.648438 1.000000 0.652344 1.000000 0.691406 0.937500 0.689453
0 0.960938 0.841797 1.000000 0.841797 1.000000 0.875000 0.964063 0.878906
0 0.898438 0.736328 0.928125 0.732422 0.945312 0.810547 0.923438 0.816406
0 0.746875 0.707031 0.825000 0.722656 0.820312 0.757812 0.746875 0.748047
0 0.762500 0.761719 0.831250 0.765625 0.831250 0.798828 0.760938 0.798828
0 0.767188 0.806641 0.825000 0.808594 0.826562 0.843750 0.767188 0.847656
0 0.793750 0.949219 0.851562 0.949219 0.854688 0.988281 0.796875 0.990234
0 0.389062 0.912109 0.429688 0.910156 0.429688 1.000000 0.389062 1.000000
0 0.392188 0.744141 0.418750 0.744141 0.418750 0.816406 0.390625 0.818359
0 0.389062 0.648438 0.418750 0.648438 0.418750 0.716797 0.387500 0.716797
0 0.390625 0.554688 0.415625 0.552734 0.415625 0.619141 0.387500 0.619141
0 0.390625 0.396484 0.418750 0.396484 0.415625 0.458984 0.390625 0.460938
0 0.382812 0.228516 0.407813 0.226562 0.414062 0.291016 0.385937 0.291016
0 0.385937 0.148438 0.415625 0.150391 0.409375 0.197266 0.385937 0.191406
0 0.384375 0.074219 0.407813 0.072266 0.409375 0.125000 0.385937 0.125000
0 0.171875 0.970703 0.245312 0.980469 0.242188 1.000000 0.170313 1.000000
0 0.175000 0.919922 0.254688 0.919922 0.251563 0.955078 0.173437 0.957031
0 0.170313 0.873047 0.251563 0.871094 0.250000 0.912109 0.173437 0.912109
0 0.175000 0.828125 0.250000 0.828125 0.245312 0.867188 0.176563 0.863281
0 0.173437 0.785156 0.250000 0.785156 0.246875 0.822266 0.175000 0.824219
0 0.192188 0.531250 0.257812 0.539062 0.254688 0.568359 0.193750 0.568359
0 0.193750 0.460938 0.260937 0.460938 0.260937 0.501953 0.192188 0.501953
0 0.189062 0.437500 0.264062 0.429688 0.264062 0.455078 0.187500 0.462891
0 0.193750 0.396484 0.262500 0.396484 0.264062 0.425781 0.195312 0.435547
0 0.200000 0.333984 0.268750 0.337891 0.267188 0.367188 0.201563 0.365234
0 0.204687 0.296875 0.267188 0.296875 0.265625 0.324219 0.204687 0.324219
0 0.201563 0.261719 0.264062 0.259766 0.265625 0.289062 0.204687 0.296875
0 0.204687 0.232422 0.267188 0.230469 0.268750 0.259766 0.204687 0.257812
0 0.210938 0.205078 0.273438 0.205078 0.273438 0.228516 0.212500 0.232422
0 0.215625 0.173828 0.278125 0.169922 0.278125 0.197266 0.215625 0.203125
0 0.212500 0.138672 0.278125 0.138672 0.278125 0.167969 0.217188 0.171875
0 0.214062 0.091797 0.278125 0.087891 0.278125 0.121094 0.215625 0.121094
0 0.215625 0.060547 0.275000 0.060547 0.275000 0.083984 0.218750 0.085938
0 0.217188 0.000000 0.281250 0.003906 0.278125 0.029297 0.217188 0.027344
