0 0.731250 0.453125 0.812500 0.367188 0.834375 0.398438 0.748437 0.478516
0 0.715625 0.367188 0.793750 0.285156 0.818750 0.322266 0.740625 0.406250
0 0.704688 0.285156 0.771875 0.205078 0.796875 0.240234 0.734375 0.328125
0 0.678125 0.150391 0.754687 0.066406 0.782813 0.099609 0.704688 0.189453
0 0.670312 0.072266 0.737500 0.000000 0.771875 0.017578 0.700000 0.103516
0 0.000000 0.304688 0.048438 0.289062 0.056250 0.400391 0.014063 0.412109
0 0.407813 0.015625 0.459375 0.000000 0.509375 0.074219 0.467187 0.109375
0 0.050000 0.292969 0.096875 0.285156 0.107813 0.402344 0.060937 0.410156
4 0.518750 0.503906 0.615625 0.513672 0.614062 0.562500 0.517188 0.548828
0 0.529687 0.572266 0.612500 0.591797 0.606250 0.632812 0.525000 0.619141
0 0.543750 0.628906 0.639062 0.667969 0.628125 0.718750 0.529687 0.675781
0 0.320312 0.246094 0.362500 0.236328 0.375000 0.339844 0.334375 0.347656
0 0.968750 0.832031 1.000000 0.824219 1.000000 0.949219 0.995313 0.958984
0 0.951562 0.701172 0.989062 0.689453 1.000000 0.820312 0.973437 0.824219
0 0.917188 0.556641 0.959375 0.546875 0.985938 0.666016 0.939063 0.677734
0 0.893750 0.412109 0.935937 0.408203 0.951562 0.515625 0.914062 0.521484
0 0.873437 0.283203 0.912500 0.277344 0.937500 0.402344 0.896875 0.412109
0 0.853125 0.113281 0.889062 0.107422 0.901563 0.230469 0.873437 0.234375
0 0.825000 0.000000 0.864062 0.000000 0.878125 0.060547 0.842187 0.070312
0 0.839063 1.000000 0.901563 0.951172 0.928125 0.992188 0.859375 1.000000
0 0.865625 0.849609 0.901563 0.878906 0.843750 0.988281 0.807813 0.962891
0 0.781250 0.767578 0.846875 0.689453 0.873437 0.724609 0.810937 0.800781
0 0.823438 0.527344 0.854688 0.562500 0.779687 0.646484 0.751563 0.617188
0 0.734375 0.542969 0.807813 0.453125 0.835938 0.484375 0.756250 0.568359
