0 0.945312 0.000000 0.987500 0.025391 0.975000 0.046875 0.932813 0.019531
0 0.015625 0.501953 0.057813 0.472656 0.075000 0.501953 0.031250 0.531250
2 0.779687 0.796875 0.937500 1.000000 0.900000 1.000000 0.745313 0.851562
0 0.339062 0.966797 0.384375 0.929688 0.414062 0.964844 0.362500 1.000000
0 0.315625 0.919922 0.362500 0.880859 0.387500 0.916016 0.335938 0.953125
4 0.276562 0.892578 0.329688 0.853516 0.353125 0.892578 0.295312 0.929688
0 0.254688 0.867188 0.304688 0.833984 0.323437 0.865234 0.268750 0.904297
0 0.045312 0.542969 0.084375 0.515625 0.100000 0.541016 0.060937 0.568359
0 0.229687 0.830078 0.285938 0.798828 0.301563 0.832031 0.243750 0.871094
0 0.214062 0.798828 0.262500 0.765625 0.278125 0.796875 0.226562 0.826172
0 0.175000 0.712891 0.206250 0.685547 0.223438 0.710938 0.190625 0.738281
0 0.145313 0.681641 0.179688 0.656250 0.201563 0.687500 0.156250 0.716797
0 0.118750 0.662109 0.157812 0.626953 0.178125 0.658203 0.139063 0.689453
0 0.101562 0.630859 0.143750 0.597656 0.156250 0.626953 0.118750 0.656250
0 0.081250 0.589844 0.115625 0.560547 0.137500 0.597656 0.103125 0.623047
0 0.062500 0.574219 0.098437 0.541016 0.112500 0.566406 0.076563 0.597656
