0 0.107813 0.507812 0.181250 0.480469 0.189062 0.513672 0.118750 0.542969
4 0.957812 0.726562 0.996875 0.703125 1.000000 0.812500 1.000000 0.843750
0 0.582812 0.865234 0.653125 0.833984 0.665625 0.869141 0.589063 0.892578
0 0.571875 0.812500 0.639062 0.787109 0.646875 0.818359 0.582812 0.845703
0 0.545312 0.757812 0.620313 0.736328 0.629687 0.773438 0.557813 0.796875
0 0.468750 0.685547 0.539062 0.662109 0.553125 0.699219 0.479687 0.726562
0 0.434375 0.617188 0.498437 0.585938 0.512500 0.621094 0.456250 0.650391
0 0.426563 0.572266 0.481250 0.548828 0.492188 0.580078 0.435937 0.605469
0 0.404687 0.525391 0.473438 0.496094 0.485938 0.537109 0.420312 0.562500
0 0.393750 0.488281 0.459375 0.460938 0.467187 0.490234 0.407813 0.521484
0 0.362500 0.419922 0.429688 0.386719 0.435937 0.423828 0.376563 0.451172
0 0.353125 0.380859 0.409375 0.355469 0.420312 0.384766 0.364063 0.414062
0 0.315625 0.673828 0.350000 0.658203 0.368750 0.714844 0.339062 0.726562
0 0.250000 0.804688 0.318750 0.773438 0.335938 0.808594 0.265625 0.841797
0 0.245312 0.755859 0.309375 0.730469 0.317188 0.759766 0.256250 0.791016
0 0.231250 0.712891 0.300000 0.683594 0.310937 0.718750 0.240625 0.750000
0 0.212500 0.671875 0.287500 0.644531 0.300000 0.685547 0.226562 0.712891
0 0.203125 0.636719 0.278125 0.597656 0.290625 0.640625 0.217188 0.673828
0 0.192188 0.593750 0.256250 0.560547 0.275000 0.603516 0.207813 0.634766
0 0.096875 0.472656 0.157812 0.447266 0.168750 0.488281 0.107813 0.501953
0 0.114062 0.433594 0.168750 0.410156 0.175000 0.437500 0.118750 0.462891
0 0.801562 0.517578 0.825000 0.507812 0.854688 0.570312 0.832812 0.585938
0 0.620313 0.322266 0.646875 0.310547 0.670312 0.371094 0.648438 0.386719
0 0.715625 0.287109 0.735938 0.279297 0.756250 0.326172 0.734375 0.337891
0 0.387500 0.175781 0.410938 0.160156 0.429688 0.208984 0.403125 0.224609
0 0.351562 0.183594 0.373437 0.175781 0.392188 0.222656 0.370312 0.234375
0 0.317188 0.205078 0.335938 0.197266 0.351562 0.232422 0.332813 0.244141
0 0.284375 0.214844 0.306250 0.203125 0.328125 0.253906 0.303125 0.265625
0 0.251563 0.224609 0.275000 0.212891 0.293750 0.263672 0.267188 0.275391
0 0.217188 0.228516 0.239063 0.218750 0.259375 0.273438 0.237500 0.281250
0 0.176563 0.246094 0.201563 0.232422 0.223438 0.291016 0.195312 0.304688
0 0.129688 0.261719 0.157812 0.251953 0.175000 0.304688 0.148438 0.312500
0 0.090625 0.275391 0.114062 0.269531 0.132812 0.316406 0.112500 0.328125
0 0.195312 0.191406 0.251563 0.177734 0.259375 0.197266 0.204687 0.214844
0 0.192188 0.162109 0.250000 0.142578 0.257812 0.171875 0.198437 0.189453
4 0.126562 0.000000 0.182812 0.000000 0.198437 0.000000 0.139063 0.027344
4 0.885938 0.568359 0.909375 0.560547 0.937500 0.621094 0.912500 0.636719
1 0.732812 0.523438 0.776563 0.500000 0.818750 0.613281 0.781250 0.632812
3 0.564063 0.933594 0.742188 0.851562 0.762500 0.910156 0.593750 1.000000
