0 0.953125 0.355469 0.982812 0.343750 1.000000 0.414062 0.976562 0.419922
0 0.914062 0.148438 0.940625 0.160156 0.912500 0.220703 0.887500 0.205078
0 0.901563 0.097656 0.928125 0.105469 0.907813 0.156250 0.879687 0.148438
0 0.892188 0.052734 0.915625 0.062500 0.890625 0.115234 0.862500 0.103516
0 0.854688 0.001953 0.879687 0.000000 0.896875 0.054688 0.868750 0.064453
0 0.837500 0.445312 0.864062 0.437500 0.884375 0.513672 0.853125 0.521484
0 0.828125 0.375000 0.854688 0.369141 0.873437 0.429688 0.842187 0.435547
0 0.814063 0.298828 0.839063 0.292969 0.857812 0.351562 0.825000 0.357422
0 0.790625 0.228516 0.814063 0.220703 0.834375 0.287109 0.804688 0.292969
0 0.707812 0.095703 0.779687 0.095703 0.775000 0.130859 0.709375 0.130859
0 0.704688 0.044922 0.757812 0.056641 0.751563 0.089844 0.692187 0.076172
0 0.695312 0.007812 0.745313 0.025391 0.737500 0.054688 0.687500 0.035156
0 0.312500 0.142578 0.371875 0.107422 0.389062 0.136719 0.328125 0.167969
0 0.320312 0.103516 0.370312 0.074219 0.384375 0.101562 0.331250 0.125000
0 0.331250 0.064453 0.382812 0.039062 0.400000 0.068359 0.339062 0.089844
0 0.331250 0.027344 0.389062 0.007812 0.400000 0.033203 0.340625 0.056641
3 0.195312 0.000000 0.246875 0.000000 0.220312 0.117188 0.164062 0.113281
0 0.129688 0.902344 0.156250 0.882812 0.212500 0.953125 0.182812 0.980469
0 0.090625 0.923828 0.123438 0.925781 0.112500 1.000000 0.075000 1.000000
0 0.196875 0.576172 0.225000 0.578125 0.203125 0.652344 0.171875 0.648438
0 0.190625 0.482422 0.220312 0.486328 0.210938 0.546875 0.182812 0.546875
0 0.176563 0.431641 0.237500 0.392578 0.259375 0.416016 0.193750 0.457031
0 0.176563 0.380859 0.235937 0.355469 0.254688 0.382812 0.185938 0.412109
4 0.918750 0.248047 0.950000 0.238281 0.968750 0.306641 0.932813 0.306641
