0 0.298438 0.076172 0.418750 0.076172 0.420312 0.134766 0.300000 0.138672
0 0.890625 0.000000 1.000000 0.000000 1.000000 0.044922 0.890625 0.062500
0 0.885938 0.072266 1.000000 0.060547 1.000000 0.107422 0.889062 0.125000
0 0.892188 0.142578 1.000000 0.123047 1.000000 0.177734 0.903125 0.193359
0 0.904687 0.205078 1.000000 0.195312 1.000000 0.248047 0.915625 0.261719
0 0.907813 0.281250 1.000000 0.261719 1.000000 0.316406 0.920312 0.332031
0 0.918750 0.345703 1.000000 0.330078 1.000000 0.384766 0.931250 0.408203
0 0.929688 0.414062 1.000000 0.394531 1.000000 0.455078 0.940625 0.474609
0 0.854688 0.828125 1.000000 0.822266 1.000000 0.876953 0.868750 0.894531
0 0.820312 0.576172 0.957812 0.566406 0.964063 0.636719 0.828125 0.640625
0 0.837500 0.736328 0.976562 0.728516 0.984375 0.794922 0.845313 0.798828
0 0.829688 0.658203 0.964063 0.650391 0.971875 0.701172 0.839063 0.720703
0 0.814063 0.500000 0.937500 0.488281 0.942187 0.554688 0.814063 0.546875
0 0.803125 0.423828 0.923438 0.417969 0.928125 0.476562 0.807813 0.490234
0 0.785937 0.357422 0.910937 0.343750 0.910937 0.404297 0.798438 0.412109
0 0.785937 0.291016 0.901563 0.275391 0.907813 0.333984 0.790625 0.343750
0 0.771875 0.218750 0.893750 0.207031 0.900000 0.255859 0.781250 0.271484
0 0.765625 0.142578 0.885938 0.138672 0.890625 0.189453 0.768750 0.197266
0 0.754687 0.087891 0.878125 0.080078 0.879687 0.125000 0.759375 0.138672
0 0.751563 0.027344 0.870313 0.011719 0.873437 0.064453 0.759375 0.076172
0 0.878125 0.910156 1.000000 0.914062 1.000000 0.980469 0.879687 0.982422
0 0.628125 0.212891 0.751563 0.199219 0.753125 0.255859 0.632812 0.265625
0 0.634375 0.271484 0.754687 0.255859 0.767188 0.320312 0.642188 0.339844
0 0.635938 0.357422 0.765625 0.345703 0.767188 0.410156 0.643750 0.416016
0 0.643750 0.425781 0.779687 0.421875 0.785937 0.484375 0.653125 0.494141
0 0.653125 0.509766 0.790625 0.498047 0.795312 0.564453 0.656250 0.576172
0 0.656250 0.574219 0.789062 0.582031 0.798438 0.636719 0.671875 0.656250
0 0.668750 0.664062 0.793750 0.652344 0.803125 0.726562 0.673438 0.742188
0 0.681250 0.759766 0.821875 0.746094 0.823438 0.810547 0.684375 0.818359
0 0.685937 0.833984 0.818750 0.822266 0.831250 0.902344 0.695312 0.919922
0 0.689063 0.943359 0.825000 0.919922 0.834375 0.994141 0.701562 1.000000
0 0.620313 0.138672 0.748437 0.125000 0.748437 0.189453 0.629687 0.205078
0 0.609375 0.078125 0.743750 0.052734 0.740625 0.123047 0.620313 0.136719
0 0.607812 0.005859 0.728125 0.000000 0.732812 0.054688 0.614062 0.070312
0 0.532813 0.000000 0.581250 0.000000 0.592187 0.085938 0.545312 0.095703
0 0.545312 0.117188 0.595313 0.109375 0.612500 0.240234 0.565625 0.248047
0 0.556250 0.257812 0.609375 0.253906 0.618750 0.390625 0.568750 0.396484
0 0.567187 0.406250 0.615625 0.402344 0.634375 0.542969 0.581250 0.550781
0 0.579688 0.568359 0.642188 0.558594 0.659375 0.712891 0.603125 0.718750
0 0.600000 0.757812 0.654687 0.751953 0.670312 0.921875 0.612500 0.927734
0 0.315625 0.410156 0.435937 0.417969 0.435937 0.474609 0.312500 0.484375
0 0.306250 0.345703 0.435937 0.339844 0.439063 0.410156 0.304688 0.412109
0 0.298438 0.275391 0.425000 0.271484 0.429688 0.333984 0.300000 0.343750
0 0.301563 0.208984 0.429688 0.207031 0.431250 0.267578 0.301563 0.271484
0 0.298438 0.140625 0.421875 0.142578 0.421875 0.205078 0.293750 0.201172
0 0.295312 0.013672 0.410938 0.017578 0.417187 0.078125 0.296875 0.072266
0 0.300000 0.585938 0.435937 0.576172 0.434375 0.646484 0.301563 0.656250
0 0.314063 0.492188 0.437500 0.486328 0.440625 0.554688 0.315625 0.564453
0 0.307812 0.671875 0.435937 0.646484 0.443750 0.720703 0.307812 0.736328
0 0.301563 0.744141 0.446875 0.738281 0.450000 0.810547 0.304688 0.818359
0 0.303125 0.833984 0.453125 0.832031 0.448437 0.904297 0.304688 0.904297
0 0.304688 0.931641 0.440625 0.910156 0.450000 0.986328 0.307812 1.000000
0 0.135937 0.951172 0.281250 0.941406 0.284375 1.000000 0.135937 1.000000
0 0.150000 0.857422 0.295312 0.847656 0.300000 0.925781 0.150000 0.927734
0 0.151562 0.767578 0.290625 0.757812 0.301563 0.826172 0.154688 0.843750
0 0.157812 0.677734 0.290625 0.675781 0.292187 0.738281 0.157812 0.746094
0 0.159375 0.599609 0.298438 0.591797 0.295312 0.656250 0.159375 0.666016
0 0.162500 0.511719 0.296875 0.501953 0.301563 0.576172 0.160938 0.583984
0 0.164062 0.419922 0.298438 0.425781 0.298438 0.484375 0.162500 0.486328
0 0.165625 0.347656 0.301563 0.353516 0.296875 0.414062 0.168750 0.412109
0 0.165625 0.281250 0.287500 0.279297 0.293750 0.339844 0.165625 0.345703
0 0.175000 0.210938 0.295312 0.214844 0.300000 0.273438 0.175000 0.267578
0 0.170313 0.138672 0.287500 0.152344 0.285938 0.205078 0.165625 0.195312
0 0.167187 0.078125 0.293750 0.085938 0.292187 0.146484 0.165625 0.140625
0 0.167187 0.013672 0.292187 0.025391 0.281250 0.083984 0.159375 0.072266
