0 0.932813 0.722656 0.989062 0.697266 1.000000 0.726562 0.956250 0.759766
0 0.415625 0.011719 0.439063 0.000000 0.462500 0.039062 0.439063 0.052734
0 0.479687 0.046875 0.525000 0.019531 0.542188 0.033203 0.490625 0.060547
0 0.509375 0.050781 0.551562 0.039062 0.565625 0.056641 0.517188 0.068359
0 0.512500 0.080078 0.556250 0.058594 0.567187 0.078125 0.518750 0.097656
0 0.567187 0.152344 0.617188 0.126953 0.629687 0.152344 0.581250 0.179688
0 0.614062 0.230469 0.662500 0.203125 0.676562 0.228516 0.623437 0.251953
0 0.618750 0.263672 0.682813 0.234375 0.695312 0.250000 0.631250 0.281250
0 0.643750 0.285156 0.700000 0.253906 0.715625 0.275391 0.662500 0.306641
0 0.676562 0.326172 0.721875 0.292969 0.740625 0.310547 0.693750 0.345703
0 0.710938 0.376953 0.762500 0.347656 0.782813 0.375000 0.726562 0.404297
0 0.734375 0.410156 0.793750 0.378906 0.807813 0.406250 0.748437 0.435547
0 0.753125 0.449219 0.810937 0.416016 0.834375 0.441406 0.768750 0.478516
0 0.781250 0.505859 0.837500 0.466797 0.857812 0.501953 0.804688 0.535156
0 0.829688 0.554688 0.882812 0.525391 0.901563 0.560547 0.850000 0.583984
0 0.856250 0.582031 0.906250 0.558594 0.923438 0.589844 0.868750 0.615234
0 0.095312 0.320312 0.154688 0.296875 0.167187 0.318359 0.109375 0.347656
0 0.131250 0.359375 0.192188 0.335938 0.203125 0.365234 0.140625 0.386719
0 0.007812 0.486328 0.060937 0.460938 0.071875 0.500000 0.018750 0.523438
0 0.025000 0.585938 0.096875 0.558594 0.106250 0.589844 0.032813 0.613281
0 0.032813 0.625000 0.109375 0.587891 0.120313 0.615234 0.045312 0.648438
0 0.164062 0.425781 0.223438 0.400391 0.235937 0.429688 0.170313 0.451172
0 0.176563 0.455078 0.231250 0.437500 0.242188 0.460938 0.182812 0.480469
0 0.185938 0.488281 0.246875 0.464844 0.256250 0.490234 0.196875 0.511719
0 0.193750 0.519531 0.259375 0.494141 0.268750 0.527344 0.206250 0.548828
0 0.221875 0.554688 0.281250 0.523438 0.300000 0.560547 0.235937 0.591797
0 0.229687 0.593750 0.303125 0.558594 0.310937 0.591797 0.246875 0.626953
0 0.264062 0.685547 0.323437 0.656250 0.337500 0.687500 0.278125 0.718750
0 0.378125 0.917969 0.434375 0.886719 0.448437 0.917969 0.393750 0.953125
0 0.390625 0.962891 0.460938 0.921875 0.476562 0.958984 0.404687 0.994141
0 0.401562 1.000000 0.479687 0.962891 0.493750 0.996094 0.421875 1.000000
0 0.090625 0.802734 0.164062 0.767578 0.178125 0.802734 0.106250 0.835938
0 0.037500 0.664062 0.115625 0.638672 0.129688 0.669922 0.050000 0.697266
