2 0.140625 0.560547 0.203125 0.611328 0.125000 0.753906 0.057813 0.705078
2 0.009375 0.431641 0.151562 0.460938 0.154688 0.544922 0.000000 0.523438
2 0.037500 0.357422 0.178125 0.402344 0.154688 0.488281 0.015625 0.433594
2 0.090625 0.296875 0.226562 0.357422 0.203125 0.431641 0.053125 0.367188
2 0.126562 0.238281 0.268750 0.285156 0.245312 0.371094 0.100000 0.304688
0 0.293750 0.291016 0.375000 0.310547 0.359375 0.355469 0.276562 0.330078
0 0.403125 0.283203 0.496875 0.294922 0.485938 0.349609 0.389062 0.335938
0 0.275000 0.355469 0.370312 0.369141 0.360938 0.421875 0.267188 0.398438
0 0.478125 0.181641 0.551562 0.201172 0.537500 0.246094 0.465625 0.230469
0 0.206250 0.066406 0.235937 0.080078 0.201563 0.146484 0.167187 0.128906
4 0.200000 0.035156 0.275000 0.035156 0.275000 0.074219 0.192188 0.074219
2 0.890625 0.748047 0.965625 0.767578 0.917188 1.000000 0.835938 1.000000
2 0.423438 0.609375 0.489063 0.628906 0.367188 1.000000 0.285938 1.000000
0 0.332813 0.050781 0.400000 0.064453 0.389062 0.099609 0.328125 0.089844
2 0.507812 0.603516 0.587500 0.626953 0.462500 1.000000 0.376563 1.000000
0 0.596875 0.080078 0.635938 0.085938 0.618750 0.167969 0.578125 0.158203
2 0.057813 0.539062 0.121875 0.558594 0.051562 0.712891 0.000000 0.673828
