0 0.629687 0.785156 0.756250 0.791016 0.751563 0.849609 0.634375 0.841797
1 0.526563 0.839844 0.573438 0.847656 0.582812 1.000000 0.529687 1.000000
0 0.615625 0.878906 0.748437 0.873047 0.750000 0.941406 0.615625 0.951172
0 0.635938 0.695312 0.751563 0.695312 0.754687 0.757812 0.635938 0.755859
0 0.629687 0.615234 0.764062 0.617188 0.768750 0.671875 0.635938 0.669922
1 0.781250 0.601562 0.856250 0.595703 0.865625 0.830078 0.790625 0.830078
4 0.635938 0.529297 0.753125 0.517578 0.759375 0.578125 0.640625 0.587891
4 0.632812 0.433594 0.742188 0.443359 0.739062 0.498047 0.629687 0.496094
0 0.617188 0.365234 0.748437 0.365234 0.751563 0.427734 0.617188 0.425781
0 0.817187 0.242188 0.940625 0.244141 0.939063 0.298828 0.817187 0.298828
0 0.515625 0.425781 0.570312 0.427734 0.575000 0.574219 0.518750 0.576172
0 0.253125 0.783203 0.307812 0.781250 0.309375 0.941406 0.253125 0.941406
0 0.262500 0.560547 0.314063 0.562500 0.314063 0.685547 0.265625 0.691406
0 0.276562 0.234375 0.325000 0.238281 0.318750 0.373047 0.275000 0.373047
0 0.279687 0.009766 0.321875 0.009766 0.323437 0.142578 0.276562 0.136719
