0 0.954688 0.416016 1.000000 0.470703 1.000000 0.517578 0.928125 0.455078
0 0.845313 0.324219 0.918750 0.376953 0.889062 0.414062 0.825000 0.355469
0 0.764062 0.259766 0.832812 0.306641 0.810937 0.345703 0.748437 0.291016
0 0.681250 0.189453 0.742188 0.234375 0.715625 0.267578 0.662500 0.216797
0 0.593750 0.099609 0.662500 0.160156 0.642188 0.191406 0.567187 0.136719
0 0.487500 0.060547 0.510938 0.039062 0.568750 0.078125 0.542188 0.113281
0 0.756250 0.875000 0.834375 0.943359 0.814063 0.978516 0.737500 0.906250
0 0.659375 0.777344 0.743750 0.847656 0.717187 0.888672 0.639062 0.812500
0 0.571875 0.695312 0.645312 0.748047 0.618750 0.787109 0.551562 0.726562
0 0.503125 0.621094 0.570312 0.675781 0.539062 0.718750 0.479687 0.654297
0 0.156250 0.009766 0.226562 0.078125 0.187500 0.111328 0.134375 0.041016
0 0.018750 0.144531 0.079687 0.207031 0.048438 0.236328 0.000000 0.169922
0 0.084375 0.259766 0.107813 0.230469 0.167187 0.289062 0.140625 0.328125
0 0.176563 0.296875 0.240625 0.355469 0.207813 0.390625 0.154688 0.328125
0 0.220312 0.388672 0.246875 0.363281 0.307812 0.427734 0.276562 0.460938
0 0.317188 0.482422 0.343750 0.451172 0.400000 0.505859 0.373437 0.541016
0 0.389062 0.554688 0.410938 0.527344 0.485938 0.589844 0.457813 0.626953
