0 0.195312 0.412109 0.228125 0.425781 0.201563 0.533203 0.168750 0.521484
0 0.254688 0.371094 0.285938 0.382812 0.260937 0.482422 0.226562 0.468750
0 0.298438 0.380859 0.337500 0.392578 0.309375 0.498047 0.276562 0.482422
0 0.350000 0.402344 0.381250 0.412109 0.362500 0.515625 0.325000 0.501953
0 0.396875 0.398438 0.435937 0.410156 0.410938 0.521484 0.371875 0.501953
0 0.314063 0.513672 0.398438 0.539062 0.387500 0.582031 0.301563 0.556641
0 0.390625 0.314453 0.467187 0.359375 0.445312 0.402344 0.373437 0.357422
0 0.401562 0.259766 0.485938 0.306641 0.462500 0.347656 0.382812 0.298828
0 0.412500 0.207031 0.489063 0.251953 0.470313 0.292969 0.395313 0.248047
0 0.423438 0.156250 0.500000 0.201172 0.485938 0.240234 0.410938 0.199219
0 0.457813 0.046875 0.534375 0.091797 0.515625 0.123047 0.442188 0.078125
0 0.445312 0.103516 0.526563 0.150391 0.510938 0.185547 0.429688 0.134766
0 0.592187 0.263672 0.671875 0.291016 0.665625 0.335938 0.578125 0.310547
0 0.606250 0.210938 0.689063 0.240234 0.679688 0.283203 0.592187 0.257812
0 0.578125 0.312500 0.664062 0.335938 0.651563 0.384766 0.564063 0.359375
0 0.565625 0.361328 0.643750 0.386719 0.632812 0.435547 0.551562 0.408203
0 0.534375 0.416016 0.620313 0.443359 0.607812 0.488281 0.520312 0.462891
0 0.529687 0.470703 0.614062 0.501953 0.601562 0.552734 0.515625 0.517578
0 0.343750 0.697266 0.385937 0.707031 0.350000 0.828125 0.310937 0.808594
0 0.410938 0.744141 0.451562 0.763672 0.412500 0.878906 0.373437 0.859375
0 0.457813 0.789062 0.498437 0.800781 0.459375 0.912109 0.423438 0.896484
0 0.501563 0.812500 0.543750 0.822266 0.520312 0.933594 0.479687 0.919922
0 0.573438 0.814453 0.615625 0.824219 0.592187 0.935547 0.551562 0.921875
0 0.642188 0.826172 0.684375 0.835938 0.660937 0.947266 0.620313 0.933594
0 0.717187 0.853516 0.759375 0.863281 0.735938 0.974609 0.695312 0.960938
0 0.512500 0.541016 0.601562 0.564453 0.595313 0.621094 0.498437 0.587891
0 0.498437 0.597656 0.576562 0.623047 0.571875 0.669922 0.484375 0.644531
0 0.617188 0.574219 0.654687 0.587891 0.620313 0.697266 0.581250 0.675781
0 0.653125 0.439453 0.690625 0.453125 0.668750 0.552734 0.626563 0.541016
0 0.676562 0.318359 0.709375 0.333984 0.684375 0.433594 0.651563 0.419922
0 0.720313 0.191406 0.753125 0.197266 0.729688 0.294922 0.696875 0.279297
0 0.753125 0.087891 0.784375 0.099609 0.765625 0.175781 0.737500 0.167969
0 0.812500 0.070312 0.846875 0.085938 0.828125 0.162109 0.795312 0.146484
0 0.814063 0.000000 0.843750 0.000000 0.851562 0.050781 0.814063 0.052734
0 0.776563 0.169922 0.809375 0.183594 0.789062 0.273438 0.753125 0.259766
0 0.776563 0.000000 0.806250 0.000000 0.814063 0.044922 0.776563 0.046875
0 0.525000 0.000000 0.556250 0.000000 0.603125 0.005859 0.579688 0.042969
0 0.609375 0.037109 0.639062 0.048828 0.620313 0.132812 0.582812 0.119141
0 0.654687 0.113281 0.731250 0.132812 0.720313 0.167969 0.645312 0.150391
0 0.664062 0.068359 0.740625 0.087891 0.728125 0.123047 0.654687 0.105469
0 0.659375 0.025391 0.735938 0.044922 0.728125 0.085938 0.650000 0.062500
0 0.671875 0.000000 0.748437 0.003906 0.737500 0.039062 0.662500 0.021484
0 0.867188 0.128906 0.943750 0.148438 0.932813 0.183594 0.857812 0.166016
0 0.868750 0.087891 0.950000 0.087891 0.953125 0.125000 0.873437 0.121094
0 0.882812 0.035156 0.964063 0.035156 0.967187 0.072266 0.887500 0.068359
0 0.864062 0.000000 0.951562 0.000000 0.953125 0.029297 0.867188 0.027344
0 0.834375 0.193359 0.928125 0.189453 0.934375 0.234375 0.840625 0.230469
0 0.821875 0.234375 0.914062 0.240234 0.917188 0.287109 0.817187 0.273438
0 0.801562 0.283203 0.893750 0.289062 0.896875 0.335938 0.796875 0.322266
0 0.796875 0.335938 0.892188 0.349609 0.890625 0.392578 0.796875 0.376953
0 0.785937 0.386719 0.879687 0.398438 0.878125 0.447266 0.782813 0.433594
0 0.778125 0.439453 0.873437 0.453125 0.868750 0.505859 0.771875 0.490234
0 0.760938 0.521484 0.845313 0.539062 0.839063 0.587891 0.751563 0.568359
0 0.745313 0.585938 0.846875 0.601562 0.837500 0.662109 0.739062 0.642578
0 0.732812 0.652344 0.834375 0.667969 0.825000 0.720703 0.726562 0.697266
0 0.726562 0.705078 0.825000 0.736328 0.814063 0.789062 0.717187 0.757812
0 0.231250 0.677734 0.273438 0.687500 0.237500 0.808594 0.198437 0.789062
0 0.182812 0.648438 0.225000 0.658203 0.189062 0.779297 0.150000 0.759766
0 0.129688 0.623047 0.171875 0.632812 0.135937 0.753906 0.096875 0.734375
0 0.076563 0.611328 0.118750 0.621094 0.082812 0.742188 0.043750 0.722656
0 0.029687 0.593750 0.071875 0.603516 0.035937 0.724609 0.000000 0.705078
0 0.114062 0.378906 0.145313 0.396484 0.114062 0.494141 0.081250 0.480469
0 0.170313 0.365234 0.200000 0.375000 0.168750 0.484375 0.139063 0.470703
