0 0.348438 0.171875 0.478125 0.160156 0.476562 0.220703 0.350000 0.226562
0 0.223438 0.605469 0.359375 0.591797 0.360938 0.654297 0.223438 0.664062
0 0.368750 0.585938 0.500000 0.570312 0.506250 0.632812 0.371875 0.646484
0 0.223438 0.681641 0.356250 0.669922 0.357812 0.728516 0.225000 0.744141
0 0.375000 0.664062 0.500000 0.656250 0.500000 0.718750 0.375000 0.726562
0 0.234375 0.765625 0.367188 0.750000 0.365625 0.816406 0.237500 0.830078
0 0.371875 0.750000 0.506250 0.726562 0.512500 0.792969 0.376563 0.812500
0 0.243750 0.847656 0.375000 0.839844 0.376563 0.902344 0.246875 0.919922
0 0.389062 0.833984 0.512500 0.824219 0.510938 0.888672 0.393750 0.890625
0 0.232813 0.943359 0.375000 0.921875 0.375000 0.986328 0.234375 1.000000
0 0.381250 0.921875 0.500000 0.912109 0.509375 0.980469 0.381250 0.986328
0 0.760938 0.945312 0.896875 0.923828 0.906250 0.994141 0.771875 1.000000
0 0.750000 0.835938 0.885938 0.826172 0.890625 0.890625 0.753125 0.898438
0 0.737500 0.734375 0.873437 0.724609 0.881250 0.789062 0.743750 0.798828
0 0.726562 0.632812 0.856250 0.621094 0.862500 0.685547 0.731250 0.693359
0 0.720313 0.527344 0.857812 0.515625 0.862500 0.580078 0.723437 0.591797
0 0.710938 0.435547 0.835938 0.429688 0.835938 0.492188 0.714063 0.500000
0 0.210938 0.193359 0.337500 0.181641 0.337500 0.244141 0.210938 0.255859
0 0.240625 0.517578 0.350000 0.511719 0.351562 0.570312 0.237500 0.576172
0 0.370312 0.498047 0.490625 0.492188 0.493750 0.554688 0.375000 0.562500
0 0.367188 0.421875 0.485938 0.414062 0.487500 0.472656 0.367188 0.476562
0 0.221875 0.433594 0.350000 0.423828 0.350000 0.486328 0.221875 0.501953
0 0.362500 0.339844 0.487500 0.328125 0.490625 0.394531 0.362500 0.400391
0 0.226562 0.359375 0.350000 0.343750 0.356250 0.404297 0.228125 0.414062
0 0.359375 0.267578 0.481250 0.257812 0.481250 0.314453 0.360938 0.322266
0 0.220312 0.275391 0.350000 0.265625 0.348438 0.326172 0.228125 0.341797
