0 0.651563 0.673828 0.729688 0.673828 0.731250 0.714844 0.653125 0.712891
0 0.571875 0.953125 0.604688 0.949219 0.607812 1.000000 0.571875 1.000000
0 0.592187 0.000000 0.621875 0.000000 0.625000 0.054688 0.590625 0.054688
0 0.585938 0.082031 0.618750 0.078125 0.612500 0.138672 0.579688 0.138672
0 0.562500 0.166016 0.601562 0.134766 0.620313 0.156250 0.585938 0.191406
0 0.471875 0.873047 0.517188 0.871094 0.514062 0.972656 0.468750 0.972656
0 0.239063 0.710938 0.314063 0.736328 0.293750 0.775391 0.223438 0.750000
0 0.337500 0.558594 0.367188 0.558594 0.368750 0.648438 0.331250 0.654297
0 0.298438 0.900391 0.329688 0.898438 0.326562 0.990234 0.292187 0.994141
4 0.253125 0.751953 0.326562 0.792969 0.307812 0.828125 0.237500 0.796875
1 0.270313 0.187500 0.335938 0.199219 0.332813 0.234375 0.265625 0.234375
0 0.301563 0.568359 0.332813 0.574219 0.323437 0.650391 0.289062 0.650391
0 0.432812 0.441406 0.465625 0.443359 0.456250 0.519531 0.420312 0.511719
0 0.239063 0.431641 0.318750 0.429688 0.321875 0.470703 0.239063 0.474609
0 0.285938 0.378906 0.353125 0.412109 0.342187 0.449219 0.270313 0.423828
0 0.379688 0.447266 0.410938 0.451172 0.403125 0.521484 0.370312 0.515625
0 0.371875 0.332031 0.403125 0.330078 0.390625 0.412109 0.357812 0.417969
0 0.284375 0.292969 0.351562 0.291016 0.351562 0.335938 0.285938 0.332031
0 0.320312 0.224609 0.393750 0.238281 0.389062 0.277344 0.317188 0.265625
0 0.359375 0.207031 0.409375 0.164062 0.429688 0.185547 0.378125 0.238281
0 0.345313 0.152344 0.412500 0.125000 0.423438 0.156250 0.354687 0.179688
0 0.345313 0.115234 0.396875 0.087891 0.418750 0.121094 0.356250 0.140625
0 0.404687 0.009766 0.429688 0.015625 0.420312 0.074219 0.392188 0.068359
0 0.581250 0.689453 0.614062 0.691406 0.612500 0.783203 0.579688 0.787109
0 0.643750 0.945312 0.731250 0.949219 0.731250 0.998047 0.642188 0.998047
0 0.664062 0.898438 0.751563 0.906250 0.753125 0.941406 0.660937 0.941406
0 0.665625 0.861328 0.743750 0.859375 0.748437 0.898438 0.665625 0.890625
0 0.660937 0.808594 0.737500 0.808594 0.743750 0.861328 0.662500 0.857422
0 0.651563 0.765625 0.737500 0.763672 0.737500 0.804688 0.651563 0.806641
0 0.646875 0.718750 0.731250 0.718750 0.732812 0.759766 0.648438 0.759766
0 0.642188 0.162109 0.710938 0.166016 0.709375 0.199219 0.642188 0.195312
0 0.646875 0.195312 0.706250 0.203125 0.707812 0.232422 0.646875 0.228516
0 0.646875 0.230469 0.714063 0.236328 0.715625 0.269531 0.645312 0.269531
0 0.646875 0.273438 0.709375 0.273438 0.709375 0.300781 0.646875 0.304688
0 0.625000 0.306641 0.700000 0.304688 0.703125 0.333984 0.629687 0.341797
0 0.625000 0.343750 0.698438 0.335938 0.703125 0.378906 0.629687 0.384766
0 0.184375 0.869141 0.254688 0.863281 0.254688 0.910156 0.185938 0.916016
0 0.629687 0.396484 0.700000 0.398438 0.701562 0.435547 0.629687 0.435547
0 0.625000 0.445312 0.696875 0.435547 0.703125 0.470703 0.631250 0.478516
0 0.631250 0.480469 0.696875 0.478516 0.703125 0.511719 0.639062 0.515625
0 0.635938 0.519531 0.703125 0.515625 0.706250 0.550781 0.640625 0.558594
0 0.650000 0.554688 0.718750 0.548828 0.723437 0.582031 0.654687 0.589844
0 0.657813 0.587891 0.737500 0.593750 0.739062 0.630859 0.654687 0.626953
0 0.657813 0.630859 0.737500 0.630859 0.734375 0.671875 0.657813 0.669922
