0 0.271875 0.910156 0.404687 0.917969 0.400000 0.986328 0.264062 0.982422
0 0.082812 0.873047 0.129688 0.880859 0.123438 1.000000 0.070312 1.000000
0 0.675000 0.953125 0.718750 0.941406 0.726562 1.000000 0.681250 1.000000
0 0.659375 0.691406 0.707812 0.683594 0.712500 0.833984 0.668750 0.835938
0 0.656250 0.447266 0.704688 0.445312 0.703125 0.603516 0.651563 0.605469
0 0.664062 0.261719 0.706250 0.255859 0.701562 0.417969 0.656250 0.416016
0 0.651563 0.035156 0.703125 0.031250 0.700000 0.201172 0.650000 0.199219
0 0.287500 0.519531 0.400000 0.519531 0.400000 0.572266 0.285938 0.572266
0 0.110937 0.560547 0.156250 0.574219 0.131250 0.722656 0.087500 0.712891
0 0.115625 0.183594 0.162500 0.210938 0.106250 0.339844 0.062500 0.324219
0 0.073438 0.000000 0.129688 0.000000 0.125000 0.078125 0.068750 0.076172
0 0.273438 0.003906 0.387500 0.000000 0.393750 0.041016 0.279687 0.062500
0 0.281250 0.080078 0.406250 0.085938 0.398438 0.144531 0.278125 0.144531
0 0.273438 0.167969 0.398438 0.162109 0.400000 0.230469 0.275000 0.230469
0 0.267188 0.242188 0.410938 0.246094 0.404687 0.306641 0.264062 0.302734
0 0.275000 0.339844 0.392188 0.339844 0.393750 0.394531 0.275000 0.402344
0 0.268750 0.435547 0.395313 0.425781 0.398438 0.492188 0.267188 0.490234
0 0.284375 0.582031 0.395313 0.582031 0.393750 0.634766 0.276562 0.642578
0 0.273438 0.644531 0.396875 0.642578 0.395313 0.708984 0.268750 0.714844
0 0.279687 0.728516 0.398438 0.734375 0.398438 0.789062 0.276562 0.792969
0 0.265625 0.824219 0.403125 0.824219 0.393750 0.886719 0.259375 0.886719
