0 0.392188 0.472656 0.493750 0.433594 0.506250 0.480469 0.404687 0.525391
0 0.496875 0.433594 0.592187 0.392578 0.607812 0.441406 0.512500 0.486328
0 0.589063 0.386719 0.698438 0.339844 0.721875 0.396484 0.617188 0.439453
0 0.814063 0.402344 0.854688 0.378906 0.892188 0.488281 0.851562 0.503906
0 0.082812 0.654297 0.120313 0.669922 0.065625 0.798828 0.023438 0.765625
0 0.170313 0.542969 0.204687 0.580078 0.123438 0.679688 0.092188 0.640625
0 0.060937 0.572266 0.103125 0.591797 0.045312 0.716797 0.007812 0.693359
0 0.110937 0.402344 0.206250 0.355469 0.228125 0.417969 0.123438 0.453125
0 0.217188 0.367188 0.314063 0.324219 0.332813 0.376953 0.231250 0.417969
0 0.320312 0.318359 0.426563 0.277344 0.442188 0.330078 0.339062 0.369141
0 0.435937 0.281250 0.529687 0.226562 0.548438 0.285156 0.454688 0.328125
0 0.537500 0.234375 0.621875 0.210938 0.634375 0.261719 0.557813 0.285156
0 0.696875 0.171875 0.798438 0.113281 0.826562 0.175781 0.714063 0.220703
0 0.796875 0.126953 0.875000 0.093750 0.885938 0.144531 0.815625 0.167969
0 0.771875 0.412109 0.821875 0.410156 0.818750 0.523438 0.779687 0.521484
0 0.796875 0.537109 0.835938 0.507812 0.878125 0.636719 0.837500 0.656250
0 0.857812 0.521484 0.896875 0.498047 0.937500 0.615234 0.895312 0.628906
0 0.920312 0.496094 0.954688 0.464844 1.000000 0.611328 0.968750 0.628906
0 0.940625 0.378906 0.978125 0.355469 1.000000 0.476562 0.992188 0.501953
0 0.871875 0.369141 0.910937 0.347656 0.960938 0.466797 0.917188 0.488281
0 0.098437 0.730469 0.139063 0.746094 0.090625 0.871094 0.043750 0.843750
0 0.109375 0.708984 0.184375 0.617188 0.212500 0.650391 0.143750 0.750000
0 0.181250 0.607422 0.268750 0.519531 0.295312 0.568359 0.210938 0.646484
