0 0.800000 0.439453 0.837500 0.476562 0.776563 0.566406 0.740625 0.527344
0 0.856250 0.470703 0.889062 0.501953 0.818750 0.599609 0.792188 0.566406
0 0.910937 0.490234 0.950000 0.523438 0.892188 0.615234 0.854688 0.576172
0 0.973437 0.513672 1.000000 0.550781 0.939063 0.650391 0.907813 0.617188
0 0.401562 0.000000 0.446875 0.000000 0.412500 0.099609 0.365625 0.082031
0 0.454688 0.000000 0.496875 0.001953 0.460938 0.121094 0.421875 0.103516
0 0.498437 0.019531 0.532813 0.031250 0.506250 0.140625 0.468750 0.125000
0 0.690625 0.015625 0.728125 0.031250 0.695312 0.136719 0.657813 0.121094
0 0.759375 0.003906 0.798438 0.025391 0.759375 0.138672 0.718750 0.115234
0 0.721875 0.125000 0.759375 0.144531 0.720313 0.250000 0.684375 0.228516
0 0.784375 0.123047 0.821875 0.144531 0.779687 0.255859 0.748437 0.234375
0 0.817187 0.031250 0.853125 0.042969 0.826562 0.138672 0.792188 0.121094
0 0.856250 0.128906 0.892188 0.142578 0.867188 0.242188 0.829688 0.228516
0 0.920312 0.146484 0.962500 0.166016 0.923438 0.287109 0.881250 0.263672
0 0.403125 0.367188 0.471875 0.292969 0.500000 0.330078 0.431250 0.408203
0 0.510938 0.335938 0.542188 0.371094 0.490625 0.435547 0.459375 0.400391
0 0.559375 0.359375 0.593750 0.390625 0.534375 0.468750 0.504687 0.435547
0 0.612500 0.365234 0.650000 0.402344 0.589063 0.490234 0.559375 0.455078
