0 0.314063 0.283203 0.403125 0.291016 0.398438 0.332031 0.306250 0.324219
0 0.317188 0.246094 0.400000 0.253906 0.400000 0.287109 0.314063 0.281250
0 0.920312 0.169922 0.976562 0.171875 0.982812 0.207031 0.920312 0.207031
0 0.323437 0.214844 0.396875 0.222656 0.396875 0.250000 0.325000 0.250000
0 0.332813 0.183594 0.398438 0.187500 0.395313 0.218750 0.331250 0.216797
0 0.334375 0.142578 0.403125 0.148438 0.401562 0.183594 0.326562 0.177734
0 0.326562 0.099609 0.407813 0.103516 0.407813 0.142578 0.325000 0.140625
0 0.415625 0.039062 0.490625 0.041016 0.485938 0.085938 0.410938 0.080078
0 0.535937 0.046875 0.590625 0.000000 0.615625 0.023438 0.564063 0.072266
0 0.912500 0.210938 0.985938 0.210938 0.985938 0.244141 0.917188 0.248047
0 0.903125 0.113281 0.978125 0.115234 0.978125 0.156250 0.903125 0.158203
0 0.267188 0.802734 0.371875 0.798828 0.375000 0.845703 0.273438 0.855469
0 0.242188 0.939453 0.353125 0.937500 0.350000 0.994141 0.237500 0.990234
0 0.517188 0.884766 0.609375 0.884766 0.612500 0.941406 0.515625 0.937500
0 0.531250 0.773438 0.629687 0.775391 0.628125 0.820312 0.532813 0.818359
0 0.506250 0.630859 0.598437 0.632812 0.596875 0.681641 0.500000 0.673828
0 0.520312 0.560547 0.609375 0.554688 0.609375 0.599609 0.520312 0.599609
0 0.514062 0.410156 0.610938 0.406250 0.593750 0.453125 0.512500 0.451172
0 0.534375 0.359375 0.612500 0.367188 0.609375 0.406250 0.528125 0.400391
0 0.526563 0.316406 0.610938 0.318359 0.612500 0.359375 0.525000 0.355469
0 0.514062 0.187500 0.584375 0.197266 0.581250 0.224609 0.510938 0.222656
0 0.528125 0.158203 0.603125 0.160156 0.600000 0.195312 0.526563 0.193359
0 0.537500 0.126953 0.606250 0.125000 0.607812 0.152344 0.535937 0.158203
0 0.526563 0.087891 0.606250 0.083984 0.606250 0.121094 0.532813 0.123047
4 0.531250 0.814453 0.612500 0.814453 0.612500 0.867188 0.531250 0.867188
2 0.273438 0.902344 0.376563 0.894531 0.376563 0.945312 0.275000 0.943359
0 0.315625 0.332031 0.379688 0.333984 0.379688 0.369141 0.315625 0.363281
0 0.310937 0.369141 0.398438 0.380859 0.395313 0.419922 0.306250 0.412109
0 0.307812 0.408203 0.396875 0.412109 0.395313 0.455078 0.306250 0.449219
0 0.304688 0.457031 0.393750 0.462891 0.385937 0.500000 0.300000 0.492188
0 0.298438 0.496094 0.379688 0.505859 0.378125 0.537109 0.293750 0.535156
0 0.292187 0.537109 0.381250 0.537109 0.379688 0.585938 0.287500 0.582031
0 0.307812 0.603516 0.371875 0.607422 0.371875 0.644531 0.306250 0.634766
0 0.282813 0.646484 0.379688 0.654297 0.378125 0.695312 0.281250 0.693359
0 0.278125 0.695312 0.382812 0.701172 0.378125 0.755859 0.275000 0.746094
0 0.273438 0.751953 0.356250 0.755859 0.354687 0.796875 0.268750 0.800781
0 0.253125 0.847656 0.346875 0.857422 0.346875 0.896484 0.253125 0.896484
