0 0.417187 0.082031 0.478125 0.082031 0.479687 0.121094 0.415625 0.121094
2 0.004687 0.089844 0.042188 0.095703 0.032813 0.164062 0.000000 0.160156
4 0.409375 0.312500 0.473438 0.312500 0.473438 0.351562 0.406250 0.351562
0 0.725000 0.832031 0.773438 0.830078 0.779687 0.925781 0.731250 0.927734
0 0.112500 0.464844 0.146875 0.468750 0.137500 0.548828 0.096875 0.546875
0 0.081250 0.078125 0.106250 0.080078 0.095312 0.128906 0.071875 0.128906
0 0.179688 0.128906 0.204687 0.130859 0.195312 0.191406 0.167187 0.187500
0 0.415625 0.140625 0.479687 0.142578 0.479687 0.175781 0.415625 0.179688
0 0.417187 0.173828 0.464062 0.169922 0.464062 0.199219 0.417187 0.203125
0 0.415625 0.197266 0.468750 0.195312 0.473438 0.228516 0.415625 0.230469
0 0.414062 0.246094 0.471875 0.244141 0.473438 0.283203 0.410938 0.283203
0 0.410938 0.283203 0.470313 0.281250 0.475000 0.314453 0.410938 0.314453
0 0.407813 0.355469 0.470313 0.353516 0.473438 0.386719 0.404687 0.388672
0 0.404687 0.386719 0.476562 0.390625 0.476562 0.419922 0.404687 0.419922
