0 0.615625 0.205078 0.676562 0.171875 0.696875 0.195312 0.635938 0.230469
0 0.640625 0.222656 0.710938 0.189453 0.723437 0.230469 0.656250 0.269531
1 0.726562 0.056641 0.807813 0.000000 0.842187 0.046875 0.760938 0.097656
1 0.837500 0.128906 0.910937 0.080078 0.937500 0.126953 0.871875 0.177734
1 0.845313 0.033203 0.942187 0.000000 0.987500 0.003906 0.885938 0.076172
0 0.326562 0.166016 0.357812 0.150391 0.376563 0.199219 0.353125 0.218750
0 0.767188 0.103516 0.831250 0.068359 0.846875 0.103516 0.787500 0.134766
0 0.831250 0.113281 0.879687 0.076172 0.901563 0.093750 0.853125 0.134766
0 0.912500 0.062500 0.968750 0.027344 0.989062 0.048828 0.940625 0.087891
0 0.829688 0.208984 0.876563 0.181641 0.895312 0.207031 0.851562 0.244141
0 0.742188 0.212891 0.820312 0.164062 0.845313 0.191406 0.775000 0.244141
0 0.753125 0.283203 0.810937 0.242188 0.837500 0.273438 0.781250 0.310547
0 0.660937 0.332031 0.725000 0.291016 0.745313 0.320312 0.690625 0.363281
0 0.657813 0.283203 0.710938 0.240234 0.735938 0.265625 0.682813 0.310547
0 0.728125 0.187500 0.779687 0.146484 0.800000 0.169922 0.746875 0.207031
0 0.695312 0.152344 0.746875 0.115234 0.767188 0.140625 0.715625 0.177734
0 0.645312 0.130859 0.706250 0.095703 0.725000 0.123047 0.668750 0.166016
0 0.576562 0.177734 0.621875 0.138672 0.646875 0.171875 0.606250 0.212891
