1 0.000000 0.373047 0.065625 0.410156 0.053125 0.445312 0.000000 0.410156
0 0.245312 0.138672 0.309375 0.136719 0.309375 0.169922 0.240625 0.175781
0 0.510938 0.000000 0.537500 0.000000 0.543750 0.060547 0.506250 0.064453
0 0.506250 0.380859 0.537500 0.384766 0.528125 0.464844 0.496875 0.458984
0 0.112500 0.457031 0.139063 0.457031 0.126562 0.501953 0.106250 0.500000
0 0.829688 0.230469 0.865625 0.226562 0.875000 0.292969 0.843750 0.300781
0 0.242188 0.261719 0.300000 0.222656 0.321875 0.246094 0.262500 0.285156
0 0.081250 0.527344 0.126562 0.535156 0.123438 0.560547 0.073438 0.548828
1 0.081250 0.562500 0.126562 0.566406 0.112500 0.697266 0.064062 0.687500
0 0.092188 0.498047 0.131250 0.501953 0.126562 0.527344 0.084375 0.525391
1 0.000000 0.431641 0.093750 0.470703 0.076563 0.509766 0.000000 0.470703
1 0.000000 0.480469 0.065625 0.515625 0.048438 0.560547 0.000000 0.513672
1 0.000000 0.529297 0.045312 0.566406 0.028125 0.605469 0.000000 0.580078
