0 0.753125 0.003906 0.790625 0.000000 0.885938 0.048828 0.850000 0.103516
0 0.903125 0.070312 1.000000 0.171875 0.979688 0.226562 0.864062 0.125000
0 0.431250 0.000000 0.468750 0.000000 0.537500 0.019531 0.504687 0.066406
4 0.559375 0.048828 0.634375 0.125000 0.603125 0.167969 0.529687 0.091797
0 0.651563 0.142578 0.751563 0.228516 0.721875 0.283203 0.621875 0.185547
4 0.750000 0.320312 0.782813 0.281250 0.859375 0.359375 0.834375 0.398438
0 0.885938 0.398438 0.992188 0.484375 0.959375 0.537109 0.859375 0.437500
2 0.000000 0.308594 0.190625 0.548828 0.145313 0.613281 0.000000 0.375000
2 0.189062 0.449219 0.232813 0.396484 0.348438 0.548828 0.312500 0.595703
2 0.328125 0.652344 0.532813 0.859375 0.484375 0.927734 0.278125 0.720703
2 0.334375 0.613281 0.384375 0.560547 0.570312 0.767578 0.529687 0.830078
