0 0.170313 0.546875 0.203125 0.542969 0.217188 0.640625 0.176563 0.650391
0 0.023438 0.359375 0.103125 0.349609 0.110937 0.398438 0.023438 0.408203
4 0.160938 0.398438 0.240625 0.394531 0.242188 0.445312 0.165625 0.447266
0 0.290625 0.369141 0.370312 0.365234 0.379688 0.404297 0.292187 0.414062
0 0.171875 0.453125 0.206250 0.439453 0.228125 0.527344 0.190625 0.544922
0 0.246875 0.441406 0.279687 0.437500 0.300000 0.517578 0.262500 0.525391
4 0.295312 0.505859 0.325000 0.498047 0.345313 0.580078 0.317188 0.591797
0 0.329688 0.429688 0.357812 0.421875 0.379688 0.501953 0.346875 0.513672
0 0.367188 0.417969 0.395313 0.410156 0.417187 0.482422 0.385937 0.494141
0 0.853125 0.630859 0.889062 0.626953 0.909375 0.724609 0.875000 0.728516
0 0.804688 0.630859 0.840625 0.626953 0.860938 0.724609 0.826562 0.728516
0 0.606250 0.675781 0.645312 0.671875 0.662500 0.769531 0.621875 0.779297
0 0.681250 0.636719 0.714063 0.652344 0.703125 0.750000 0.659375 0.744141
0 0.226562 0.734375 0.339062 0.712891 0.345313 0.765625 0.235937 0.791016
0 0.257812 0.671875 0.367188 0.656250 0.373437 0.693359 0.262500 0.714844
0 0.265625 0.617188 0.362500 0.601562 0.368750 0.644531 0.270313 0.660156
0 0.353125 0.515625 0.382812 0.513672 0.378125 0.597656 0.345313 0.587891
0 0.392188 0.496094 0.428125 0.488281 0.431250 0.576172 0.390625 0.576172
4 0.445312 0.492188 0.482812 0.486328 0.501563 0.556641 0.464062 0.564453
0 0.485938 0.472656 0.523438 0.466797 0.543750 0.560547 0.507812 0.566406
0 0.539062 0.472656 0.568750 0.458984 0.609375 0.535156 0.579688 0.552734
4 0.709375 0.439453 0.745313 0.419922 0.781250 0.500000 0.745313 0.521484
0 0.665625 0.447266 0.700000 0.439453 0.718750 0.529297 0.679688 0.533203
0 0.823438 0.414062 0.857812 0.404297 0.892188 0.490234 0.848437 0.494141
0 0.765625 0.417969 0.795312 0.408203 0.829688 0.494141 0.798438 0.505859
0 0.726562 0.337891 0.756250 0.328125 0.784375 0.400391 0.750000 0.404297
0 0.665625 0.347656 0.695312 0.337891 0.723437 0.410156 0.689063 0.414062
0 0.612500 0.373047 0.650000 0.359375 0.675000 0.439453 0.640625 0.455078
0 0.553125 0.369141 0.585938 0.365234 0.595313 0.451172 0.557813 0.453125
0 0.467187 0.380859 0.500000 0.371094 0.515625 0.451172 0.484375 0.457031
0 0.420312 0.400391 0.448437 0.392578 0.470313 0.464844 0.439063 0.476562
0 0.415625 0.894531 0.529687 0.865234 0.539062 0.925781 0.423438 0.958984
0 0.406250 0.832031 0.501563 0.812500 0.517188 0.857422 0.410938 0.878906
0 0.553125 0.798828 0.631250 0.779297 0.643750 0.830078 0.560937 0.847656
0 0.193750 0.847656 0.232813 0.841797 0.242188 0.951172 0.200000 0.953125
4 0.879687 0.220703 0.909375 0.208984 0.939063 0.271484 0.896875 0.285156
0 0.398438 0.341797 0.481250 0.326172 0.485938 0.373047 0.400000 0.378906
0 0.417187 0.302734 0.500000 0.287109 0.504687 0.333984 0.418750 0.339844
0 0.514062 0.285156 0.590625 0.275391 0.596875 0.326172 0.517188 0.332031
0 0.776563 0.265625 0.860938 0.238281 0.875000 0.277344 0.787500 0.304688
1 0.892188 0.613281 0.943750 0.591797 0.996875 0.722656 0.940625 0.742188
4 0.946875 0.593750 0.978125 0.580078 1.000000 0.652344 0.981250 0.673828
4 0.431250 0.640625 0.520312 0.603516 0.539062 0.660156 0.443750 0.695312
4 0.479687 0.687500 0.518750 0.671875 0.550000 0.789062 0.504687 0.800781
0 0.340625 0.710938 0.378125 0.695312 0.409375 0.800781 0.365625 0.810547
0 0.407813 0.716797 0.445312 0.701172 0.475000 0.812500 0.434375 0.828125
