0 0.607812 0.148438 0.634375 0.148438 0.640625 0.201172 0.609375 0.212891
0 0.040625 0.021484 0.090625 0.021484 0.093750 0.050781 0.043750 0.050781
0 0.181250 0.148438 0.231250 0.148438 0.234375 0.177734 0.184375 0.177734
0 0.193750 0.195312 0.243750 0.195312 0.246875 0.224609 0.196875 0.224609
0 0.198437 0.253906 0.248438 0.253906 0.251563 0.283203 0.201563 0.283203
0 0.193750 0.285156 0.243750 0.285156 0.246875 0.314453 0.196875 0.314453
0 0.192188 0.314453 0.242188 0.314453 0.245312 0.343750 0.195312 0.343750
0 0.178125 0.339844 0.228125 0.339844 0.231250 0.369141 0.181250 0.369141
0 0.175000 0.373047 0.225000 0.373047 0.228125 0.402344 0.178125 0.402344
0 0.129688 0.769531 0.189062 0.761719 0.193750 0.791016 0.131250 0.804688
0 0.137500 0.726562 0.196875 0.718750 0.201563 0.748047 0.139063 0.761719
0 0.139063 0.697266 0.198437 0.689453 0.203125 0.718750 0.140625 0.732422
0 0.142187 0.609375 0.201563 0.601562 0.206250 0.630859 0.143750 0.644531
0 0.140625 0.572266 0.200000 0.564453 0.204687 0.593750 0.142187 0.607422
0 0.145313 0.535156 0.204687 0.527344 0.209375 0.556641 0.146875 0.570312
0 0.137500 0.662109 0.196875 0.654297 0.201563 0.683594 0.139063 0.697266
0 0.615625 0.550781 0.675000 0.542969 0.679688 0.572266 0.617188 0.585938
0 0.625000 0.667969 0.684375 0.660156 0.689063 0.689453 0.626563 0.703125
0 0.617188 0.593750 0.676562 0.585938 0.681250 0.615234 0.618750 0.628906
0 0.617188 0.515625 0.676562 0.507812 0.681250 0.537109 0.618750 0.550781
0 0.626563 0.634766 0.685937 0.626953 0.690625 0.656250 0.628125 0.669922
0 0.528125 0.126953 0.554688 0.126953 0.560937 0.179688 0.529687 0.191406
0 0.601562 0.085938 0.628125 0.085938 0.634375 0.138672 0.603125 0.150391
0 0.600000 0.236328 0.626563 0.236328 0.632812 0.289062 0.601562 0.300781
0 0.601562 0.308594 0.628125 0.308594 0.634375 0.361328 0.603125 0.373047
0 0.012500 0.384766 0.065625 0.355469 0.076563 0.386719 0.021875 0.421875
0 0.020313 0.166016 0.073438 0.162109 0.073438 0.199219 0.023438 0.195312
0 0.025000 0.201172 0.075000 0.201172 0.078125 0.234375 0.028125 0.230469
0 0.021875 0.130859 0.071875 0.130859 0.075000 0.164062 0.025000 0.160156
0 0.025000 0.087891 0.075000 0.087891 0.078125 0.117188 0.028125 0.117188
0 0.031250 0.056641 0.081250 0.056641 0.084375 0.085938 0.034375 0.085938
0 0.184375 0.039062 0.234375 0.039062 0.237500 0.068359 0.187500 0.068359
0 0.631250 0.708984 0.690625 0.701172 0.695312 0.730469 0.632812 0.744141
0 0.651563 0.964844 0.701562 0.964844 0.706250 0.986328 0.654687 0.992188
0 0.646875 0.925781 0.696875 0.925781 0.701562 0.947266 0.650000 0.953125
0 0.639062 0.882812 0.693750 0.878906 0.696875 0.908203 0.640625 0.912109
0 0.137500 0.812500 0.167187 0.812500 0.167187 0.902344 0.135937 0.900391
0 0.185938 0.816406 0.215625 0.816406 0.215625 0.906250 0.184375 0.904297
0 0.221875 0.824219 0.251563 0.824219 0.251563 0.914062 0.220312 0.912109
0 0.264062 0.826172 0.293750 0.826172 0.293750 0.916016 0.262500 0.914062
0 0.314063 0.814453 0.343750 0.814453 0.343750 0.904297 0.312500 0.902344
0 0.360938 0.814453 0.390625 0.814453 0.390625 0.904297 0.359375 0.902344
0 0.489063 0.812500 0.518750 0.812500 0.518750 0.902344 0.487500 0.900391
0 0.540625 0.794922 0.570312 0.794922 0.570312 0.884766 0.539062 0.882812
