0 0.678125 0.250000 0.706250 0.251953 0.709375 0.302734 0.681250 0.302734
0 0.714063 0.253906 0.737500 0.253906 0.742188 0.302734 0.718750 0.300781
0 0.751563 0.248047 0.778125 0.250000 0.784375 0.300781 0.757812 0.302734
0 0.790625 0.251953 0.818750 0.253906 0.821875 0.308594 0.796875 0.308594
0 0.434375 0.412109 0.501563 0.408203 0.501563 0.441406 0.435937 0.441406
0 0.410938 0.443359 0.479687 0.443359 0.481250 0.476562 0.410938 0.478516
0 0.415625 0.474609 0.482812 0.474609 0.484375 0.513672 0.414062 0.513672
0 0.684375 0.443359 0.750000 0.441406 0.750000 0.484375 0.682813 0.484375
0 0.464062 0.574219 0.535937 0.576172 0.535937 0.625000 0.462500 0.619141
0 0.454688 0.625000 0.531250 0.617188 0.532813 0.658203 0.454688 0.662109
0 0.451562 0.660156 0.528125 0.656250 0.529687 0.699219 0.451562 0.703125
0 0.454688 0.708984 0.526563 0.707031 0.528125 0.746094 0.453125 0.746094
0 0.604688 0.171875 0.670312 0.167969 0.670312 0.205078 0.603125 0.207031
0 0.548438 0.697266 0.581250 0.697266 0.582812 0.767578 0.553125 0.767578
0 0.442188 0.794922 0.515625 0.791016 0.518750 0.837891 0.443750 0.839844
0 0.745313 0.949219 0.821875 0.953125 0.821875 0.986328 0.743750 0.982422
0 0.739062 0.884766 0.818750 0.890625 0.818750 0.931641 0.735938 0.929688
0 0.685937 0.773438 0.764062 0.775391 0.765625 0.818359 0.685937 0.814453
0 0.681250 0.703125 0.751563 0.695312 0.757812 0.734375 0.687500 0.744141
0 0.687500 0.654297 0.756250 0.660156 0.754687 0.697266 0.685937 0.691406
0 0.682813 0.552734 0.762500 0.556641 0.760938 0.591797 0.681250 0.591797
0 0.698438 0.597656 0.767188 0.605469 0.764062 0.644531 0.693750 0.636719
0 0.685937 0.480469 0.754687 0.482422 0.756250 0.523438 0.685937 0.519531
0 0.946875 0.382812 0.970313 0.378906 0.979688 0.443359 0.953125 0.445312
0 0.451562 0.753906 0.526563 0.750000 0.526563 0.789062 0.450000 0.787109
4 0.900000 0.001953 0.921875 0.000000 0.929688 0.050781 0.907813 0.052734
0 0.609375 0.197266 0.670312 0.201172 0.670312 0.236328 0.609375 0.228516
0 0.479687 0.246094 0.507812 0.246094 0.509375 0.308594 0.481250 0.308594
0 0.520312 0.250000 0.546875 0.250000 0.550000 0.306641 0.521875 0.308594
0 0.570312 0.246094 0.596875 0.246094 0.596875 0.304688 0.568750 0.302734
0 0.607812 0.246094 0.634375 0.248047 0.639062 0.300781 0.612500 0.302734
0 0.648438 0.250000 0.673438 0.250000 0.673438 0.304688 0.648438 0.304688
