0 0.773438 0.775391 0.798438 0.773438 0.804688 0.843750 0.781250 0.847656
0 0.792188 0.910156 0.821875 0.906250 0.831250 1.000000 0.798438 1.000000
1 0.273438 0.111328 0.353125 0.111328 0.353125 0.162109 0.273438 0.162109
1 0.364063 0.173828 0.393750 0.173828 0.393750 0.269531 0.364063 0.269531
0 0.685937 0.259766 0.710938 0.253906 0.721875 0.306641 0.696875 0.314453
0 0.734375 0.306641 0.781250 0.306641 0.781250 0.330078 0.734375 0.330078
0 0.621875 0.234375 0.645312 0.228516 0.653125 0.291016 0.629687 0.298828
0 0.246875 0.080078 0.301563 0.080078 0.301563 0.115234 0.246875 0.115234
0 0.020313 0.095703 0.078125 0.095703 0.078125 0.121094 0.020313 0.121094
0 0.142187 0.017578 0.196875 0.017578 0.196875 0.046875 0.142187 0.046875
0 0.671875 0.029297 0.720313 0.054688 0.710938 0.082031 0.659375 0.058594
0 0.617188 0.128906 0.634375 0.121094 0.645312 0.162109 0.626563 0.167969
0 0.579688 0.068359 0.626563 0.082031 0.621875 0.107422 0.573438 0.093750
0 0.681250 0.085938 0.701562 0.082031 0.709375 0.130859 0.687500 0.134766
0 0.635938 0.396484 0.696875 0.396484 0.696875 0.425781 0.635938 0.425781
0 0.704688 0.419922 0.732812 0.419922 0.732812 0.478516 0.704688 0.478516
0 0.626563 0.425781 0.689063 0.425781 0.689063 0.455078 0.626563 0.455078
0 0.626563 0.457031 0.692187 0.457031 0.692187 0.494141 0.626563 0.494141
0 0.606250 0.503906 0.682813 0.503906 0.682813 0.535156 0.606250 0.535156
0 0.695312 0.492188 0.715625 0.492188 0.715625 0.537109 0.695312 0.537109
0 0.631250 0.544922 0.695312 0.544922 0.695312 0.574219 0.631250 0.574219
0 0.626563 0.572266 0.692187 0.572266 0.692187 0.601562 0.626563 0.601562
0 0.623437 0.613281 0.692187 0.613281 0.692187 0.646484 0.623437 0.646484
0 0.632812 0.718750 0.690625 0.718750 0.690625 0.751953 0.632812 0.751953
0 0.632812 0.662109 0.690625 0.662109 0.690625 0.695312 0.632812 0.695312
0 0.542188 0.470703 0.571875 0.470703 0.571875 0.531250 0.542188 0.531250
0 0.332813 0.861328 0.368750 0.861328 0.368750 0.953125 0.332813 0.953125
0 0.417187 0.744141 0.445312 0.744141 0.445312 0.818359 0.417187 0.818359
0 0.550000 0.718750 0.573438 0.718750 0.573438 0.783203 0.550000 0.783203
0 0.632812 0.779297 0.696875 0.779297 0.696875 0.810547 0.632812 0.810547
0 0.646875 0.814453 0.715625 0.814453 0.715625 0.851562 0.646875 0.851562
0 0.612500 0.851562 0.637500 0.859375 0.623437 0.929688 0.593750 0.919922
0 0.654687 0.857422 0.718750 0.857422 0.718750 0.890625 0.654687 0.890625
0 0.648438 0.902344 0.717187 0.902344 0.717187 0.945312 0.648438 0.945312
0 0.639062 0.949219 0.710938 0.949219 0.710938 0.980469 0.639062 0.980469
