0 0.223438 0.714844 0.275000 0.718750 0.267188 0.865234 0.210938 0.863281
0 0.628125 0.207031 0.723437 0.207031 0.721875 0.259766 0.625000 0.257812
0 0.618750 0.328125 0.723437 0.328125 0.723437 0.376953 0.615625 0.376953
0 0.610938 0.378906 0.725000 0.380859 0.723437 0.439453 0.607812 0.433594
0 0.607812 0.437500 0.721875 0.439453 0.720313 0.505859 0.607812 0.503906
0 0.612500 0.568359 0.728125 0.574219 0.729688 0.632812 0.607812 0.625000
0 0.600000 0.636719 0.728125 0.646484 0.725000 0.705078 0.596875 0.697266
0 0.595313 0.769531 0.717187 0.785156 0.712500 0.843750 0.590625 0.830078
0 0.240625 0.535156 0.292187 0.537109 0.278125 0.679688 0.225000 0.673828
0 0.600000 0.845703 0.717187 0.857422 0.709375 0.921875 0.592187 0.906250
0 0.885938 0.435547 0.979688 0.396484 0.996875 0.453125 0.906250 0.490234
0 0.295312 0.187500 0.335938 0.189453 0.321875 0.310547 0.278125 0.308594
0 0.637500 0.001953 0.729688 0.003906 0.725000 0.048828 0.631250 0.046875
0 0.635938 0.050781 0.728125 0.050781 0.723437 0.097656 0.631250 0.095703
0 0.920312 0.179688 0.960938 0.175781 0.970313 0.291016 0.928125 0.287109
0 0.823438 0.492188 0.867188 0.490234 0.865625 0.619141 0.818750 0.617188
0 0.582812 0.931641 0.704688 0.933594 0.707812 1.000000 0.582812 1.000000
