0 0.634375 0.927734 0.717187 0.869141 0.748437 0.919922 0.654687 0.970703
0 0.509375 0.728516 0.587500 0.683594 0.604688 0.728516 0.529687 0.769531
0 0.448437 0.548828 0.529687 0.501953 0.553125 0.539062 0.467187 0.585938
0 0.407813 0.505859 0.492188 0.466797 0.518750 0.503906 0.425000 0.550781
0 0.379688 0.474609 0.450000 0.427734 0.473438 0.460938 0.400000 0.509766
0 0.371875 0.017578 0.423438 0.000000 0.442188 0.025391 0.395313 0.050781
0 0.225000 0.208984 0.292187 0.175781 0.314063 0.212891 0.243750 0.248047
0 0.170313 0.171875 0.243750 0.136719 0.265625 0.171875 0.193750 0.216797
0 0.154688 0.126953 0.225000 0.091797 0.246875 0.123047 0.170313 0.164062
0 0.145313 0.080078 0.209375 0.052734 0.225000 0.085938 0.162500 0.113281
4 0.342187 0.427734 0.417187 0.386719 0.442188 0.431641 0.365625 0.470703
