0 0.117188 0.519531 0.165625 0.482422 0.184375 0.505859 0.139063 0.539062
0 0.173437 0.412109 0.221875 0.375000 0.240625 0.392578 0.195312 0.431641
0 0.214062 0.451172 0.262500 0.414062 0.281250 0.431641 0.235937 0.470703
0 0.231250 0.470703 0.279687 0.433594 0.298438 0.451172 0.253125 0.490234
0 0.253125 0.498047 0.301563 0.460938 0.320312 0.478516 0.275000 0.517578
0 0.276562 0.515625 0.325000 0.478516 0.343750 0.496094 0.298438 0.535156
0 0.300000 0.537109 0.348438 0.500000 0.367188 0.517578 0.321875 0.556641
0 0.320312 0.558594 0.368750 0.521484 0.387500 0.539062 0.342187 0.578125
0 0.343750 0.582031 0.392188 0.544922 0.410938 0.562500 0.365625 0.601562
0 0.368750 0.611328 0.417187 0.574219 0.435937 0.591797 0.390625 0.630859
0 0.392188 0.640625 0.440625 0.603516 0.459375 0.621094 0.414062 0.660156
0 0.425000 0.658203 0.473438 0.621094 0.492188 0.638672 0.446875 0.677734
0 0.348438 0.769531 0.396875 0.732422 0.415625 0.750000 0.370312 0.789062
0 0.314063 0.748047 0.362500 0.710938 0.381250 0.728516 0.335938 0.767578
0 0.284375 0.720703 0.332813 0.683594 0.351562 0.707031 0.306250 0.740234
0 0.232813 0.664062 0.281250 0.626953 0.300000 0.650391 0.254688 0.683594
0 0.259375 0.693359 0.307812 0.656250 0.326562 0.679688 0.281250 0.712891
0 0.203125 0.638672 0.251563 0.601562 0.270313 0.625000 0.225000 0.658203
0 0.175000 0.605469 0.223438 0.568359 0.242188 0.591797 0.196875 0.625000
0 0.156250 0.580078 0.204687 0.542969 0.223438 0.566406 0.178125 0.599609
3 0.706250 1.000000 0.817187 0.947266 0.845313 0.978516 0.737500 1.000000
3 0.656250 1.000000 0.767188 0.910156 0.795312 0.941406 0.687500 1.000000
3 0.600000 0.974609 0.710938 0.857422 0.739062 0.888672 0.631250 1.000000
3 0.550000 0.931641 0.660937 0.814453 0.689063 0.845703 0.581250 0.966797
3 0.489063 0.878906 0.600000 0.761719 0.628125 0.792969 0.520312 0.914062
3 0.428125 0.837891 0.520312 0.728516 0.546875 0.771484 0.459375 0.873047
0 0.515625 0.427734 0.531250 0.412109 0.568750 0.445312 0.554688 0.474609
0 0.540625 0.396484 0.556250 0.380859 0.593750 0.414062 0.579688 0.443359
0 0.573438 0.376953 0.589063 0.361328 0.626563 0.394531 0.612500 0.423828
0 0.600000 0.361328 0.615625 0.345703 0.653125 0.378906 0.639062 0.408203
0 0.612500 0.337891 0.628125 0.322266 0.665625 0.355469 0.651563 0.384766
0 0.660937 0.300781 0.676562 0.285156 0.714063 0.318359 0.700000 0.347656
0 0.690625 0.277344 0.706250 0.261719 0.743750 0.294922 0.729688 0.324219
0 0.715625 0.263672 0.731250 0.248047 0.768750 0.281250 0.754687 0.310547
0 0.729688 0.240234 0.745313 0.224609 0.782813 0.257812 0.768750 0.287109
0 0.757812 0.226562 0.773438 0.210938 0.810937 0.244141 0.796875 0.273438
0 0.629687 0.154297 0.645312 0.138672 0.682813 0.171875 0.668750 0.201172
0 0.610938 0.171875 0.626563 0.156250 0.664062 0.189453 0.650000 0.218750
0 0.584375 0.189453 0.600000 0.173828 0.637500 0.207031 0.623437 0.236328
0 0.565625 0.207031 0.581250 0.191406 0.618750 0.224609 0.601562 0.250000
0 0.545312 0.218750 0.560937 0.203125 0.598437 0.236328 0.581250 0.261719
0 0.526563 0.244141 0.542188 0.228516 0.579688 0.261719 0.562500 0.287109
0 0.500000 0.261719 0.515625 0.246094 0.553125 0.279297 0.535937 0.304688
0 0.434375 0.314453 0.450000 0.298828 0.487500 0.332031 0.470313 0.357422
0 0.285938 0.591797 0.301563 0.576172 0.339062 0.609375 0.321875 0.634766
0 0.125000 0.298828 0.140625 0.283203 0.178125 0.316406 0.160938 0.341797
0 0.084375 0.310547 0.100000 0.294922 0.137500 0.328125 0.120313 0.353516
0 0.045312 0.332031 0.060937 0.316406 0.098437 0.349609 0.081250 0.375000
0 0.017188 0.353516 0.032813 0.337891 0.070312 0.371094 0.053125 0.396484
0 0.096875 0.984375 0.145313 0.947266 0.164062 0.970703 0.118750 1.000000
0 0.026562 0.802734 0.045312 0.826172 0.000000 0.859375 0.000000 0.839844
0 0.020313 0.890625 0.068750 0.853516 0.087500 0.876953 0.042188 0.910156
0 0.006250 0.779297 0.025000 0.802734 0.000000 0.835938 0.000000 0.816406
0 0.026562 0.755859 0.075000 0.718750 0.093750 0.742188 0.048438 0.775391
0 0.001563 0.660156 0.020313 0.683594 0.000000 0.716797 0.000000 0.697266
0 0.068750 0.470703 0.117188 0.433594 0.135937 0.457031 0.090625 0.490234
0 0.095312 0.501953 0.143750 0.464844 0.162500 0.488281 0.117188 0.521484
0 0.129688 0.546875 0.178125 0.509766 0.196875 0.533203 0.151562 0.566406
0 0.856250 0.001953 0.898438 0.000000 0.906250 0.009766 0.860938 0.019531
0 0.871875 0.023438 0.914062 0.011719 0.921875 0.031250 0.876563 0.041016
0 0.910937 0.046875 0.953125 0.035156 0.960938 0.054688 0.915625 0.064453
0 0.932813 0.066406 0.975000 0.054688 0.982812 0.074219 0.937500 0.083984
0 0.959375 0.091797 1.000000 0.080078 1.000000 0.099609 0.964063 0.109375
0 0.231250 0.000000 0.254688 0.000000 0.267188 0.021484 0.243750 0.025391
0 0.198437 0.000000 0.221875 0.000000 0.229687 0.023438 0.210938 0.029297
0 0.179688 0.005859 0.201563 0.003906 0.210938 0.041016 0.192188 0.046875
3 0.701562 0.421875 0.790625 0.337891 0.812500 0.367188 0.729688 0.453125
3 1.000000 0.525391 1.000000 0.560547 1.000000 0.662109 0.971875 0.630859
3 1.000000 0.486328 1.000000 0.521484 0.953125 0.623047 0.925000 0.591797
3 0.801562 0.519531 0.903125 0.414062 0.926562 0.449219 0.829688 0.550781
3 0.739062 0.447266 0.857812 0.339844 0.881250 0.375000 0.764062 0.476562
3 0.189062 1.000000 0.307812 0.949219 0.331250 0.984375 0.214062 1.000000
3 0.151562 1.000000 0.270313 0.910156 0.293750 0.945312 0.176563 1.000000
