0 0.239063 0.416016 0.281250 0.427734 0.270313 0.460938 0.228125 0.437500
0 0.443750 0.074219 0.489063 0.107422 0.478125 0.126953 0.437500 0.103516
0 0.417187 0.097656 0.462500 0.130859 0.451562 0.150391 0.410938 0.126953
0 0.428125 0.156250 0.470313 0.179688 0.459375 0.199219 0.418750 0.175781
0 0.193750 0.091797 0.235937 0.115234 0.225000 0.134766 0.184375 0.111328
0 0.431250 0.791016 0.451562 0.802734 0.431250 0.853516 0.403125 0.833984
0 0.228125 0.880859 0.256250 0.900391 0.225000 0.947266 0.200000 0.929688
0 0.193750 0.843750 0.221875 0.863281 0.190625 0.910156 0.165625 0.892578
0 0.140625 0.863281 0.168750 0.882812 0.137500 0.929688 0.112500 0.912109
0 0.004687 0.705078 0.023438 0.691406 0.043750 0.738281 0.018750 0.753906
0 0.846875 0.169922 0.867188 0.185547 0.842187 0.224609 0.823438 0.212891
0 0.875000 0.115234 0.895312 0.130859 0.870313 0.169922 0.851562 0.158203
0 0.895312 0.068359 0.915625 0.083984 0.890625 0.123047 0.871875 0.111328
0 0.348438 0.119141 0.368750 0.134766 0.343750 0.173828 0.325000 0.162109
0 0.298438 0.308594 0.340625 0.320312 0.328125 0.349609 0.287500 0.330078
0 0.287500 0.341797 0.329688 0.353516 0.318750 0.386719 0.276562 0.363281
0 0.262500 0.371094 0.304688 0.382812 0.293750 0.416016 0.251563 0.392578
0 0.114062 0.000000 0.159375 0.023438 0.143750 0.044922 0.107813 0.019531
0 0.092188 0.005859 0.137500 0.039062 0.121875 0.060547 0.085938 0.035156
0 0.065625 0.021484 0.110937 0.054688 0.095312 0.076172 0.059375 0.050781
0 0.040625 0.048828 0.085938 0.082031 0.070312 0.103516 0.034375 0.078125
0 0.165625 0.115234 0.207813 0.138672 0.196875 0.158203 0.156250 0.134766
0 0.129688 0.000000 0.135937 0.000000 0.181250 0.001953 0.165625 0.023438
0 0.510938 0.000000 0.556250 0.025391 0.545312 0.044922 0.504687 0.021484
0 0.478125 0.013672 0.523438 0.046875 0.512500 0.066406 0.471875 0.042969
0 0.464062 0.046875 0.509375 0.080078 0.498437 0.099609 0.457813 0.076172
