0 0.000000 0.177734 0.035937 0.212891 0.021875 0.253906 0.000000 0.208984
0 0.640625 0.011719 0.714063 0.009766 0.714063 0.044922 0.642188 0.052734
0 0.642188 0.064453 0.714063 0.062500 0.718750 0.101562 0.642188 0.097656
0 0.640625 0.121094 0.714063 0.115234 0.718750 0.150391 0.648438 0.154297
2 0.648438 0.156250 0.728125 0.156250 0.732812 0.195312 0.651563 0.195312
0 0.640625 0.226562 0.718750 0.218750 0.718750 0.261719 0.643750 0.267578
0 0.642188 0.285156 0.721875 0.285156 0.721875 0.320312 0.645312 0.320312
0 0.646875 0.335938 0.729688 0.335938 0.726562 0.371094 0.646875 0.371094
0 0.650000 0.388672 0.721875 0.378906 0.720313 0.417969 0.651563 0.423828
0 0.848437 0.429688 0.906250 0.378906 0.929688 0.406250 0.870313 0.457031
4 0.890625 0.525391 0.942187 0.550781 0.929688 0.580078 0.878125 0.552734
2 0.656250 0.441406 0.718750 0.441406 0.721875 0.480469 0.656250 0.478516
0 0.642188 0.503906 0.731250 0.500000 0.734375 0.541016 0.643750 0.541016
0 0.645312 0.570312 0.728125 0.570312 0.732812 0.609375 0.645312 0.609375
0 0.656250 0.621094 0.740625 0.619141 0.740625 0.662109 0.656250 0.662109
0 0.660937 0.693359 0.750000 0.693359 0.751563 0.736328 0.659375 0.730469
0 0.673438 0.744141 0.734375 0.744141 0.735938 0.785156 0.671875 0.789062
0 0.678125 0.800781 0.735938 0.798828 0.740625 0.841797 0.673438 0.837891
0 0.890625 0.861328 0.975000 0.845703 0.976562 0.886719 0.901563 0.910156
0 0.665625 0.906250 0.762500 0.894531 0.768750 0.931641 0.668750 0.947266
0 0.153125 0.554688 0.178125 0.537109 0.209375 0.632812 0.181250 0.648438
0 0.178125 0.667969 0.198437 0.691406 0.162500 0.750000 0.135937 0.726562
0 0.000000 0.750000 0.050000 0.744141 0.045312 0.785156 0.000000 0.789062
0 0.000000 0.630859 0.070312 0.632812 0.070312 0.671875 0.000000 0.667969
0 0.006250 0.564453 0.076563 0.572266 0.073438 0.613281 0.003125 0.601562
0 0.003125 0.505859 0.082812 0.513672 0.081250 0.546875 0.000000 0.550781
0 0.000000 0.433594 0.065625 0.427734 0.068750 0.470703 0.000000 0.466797
0 0.003125 0.335938 0.082812 0.337891 0.079687 0.375000 0.001563 0.369141
0 0.032813 0.158203 0.101562 0.154297 0.103125 0.185547 0.034375 0.193359
0 0.029687 0.099609 0.100000 0.101562 0.096875 0.130859 0.026562 0.128906
0 0.021875 0.044922 0.104688 0.041016 0.106250 0.076172 0.026562 0.083984
