4 0.781250 0.113281 0.867188 0.113281 0.859375 0.166016 0.782813 0.152344
4 0.810937 0.031250 0.882812 0.041016 0.875000 0.085938 0.806250 0.074219
4 0.567187 0.000000 0.642188 0.023438 0.629687 0.072266 0.550000 0.023438
4 0.546875 0.021484 0.631250 0.070312 0.615625 0.103516 0.529687 0.072266
4 0.296875 0.886719 0.379688 0.917969 0.362500 0.962891 0.284375 0.929688
0 0.496875 0.921875 0.575000 0.951172 0.554688 1.000000 0.484375 0.968750
0 0.187500 0.738281 0.281250 0.763672 0.264062 0.818359 0.167187 0.794922
0 0.496875 0.230469 0.571875 0.261719 0.559375 0.296875 0.485938 0.261719
0 0.475000 0.281250 0.551562 0.316406 0.537500 0.357422 0.460938 0.324219
0 0.454688 0.314453 0.535937 0.345703 0.528125 0.388672 0.442188 0.361328
0 0.440625 0.376953 0.532813 0.400391 0.520312 0.437500 0.431250 0.417969
0 0.454688 0.433594 0.514062 0.451172 0.509375 0.488281 0.443750 0.468750
0 0.415625 0.476562 0.493750 0.496094 0.489063 0.533203 0.407813 0.513672
0 0.348438 0.740234 0.429688 0.773438 0.410938 0.822266 0.331250 0.777344
0 0.403125 0.527344 0.487500 0.552734 0.468750 0.589844 0.395313 0.558594
0 0.393750 0.576172 0.468750 0.597656 0.459375 0.646484 0.387500 0.611328
0 0.379688 0.628906 0.464062 0.662109 0.451562 0.701172 0.370312 0.669922
0 0.357812 0.681641 0.443750 0.708984 0.432812 0.753906 0.343750 0.724609
0 0.315625 0.810547 0.421875 0.853516 0.404687 0.910156 0.301563 0.865234
0 0.521875 0.861328 0.617188 0.902344 0.601562 0.949219 0.509375 0.908203
0 0.534375 0.804688 0.628125 0.828125 0.617188 0.878906 0.520312 0.855469
0 0.550000 0.746094 0.646875 0.781250 0.631250 0.822266 0.532813 0.783203
0 0.565625 0.693359 0.667188 0.728516 0.656250 0.773438 0.553125 0.738281
0 0.598437 0.646484 0.690625 0.671875 0.685937 0.708984 0.593750 0.685547
0 0.629687 0.595703 0.685937 0.613281 0.673438 0.664062 0.610938 0.626953
0 0.637500 0.527344 0.726562 0.562500 0.706250 0.615234 0.623437 0.572266
0 0.651563 0.470703 0.739062 0.498047 0.726562 0.544922 0.639062 0.513672
4 0.517188 0.166016 0.584375 0.205078 0.570312 0.238281 0.500000 0.214844
4 0.537500 0.080078 0.609375 0.113281 0.596875 0.150391 0.532813 0.132812
4 0.681250 0.412109 0.759375 0.439453 0.750000 0.482422 0.671875 0.460938
4 0.704688 0.365234 0.782813 0.394531 0.771875 0.441406 0.700000 0.410156
4 0.720313 0.322266 0.804688 0.349609 0.787500 0.392578 0.717187 0.361328
4 0.737500 0.279297 0.806250 0.302734 0.795312 0.345703 0.728125 0.322266
4 0.754687 0.230469 0.826562 0.251953 0.817187 0.302734 0.740625 0.273438
4 0.762500 0.191406 0.840625 0.199219 0.842187 0.246094 0.760938 0.236328
4 0.782813 0.154297 0.860938 0.166016 0.851562 0.214844 0.778125 0.193359
4 0.798438 0.080078 0.871875 0.082031 0.865625 0.126953 0.792188 0.115234
