4 0.835938 0.414062 0.948438 0.408203 0.956250 0.462891 0.835938 0.466797
2 0.532813 0.441406 0.570312 0.437500 0.571875 0.556641 0.529687 0.554688
0 0.685937 0.476562 0.721875 0.474609 0.721875 0.564453 0.684375 0.564453
0 0.635938 0.455078 0.670312 0.449219 0.675000 0.554688 0.635938 0.554688
0 0.581250 0.460938 0.617188 0.457031 0.620313 0.552734 0.581250 0.552734
0 0.476562 0.466797 0.512500 0.466797 0.510938 0.550781 0.478125 0.548828
0 0.117188 0.445312 0.204687 0.447266 0.204687 0.505859 0.110937 0.496094
2 0.793750 0.455078 0.831250 0.453125 0.831250 0.552734 0.795312 0.552734
0 0.965625 0.281250 1.000000 0.279297 1.000000 0.326172 0.968750 0.326172
0 0.600000 0.275391 0.703125 0.271484 0.700000 0.326172 0.601562 0.326172
0 0.253125 0.470703 0.346875 0.474609 0.343750 0.529297 0.253125 0.525391
0 0.000000 0.460938 0.043750 0.460938 0.040625 0.560547 0.000000 0.558594
0 0.375000 0.457031 0.410938 0.451172 0.414062 0.552734 0.376563 0.550781
0 0.048438 0.441406 0.095312 0.441406 0.095312 0.552734 0.048438 0.550781
0 0.429688 0.458984 0.464062 0.458984 0.462500 0.542969 0.425000 0.539062
