3 0.060937 0.865234 0.126562 0.873047 0.107813 1.000000 0.039062 1.000000
4 0.140625 0.142578 0.176563 0.142578 0.176563 0.246094 0.140625 0.246094
4 0.479687 0.582031 0.515625 0.582031 0.515625 0.675781 0.479687 0.675781
1 0.118750 0.000000 0.165625 0.000000 0.165625 0.117188 0.118750 0.117188
3 0.479687 0.068359 0.535937 0.068359 0.535937 0.306641 0.479687 0.306641
3 0.090625 0.541016 0.151562 0.542969 0.128125 0.830078 0.059375 0.824219
1 0.104688 0.246094 0.162500 0.246094 0.162500 0.488281 0.104688 0.488281
2 0.484375 0.316406 0.539062 0.316406 0.539062 0.546875 0.484375 0.546875
3 0.492188 0.871094 0.545312 0.871094 0.545312 1.000000 0.492188 1.000000
0 0.506250 0.705078 0.543750 0.705078 0.543750 0.822266 0.506250 0.822266
