0 0.857812 0.521484 0.884375 0.531250 0.875000 0.578125 0.848437 0.568359
0 0.876563 0.453125 0.898438 0.458984 0.889062 0.507812 0.865625 0.500000
2 0.540625 0.474609 0.689063 0.501953 0.676562 0.560547 0.532813 0.533203
2 0.531250 0.509766 0.789062 0.572266 0.776563 0.626953 0.514062 0.568359
2 0.496875 0.537109 0.767188 0.615234 0.750000 0.693359 0.479687 0.634766
2 0.843750 0.570312 0.885938 0.583984 0.843750 0.808594 0.798438 0.798828
2 0.401562 0.816406 0.700000 0.861328 0.685937 0.945312 0.381250 0.886719
0 0.917188 0.599609 0.943750 0.607422 0.923438 0.683594 0.892188 0.667969
0 0.498437 0.328125 0.525000 0.335938 0.509375 0.376953 0.482812 0.369141
0 0.796875 0.296875 0.821875 0.304688 0.809375 0.355469 0.784375 0.347656
0 0.843750 0.320312 0.865625 0.324219 0.856250 0.365234 0.829688 0.363281
0 0.875000 0.322266 0.898438 0.330078 0.890625 0.376953 0.862500 0.367188
0 0.934375 0.337891 0.960938 0.345703 0.954688 0.390625 0.928125 0.380859
0 0.765625 0.546875 0.814063 0.578125 0.801562 0.599609 0.753125 0.568359
