0 1.000000 0.542969 1.000000 0.570312 0.995313 0.593750 0.982812 0.570312
0 0.284375 0.000000 0.315625 0.000000 0.339062 0.033203 0.306250 0.048828
0 0.325000 0.044922 0.356250 0.033203 0.379688 0.107422 0.346875 0.123047
0 0.325000 0.123047 0.356250 0.111328 0.379688 0.185547 0.346875 0.201172
0 0.650000 0.000000 0.681250 0.000000 0.704688 0.048828 0.671875 0.064453
0 0.684375 0.058594 0.715625 0.046875 0.739062 0.121094 0.706250 0.136719
0 0.775000 0.238281 0.806250 0.226562 0.829688 0.300781 0.796875 0.316406
0 0.600000 0.916016 0.631250 0.904297 0.654687 0.978516 0.621875 0.994141
0 0.615625 0.775391 0.646875 0.763672 0.670312 0.837891 0.637500 0.853516
0 0.532813 0.703125 0.564063 0.691406 0.587500 0.765625 0.554688 0.781250
0 0.137500 0.775391 0.184375 0.806641 0.165625 0.845703 0.121875 0.798828
0 0.148438 0.855469 0.195312 0.886719 0.176563 0.925781 0.132812 0.878906
0 0.967187 0.533203 1.000000 0.505859 1.000000 0.533203 0.979688 0.556641
0 0.004687 0.365234 0.048438 0.351562 0.054688 0.378906 0.010937 0.404297
