0 0.062500 0.607422 0.137500 0.572266 0.146875 0.603516 0.071875 0.640625
0 0.546875 0.929688 0.582812 0.929688 0.582812 1.000000 0.546875 1.000000
0 0.540625 0.808594 0.575000 0.808594 0.575000 0.900391 0.540625 0.900391
0 0.043750 0.996094 0.112500 0.957031 0.126562 0.990234 0.057813 1.000000
0 0.184375 0.896484 0.217188 0.896484 0.217188 0.990234 0.184375 0.990234
0 0.237500 0.830078 0.270313 0.830078 0.270313 0.921875 0.237500 0.921875
0 0.185938 0.775391 0.218750 0.775391 0.218750 0.869141 0.185938 0.869141
0 0.067187 0.808594 0.129688 0.779297 0.140625 0.810547 0.076563 0.841797
0 0.050000 0.707031 0.126562 0.675781 0.142187 0.712891 0.062500 0.751953
0 0.190625 0.675781 0.221875 0.675781 0.221875 0.751953 0.190625 0.751953
0 0.057813 0.660156 0.132812 0.625000 0.145313 0.660156 0.071875 0.695312
0 0.225000 0.601562 0.259375 0.601562 0.259375 0.697266 0.225000 0.697266
0 0.190625 0.566406 0.221875 0.566406 0.221875 0.658203 0.190625 0.658203
0 0.067187 0.542969 0.139063 0.509766 0.150000 0.550781 0.079687 0.582031
0 0.187500 0.460938 0.221875 0.460938 0.221875 0.544922 0.187500 0.544922
0 0.192188 0.363281 0.225000 0.363281 0.225000 0.451172 0.192188 0.451172
0 0.068750 0.449219 0.134375 0.414062 0.148438 0.451172 0.081250 0.484375
0 0.065625 0.310547 0.140625 0.283203 0.153125 0.316406 0.076563 0.347656
0 0.198437 0.283203 0.225000 0.283203 0.225000 0.353516 0.198437 0.353516
0 0.060937 0.277344 0.132812 0.234375 0.146875 0.263672 0.078125 0.312500
0 0.059375 0.238281 0.126562 0.205078 0.137500 0.234375 0.071875 0.271484
