4 0.951562 0.654297 0.975000 0.634766 1.000000 0.687500 0.992188 0.707031
4 0.887500 0.316406 0.935937 0.287109 0.954688 0.316406 0.903125 0.345703
0 0.826562 0.230469 0.864062 0.207031 0.885938 0.232422 0.840625 0.257812
0 0.943750 0.154297 0.984375 0.123047 1.000000 0.146484 0.964063 0.177734
0 0.921875 0.119141 0.964063 0.093750 0.984375 0.115234 0.940625 0.140625
0 0.896875 0.093750 0.935937 0.070312 0.957812 0.089844 0.917188 0.113281
0 0.871875 0.074219 0.910937 0.052734 0.931250 0.074219 0.890625 0.095703
3 0.528125 0.626953 0.685937 0.527344 0.721875 0.582031 0.559375 0.687500
0 0.907813 0.824219 0.964063 0.777344 0.987500 0.804688 0.932813 0.853516
0 0.871875 0.783203 0.925000 0.738281 0.946875 0.767578 0.895312 0.812500
0 0.845313 0.738281 0.901563 0.701172 0.923438 0.730469 0.868750 0.769531
0 0.818750 0.703125 0.873437 0.664062 0.887500 0.691406 0.840625 0.734375
0 0.787500 0.669922 0.843750 0.628906 0.867188 0.656250 0.809375 0.701172
0 0.875000 0.578125 0.898438 0.554688 0.950000 0.613281 0.923438 0.634766
0 0.696875 0.984375 0.756250 0.941406 0.778125 0.970703 0.717187 1.000000
0 0.665625 0.937500 0.725000 0.894531 0.748437 0.919922 0.689063 0.966797
0 0.642188 0.904297 0.706250 0.859375 0.725000 0.888672 0.662500 0.937500
0 0.606250 0.865234 0.665625 0.822266 0.685937 0.849609 0.625000 0.892578
0 0.576562 0.820312 0.637500 0.773438 0.659375 0.806641 0.595313 0.855469
1 0.484375 0.416016 0.553125 0.375000 0.576562 0.406250 0.504687 0.447266
0 0.468750 0.392578 0.520312 0.353516 0.542188 0.376953 0.487500 0.416016
0 0.425000 0.337891 0.489063 0.302734 0.506250 0.328125 0.443750 0.365234
0 0.050000 0.480469 0.123438 0.482422 0.120313 0.517578 0.045312 0.515625
0 0.035937 0.414062 0.100000 0.417969 0.095312 0.453125 0.031250 0.449219
0 0.187500 0.412109 0.242188 0.376953 0.262500 0.402344 0.204687 0.439453
0 0.151562 0.363281 0.201563 0.324219 0.221875 0.345703 0.168750 0.386719
0 0.135937 0.333984 0.189062 0.300781 0.204687 0.322266 0.150000 0.361328
0 0.117188 0.316406 0.170313 0.285156 0.184375 0.306641 0.131250 0.341797
2 0.420312 0.152344 0.445312 0.134766 0.479687 0.173828 0.453125 0.189453
2 0.406250 0.304688 0.465625 0.273438 0.485938 0.298828 0.425000 0.332031
0 0.471875 0.208984 0.493750 0.189453 0.529687 0.232422 0.506250 0.248047
0 0.359375 0.253906 0.414062 0.226562 0.428125 0.250000 0.373437 0.277344
0 0.348438 0.232422 0.395313 0.203125 0.410938 0.226562 0.364063 0.251953
0 0.318750 0.208984 0.364063 0.179688 0.381250 0.199219 0.334375 0.226562
0 0.301563 0.185547 0.345313 0.160156 0.359375 0.179688 0.310937 0.203125
0 0.278125 0.158203 0.328125 0.125000 0.346875 0.146484 0.293750 0.173828
0 0.264062 0.134766 0.317188 0.105469 0.335938 0.125000 0.281250 0.156250
0 0.217188 0.097656 0.257812 0.072266 0.276562 0.091797 0.231250 0.117188
0 0.185938 0.056641 0.232813 0.031250 0.251563 0.052734 0.201563 0.076172
3 0.156250 0.000000 0.256250 0.000000 0.262500 0.035156 0.157812 0.042969
4 0.073438 0.000000 0.095312 0.000000 0.134375 0.021484 0.106250 0.035156
