0 0.000000 0.546875 0.078125 0.582031 0.059375 0.630859 0.000000 0.582031
0 0.089063 0.679688 0.185938 0.707031 0.176563 0.753906 0.075000 0.728516
0 0.382812 0.373047 0.414062 0.375000 0.410938 0.460938 0.373437 0.451172
0 0.296875 0.382812 0.328125 0.384766 0.318750 0.488281 0.282813 0.480469
0 0.270313 0.494141 0.309375 0.498047 0.289062 0.615234 0.246875 0.603516
0 0.331250 0.429688 0.370312 0.433594 0.362500 0.542969 0.318750 0.535156
0 0.393750 0.470703 0.432812 0.474609 0.423438 0.587891 0.381250 0.576172
0 0.345313 0.841797 0.389062 0.849609 0.384375 0.988281 0.332813 0.982422
0 0.417187 0.880859 0.450000 0.890625 0.440625 1.000000 0.396875 0.998047
0 0.465625 0.890625 0.504687 0.890625 0.498437 1.000000 0.459375 1.000000
0 0.535937 0.820312 0.575000 0.820312 0.568750 0.947266 0.529687 0.945312
0 0.592187 0.863281 0.631250 0.863281 0.625000 0.960938 0.589063 0.955078
0 0.639062 0.841797 0.678125 0.841797 0.676562 0.939453 0.640625 0.937500
0 0.660937 0.722656 0.696875 0.728516 0.701562 0.835938 0.662500 0.841797
0 0.725000 0.744141 0.753125 0.742188 0.759375 0.847656 0.714063 0.843750
0 0.842187 0.753906 0.882812 0.750000 0.889062 0.837891 0.845313 0.837891
0 0.921875 0.769531 0.964063 0.765625 0.970313 0.898438 0.928125 0.896484
0 0.757812 0.419922 0.798438 0.419922 0.796875 0.527344 0.756250 0.525391
2 0.940625 0.429688 0.982812 0.435547 0.982812 0.570312 0.935937 0.570312
2 0.443750 0.423828 0.489063 0.423828 0.493750 0.568359 0.443750 0.570312
3 0.062500 0.041016 0.128125 0.052734 0.071875 0.271484 0.007812 0.250000
3 0.110937 0.144531 0.170313 0.148438 0.118750 0.386719 0.054688 0.369141
3 0.171875 0.212891 0.218750 0.224609 0.182812 0.451172 0.118750 0.449219
3 0.685937 0.318359 0.731250 0.326172 0.717187 0.566406 0.659375 0.564453
3 0.565625 0.298828 0.614062 0.304688 0.601562 0.548828 0.543750 0.542969
