0 0.339062 0.939453 0.425000 0.884766 0.446875 0.933594 0.357812 0.984375
0 0.337500 0.861328 0.409375 0.828125 0.420312 0.861328 0.346875 0.896484
1 0.292187 0.806641 0.384375 0.755859 0.400000 0.804688 0.309375 0.855469
0 0.268750 0.753906 0.350000 0.705078 0.364063 0.744141 0.282813 0.792969
0 0.243750 0.701172 0.331250 0.652344 0.345313 0.691406 0.259375 0.742188
0 0.228125 0.632812 0.314063 0.580078 0.328125 0.623047 0.243750 0.671875
0 0.212500 0.578125 0.293750 0.527344 0.310937 0.564453 0.229687 0.617188
0 0.182812 0.521484 0.267188 0.470703 0.282813 0.509766 0.196875 0.564453
0 0.179688 0.453125 0.254688 0.417969 0.267188 0.457031 0.192188 0.492188
0 0.139063 0.400391 0.220312 0.359375 0.234375 0.398438 0.150000 0.441406
0 0.118750 0.349609 0.200000 0.300781 0.215625 0.339844 0.132812 0.388672
0 0.110937 0.289062 0.193750 0.240234 0.209375 0.281250 0.126562 0.326172
0 0.093750 0.230469 0.173437 0.185547 0.187500 0.222656 0.107813 0.265625
0 0.068750 0.173828 0.146875 0.128906 0.162500 0.169922 0.084375 0.212891
0 0.053125 0.115234 0.126562 0.076172 0.139063 0.111328 0.064062 0.148438
0 0.025000 0.068359 0.103125 0.031250 0.115625 0.068359 0.039062 0.107422
0 0.003125 0.015625 0.082812 0.000000 0.100000 0.017578 0.020313 0.060547
