0 0.725000 0.935547 0.751563 0.939453 0.746875 1.000000 0.718750 1.000000
0 0.639062 0.955078 0.707812 0.955078 0.707812 0.992188 0.639062 0.992188
0 0.585938 0.904297 0.614062 0.904297 0.614062 0.976562 0.585938 0.976562
0 0.634375 0.912109 0.707812 0.912109 0.707812 0.947266 0.634375 0.947266
0 0.670312 0.855469 0.731250 0.871094 0.728125 0.904297 0.664062 0.888672
0 0.834375 0.781250 0.889062 0.781250 0.889062 0.812500 0.834375 0.812500
0 0.754687 0.785156 0.812500 0.785156 0.812500 0.816406 0.754687 0.816406
0 0.703125 0.722656 0.726562 0.718750 0.734375 0.796875 0.709375 0.800781
0 0.570312 0.466797 0.631250 0.478516 0.628125 0.505859 0.565625 0.492188
0 0.690625 0.371094 0.735938 0.351562 0.748437 0.378906 0.706250 0.400391
0 0.682813 0.425781 0.729688 0.447266 0.721875 0.472656 0.671875 0.449219
0 0.687500 0.486328 0.715625 0.486328 0.721875 0.542969 0.695312 0.544922
0 0.618750 0.535156 0.639062 0.535156 0.645312 0.582031 0.626563 0.583984
0 0.612500 0.666016 0.628125 0.652344 0.656250 0.689453 0.642188 0.703125
0 0.629687 0.720703 0.651563 0.720703 0.651563 0.783203 0.629687 0.783203
0 0.935937 0.138672 0.970313 0.117188 0.985938 0.134766 0.953125 0.158203
0 0.887500 0.177734 0.923438 0.152344 0.937500 0.169922 0.903125 0.199219
0 0.842187 0.210938 0.875000 0.187500 0.889062 0.208984 0.857812 0.234375
0 0.750000 0.287109 0.781250 0.265625 0.796875 0.287109 0.765625 0.308594
0 0.701562 0.318359 0.742188 0.294922 0.757812 0.314453 0.718750 0.339844
0 0.637500 0.359375 0.687500 0.322266 0.704688 0.349609 0.654687 0.388672
0 0.615625 0.312500 0.662500 0.275391 0.684375 0.304688 0.635938 0.343750
0 0.634375 0.269531 0.675000 0.234375 0.693750 0.253906 0.654687 0.291016
0 0.687500 0.228516 0.729688 0.205078 0.740625 0.228516 0.701562 0.251953
0 0.743750 0.195312 0.781250 0.167969 0.798438 0.187500 0.760938 0.216797
0 0.890625 0.080078 0.920312 0.054688 0.934375 0.068359 0.906250 0.095703
0 0.846875 0.103516 0.881250 0.083984 0.896875 0.103516 0.864062 0.126953
0 0.785937 0.160156 0.825000 0.126953 0.840625 0.144531 0.803125 0.179688
1 0.520312 0.027344 0.548438 0.027344 0.548438 0.103516 0.520312 0.103516
0 0.518750 0.193359 0.545312 0.193359 0.545312 0.244141 0.518750 0.244141
0 0.409375 0.554688 0.432812 0.537109 0.462500 0.593750 0.437500 0.609375
1 0.225000 0.529297 0.309375 0.529297 0.309375 0.585938 0.225000 0.585938
1 0.326562 0.613281 0.359375 0.613281 0.359375 0.722656 0.326562 0.722656
0 0.075000 0.691406 0.140625 0.691406 0.140625 0.722656 0.075000 0.722656
0 0.082812 0.652344 0.143750 0.652344 0.143750 0.683594 0.082812 0.683594
0 0.159375 0.474609 0.221875 0.474609 0.221875 0.503906 0.159375 0.503906
0 0.081250 0.404297 0.140625 0.404297 0.140625 0.433594 0.081250 0.433594
0 0.081250 0.343750 0.139063 0.343750 0.139063 0.373047 0.081250 0.373047
4 0.790625 0.246094 0.834375 0.214844 0.853125 0.238281 0.810937 0.271484
