4 0.832812 0.847656 0.909375 0.863281 0.896875 0.912109 0.823438 0.896484
0 0.798438 0.785156 0.828125 0.791016 0.817187 0.869141 0.787500 0.863281
0 0.228125 0.914062 0.251563 0.923828 0.234375 0.988281 0.206250 0.980469
0 0.260937 0.835938 0.284375 0.845703 0.267188 0.910156 0.239063 0.902344
0 0.467187 0.406250 0.489063 0.419922 0.476562 0.468750 0.453125 0.460938
0 0.506250 0.240234 0.562500 0.246094 0.554688 0.275391 0.506250 0.265625
0 0.867188 0.074219 0.923438 0.082031 0.920312 0.115234 0.867188 0.109375
0 0.937500 0.152344 0.965625 0.160156 0.953125 0.220703 0.923438 0.210938
0 0.909375 0.261719 0.939063 0.267578 0.934375 0.333984 0.901563 0.326172
0 0.865625 0.490234 0.892188 0.494141 0.881250 0.558594 0.856250 0.550781
0 0.850000 0.564453 0.876563 0.572266 0.867188 0.638672 0.840625 0.628906
4 0.790625 0.958984 0.864062 0.968750 0.857812 1.000000 0.787500 1.000000
0 0.231250 0.285156 0.276562 0.251953 0.290625 0.275391 0.248438 0.314453
0 0.242188 0.320312 0.282813 0.279297 0.304688 0.300781 0.264062 0.343750
0 0.246875 0.382812 0.298438 0.345703 0.315625 0.376953 0.267188 0.414062
0 0.296875 0.378906 0.321875 0.396484 0.279687 0.447266 0.259375 0.427734
0 0.271875 0.460938 0.317188 0.423828 0.328125 0.453125 0.285938 0.486328
0 0.284375 0.492188 0.326562 0.453125 0.343750 0.476562 0.296875 0.521484
0 0.282813 0.597656 0.331250 0.564453 0.339062 0.589844 0.293750 0.628906
0 0.310937 0.650391 0.332813 0.658203 0.317188 0.724609 0.292187 0.712891
0 0.420312 0.542969 0.446875 0.548828 0.428125 0.611328 0.403125 0.599609
0 0.442188 0.476562 0.464062 0.490234 0.451562 0.539062 0.428125 0.531250
0 0.471875 0.306641 0.498437 0.291016 0.520312 0.345703 0.493750 0.359375
0 0.431250 0.242188 0.481250 0.263672 0.470313 0.289062 0.418750 0.273438
0 0.367188 0.232422 0.421875 0.248047 0.414062 0.271484 0.360938 0.259766
0 0.379688 0.203125 0.429688 0.212891 0.420312 0.240234 0.373437 0.234375
0 0.282813 0.214844 0.343750 0.228516 0.337500 0.255859 0.282813 0.242188
