3 0.559375 0.185547 0.798438 0.208984 0.793750 0.308594 0.551562 0.283203
3 0.575000 0.037109 0.812500 0.062500 0.810937 0.164062 0.570312 0.136719
4 0.342187 0.000000 0.375000 0.000000 0.446875 0.023438 0.410938 0.068359
4 0.325000 0.060547 0.356250 0.027344 0.432812 0.121094 0.398438 0.156250
4 0.340625 0.111328 0.426563 0.195312 0.387500 0.244141 0.304688 0.158203
4 0.300000 0.226562 0.326562 0.199219 0.409375 0.287109 0.371875 0.328125
4 0.298438 0.541016 0.393750 0.611328 0.356250 0.675781 0.265625 0.599609
4 0.290625 0.642578 0.378125 0.726562 0.342187 0.787109 0.256250 0.695312
4 0.242188 0.781250 0.279687 0.736328 0.373437 0.830078 0.326562 0.884766
4 0.237500 0.896484 0.278125 0.855469 0.376563 0.939453 0.329688 1.000000
