2 0.703125 0.486328 0.839063 0.515625 0.825000 0.585938 0.693750 0.554688
2 0.289062 0.515625 0.331250 0.529297 0.246875 0.753906 0.204687 0.740234
2 0.371875 0.322266 0.410938 0.333984 0.337500 0.525391 0.292187 0.509766
2 0.543750 0.078125 0.585938 0.089844 0.528125 0.263672 0.489063 0.250000
2 0.618750 0.126953 0.660937 0.138672 0.610938 0.300781 0.571875 0.289062
2 0.518750 0.664062 0.739062 0.732422 0.729688 0.802734 0.501563 0.742188
2 0.532813 0.775391 0.698438 0.822266 0.684375 0.886719 0.510938 0.826172
2 0.485938 0.818359 0.737500 0.904297 0.735938 0.970703 0.459375 0.886719
2 0.434375 0.916016 0.670312 1.000000 0.650000 1.000000 0.414062 0.966797
4 0.696875 0.341797 0.756250 0.349609 0.753125 0.373047 0.692187 0.363281
0 0.171875 0.000000 0.201563 0.000000 0.181250 0.039062 0.153125 0.033203
0 0.243750 0.099609 0.270313 0.101562 0.256250 0.146484 0.231250 0.138672
0 0.204687 0.763672 0.234375 0.773438 0.207813 0.849609 0.173437 0.830078
0 0.650000 0.236328 0.673438 0.242188 0.656250 0.289062 0.629687 0.275391
0 0.632812 0.529297 0.692187 0.546875 0.690625 0.576172 0.626563 0.558594
0 0.579688 0.457031 0.632812 0.423828 0.656250 0.451172 0.600000 0.490234
4 0.645312 0.453125 0.706250 0.476562 0.693750 0.500000 0.640625 0.480469
1 0.617188 0.564453 0.817187 0.591797 0.809375 0.673828 0.606250 0.630859
1 0.656250 0.351562 0.879687 0.410156 0.870313 0.488281 0.639062 0.425781
1 0.725000 0.451172 0.810937 0.482422 0.801562 0.513672 0.714063 0.488281
1 0.532813 0.623047 0.787500 0.669922 0.785937 0.753906 0.518750 0.695312
