0 0.071875 0.859375 0.107813 0.869141 0.081250 0.974609 0.039062 0.964844
0 0.123438 0.863281 0.162500 0.871094 0.126562 0.992188 0.089063 0.974609
0 0.171875 0.873047 0.212500 0.882812 0.173437 0.998047 0.140625 0.984375
0 0.228125 0.884766 0.259375 0.894531 0.221875 1.000000 0.190625 0.998047
0 0.267188 0.898438 0.306250 0.908203 0.268750 1.000000 0.231250 1.000000
0 0.315625 0.910156 0.350000 0.919922 0.318750 1.000000 0.285938 1.000000
0 0.362500 0.925781 0.398438 0.935547 0.370312 1.000000 0.337500 1.000000
0 0.407813 0.939453 0.448437 0.951172 0.423438 1.000000 0.385937 1.000000
0 0.000000 0.587891 0.037500 0.603516 0.006250 0.705078 0.000000 0.689453
0 0.046875 0.607422 0.079687 0.615234 0.056250 0.714844 0.023438 0.699219
0 0.100000 0.609375 0.137500 0.621094 0.107813 0.720703 0.067187 0.712891
0 0.143750 0.628906 0.184375 0.638672 0.156250 0.744141 0.112500 0.734375
0 0.281250 0.660156 0.317188 0.671875 0.292187 0.771484 0.254688 0.753906
0 0.325000 0.681641 0.364063 0.689453 0.331250 0.794922 0.296875 0.783203
0 0.375000 0.695312 0.407813 0.703125 0.382812 0.806641 0.346875 0.796875
0 0.415625 0.705078 0.446875 0.716797 0.428125 0.812500 0.393750 0.800781
0 0.460938 0.714844 0.493750 0.724609 0.471875 0.830078 0.431250 0.822266
0 0.509375 0.730469 0.540625 0.742188 0.512500 0.847656 0.476562 0.832031
0 0.548438 0.744141 0.582812 0.757812 0.556250 0.865234 0.520312 0.845703
0 0.643750 0.763672 0.673438 0.777344 0.651563 0.884766 0.614062 0.871094
0 0.687500 0.787109 0.728125 0.792969 0.704688 0.902344 0.665625 0.888672
0 0.739062 0.794922 0.775000 0.804688 0.753125 0.917969 0.714063 0.906250
0 0.882812 0.835938 0.925000 0.849609 0.901563 0.962891 0.857812 0.951172
0 0.935937 0.855469 0.978125 0.867188 0.956250 0.980469 0.914062 0.964844
0 0.985938 0.867188 1.000000 0.875000 1.000000 0.998047 0.959375 0.984375
0 0.035937 0.486328 0.068750 0.500000 0.040625 0.595703 0.007812 0.580078
0 0.081250 0.503906 0.112500 0.515625 0.081250 0.615234 0.046875 0.595703
0 0.126562 0.509766 0.160938 0.523438 0.134375 0.611328 0.100000 0.599609
0 0.173437 0.525391 0.206250 0.533203 0.182812 0.630859 0.148438 0.619141
0 0.221875 0.539062 0.257812 0.550781 0.229687 0.650391 0.196875 0.636719
0 0.307812 0.558594 0.345313 0.570312 0.317188 0.666016 0.279687 0.652344
0 0.354687 0.578125 0.389062 0.583984 0.364063 0.681641 0.331250 0.671875
0 0.395313 0.587891 0.428125 0.595703 0.409375 0.697266 0.373437 0.685547
0 0.440625 0.597656 0.471875 0.607422 0.450000 0.703125 0.414062 0.689453
0 0.485938 0.615234 0.515625 0.621094 0.495312 0.718750 0.462500 0.708984
0 0.531250 0.623047 0.565625 0.636719 0.542188 0.732422 0.509375 0.712891
0 0.575000 0.634766 0.609375 0.650391 0.584375 0.748047 0.551562 0.732422
0 0.618750 0.652344 0.653125 0.660156 0.628125 0.767578 0.589063 0.750000
0 0.665625 0.658203 0.698438 0.673828 0.671875 0.773438 0.639062 0.757812
0 0.709375 0.671875 0.743750 0.681641 0.721875 0.789062 0.687500 0.779297
0 0.756250 0.681641 0.792188 0.695312 0.775000 0.798828 0.739062 0.785156
0 0.904687 0.724609 0.942187 0.736328 0.921875 0.843750 0.881250 0.832031
0 0.954688 0.744141 0.992188 0.751953 0.979688 0.861328 0.937500 0.851562
0 0.026562 0.371094 0.059375 0.380859 0.018750 0.478516 0.000000 0.458984
0 0.071875 0.386719 0.101562 0.392578 0.071875 0.492188 0.039062 0.484375
0 0.115625 0.404297 0.148438 0.412109 0.117188 0.511719 0.078125 0.496094
0 0.156250 0.414062 0.189062 0.419922 0.168750 0.519531 0.131250 0.501953
0 0.206250 0.423828 0.235937 0.429688 0.210938 0.525391 0.173437 0.515625
0 0.248438 0.437500 0.281250 0.443359 0.260937 0.542969 0.220312 0.531250
0 0.289062 0.447266 0.321875 0.453125 0.303125 0.558594 0.267188 0.550781
0 0.331250 0.462891 0.362500 0.468750 0.348438 0.564453 0.312500 0.554688
0 0.382812 0.466797 0.414062 0.482422 0.390625 0.582031 0.353125 0.574219
0 0.426563 0.484375 0.450000 0.490234 0.428125 0.591797 0.396875 0.580078
0 0.462500 0.492188 0.498437 0.498047 0.473438 0.599609 0.442188 0.585938
0 0.506250 0.507812 0.543750 0.515625 0.520312 0.619141 0.484375 0.605469
0 0.557813 0.519531 0.592187 0.535156 0.567187 0.626953 0.537500 0.617188
0 0.600000 0.529297 0.634375 0.533203 0.612500 0.638672 0.576562 0.626953
0 0.645312 0.548828 0.678125 0.558594 0.654687 0.656250 0.618750 0.638672
0 0.687500 0.552734 0.723437 0.562500 0.696875 0.664062 0.662500 0.650391
0 0.737500 0.568359 0.771875 0.578125 0.746875 0.679688 0.709375 0.660156
0 0.782813 0.578125 0.818750 0.587891 0.800000 0.693359 0.760938 0.681641
0 0.837500 0.595703 0.875000 0.603516 0.846875 0.707031 0.809375 0.691406
0 0.926562 0.615234 0.965625 0.628906 0.945312 0.734375 0.906250 0.714844
0 0.973437 0.634766 1.000000 0.642578 1.000000 0.750000 0.954688 0.736328
