1 0.782813 0.000000 0.817187 0.000000 0.790625 0.050781 0.750000 0.041016
1 0.728125 0.000000 0.757812 0.000000 0.732812 0.074219 0.690625 0.056641
1 0.684375 0.000000 0.718750 0.000000 0.685937 0.103516 0.643750 0.089844
1 0.635938 0.000000 0.668750 0.000000 0.642188 0.097656 0.600000 0.087891
1 0.587500 0.000000 0.620313 0.000000 0.587500 0.115234 0.543750 0.107422
1 0.531250 0.000000 0.578125 0.000000 0.534375 0.142578 0.481250 0.130859
1 0.482812 0.000000 0.532813 0.000000 0.423438 0.166016 0.382812 0.138672
1 0.417187 0.000000 0.451562 0.015625 0.354687 0.193359 0.312500 0.169922
1 0.368750 0.013672 0.393750 0.025391 0.296875 0.208984 0.260937 0.185547
1 0.317188 0.037109 0.335938 0.054688 0.239063 0.232422 0.195312 0.203125
1 0.248438 0.058594 0.276562 0.076172 0.156250 0.271484 0.118750 0.238281
1 0.175000 0.080078 0.212500 0.097656 0.096875 0.291016 0.043750 0.253906
1 0.923438 0.125000 0.956250 0.105469 1.000000 0.248047 1.000000 0.253906
1 0.871875 0.109375 0.896875 0.095703 0.996875 0.248047 0.978125 0.273438
1 0.821875 0.171875 0.850000 0.160156 0.929688 0.292969 0.904687 0.306641
1 0.848437 0.130859 0.878125 0.119141 0.964063 0.277344 0.943750 0.291016
1 0.767188 0.154297 0.790625 0.144531 0.890625 0.310547 0.865625 0.324219
1 0.734375 0.166016 0.759375 0.154297 0.851562 0.324219 0.823438 0.337891
1 0.690625 0.181641 0.718750 0.167969 0.807813 0.337891 0.789062 0.355469
1 0.648438 0.201172 0.676562 0.189453 0.771875 0.359375 0.748437 0.380859
1 0.621875 0.224609 0.642188 0.214844 0.695312 0.302734 0.667188 0.310547
1 0.585938 0.240234 0.614062 0.232422 0.710938 0.388672 0.676562 0.402344
1 0.535937 0.242188 0.560937 0.234375 0.607812 0.322266 0.579688 0.333984
1 0.492188 0.259766 0.518750 0.246094 0.629687 0.431641 0.593750 0.449219
1 0.457813 0.287109 0.482812 0.273438 0.582812 0.445312 0.554688 0.466797
1 0.429688 0.306641 0.459375 0.287109 0.546875 0.462891 0.520312 0.484375
1 0.387500 0.320312 0.420312 0.308594 0.506250 0.480469 0.473438 0.494141
1 0.346875 0.324219 0.368750 0.314453 0.407813 0.390625 0.384375 0.402344
1 0.304688 0.361328 0.334375 0.343750 0.398438 0.501953 0.368750 0.515625
1 0.257812 0.357422 0.284375 0.343750 0.351562 0.513672 0.317188 0.531250
1 0.217188 0.378906 0.240625 0.371094 0.278125 0.480469 0.251563 0.486328
2 0.175000 0.408203 0.203125 0.398438 0.256250 0.544922 0.226562 0.556641
2 0.132812 0.433594 0.153125 0.421875 0.214062 0.560547 0.181250 0.574219
1 0.068750 0.382812 0.098437 0.371094 0.142187 0.500000 0.109375 0.515625
1 0.568750 0.830078 0.645312 0.791016 0.656250 0.820312 0.593750 0.867188
1 0.401562 0.914062 0.473438 0.869141 0.485938 0.904297 0.415625 0.949219
0 0.634375 0.947266 0.657813 0.955078 0.643750 1.000000 0.617188 1.000000
0 0.701562 0.929688 0.720313 0.941406 0.696875 0.982422 0.678125 0.978516
0 0.953125 0.771484 0.973437 0.761719 1.000000 0.800781 0.981250 0.812500
0 0.815625 0.830078 0.831250 0.814453 0.857812 0.865234 0.842187 0.888672
0 0.862500 0.808594 0.878125 0.794922 0.914062 0.863281 0.890625 0.871094
0 0.784375 0.708984 0.832812 0.675781 0.846875 0.708984 0.800000 0.744141
