0 0.929688 0.517578 0.959375 0.515625 0.965625 0.582031 0.935937 0.582031
0 0.892188 0.527344 0.921875 0.523438 0.926562 0.587891 0.896875 0.587891
0 0.853125 0.525391 0.882812 0.523438 0.890625 0.582031 0.862500 0.583984
0 0.818750 0.525391 0.846875 0.521484 0.851562 0.582031 0.820312 0.582031
0 0.781250 0.517578 0.809375 0.519531 0.812500 0.582031 0.781250 0.583984
0 0.742188 0.519531 0.767188 0.517578 0.770312 0.585938 0.745313 0.587891
0 0.696875 0.515625 0.731250 0.515625 0.734375 0.578125 0.698438 0.576172
0 0.631250 0.523438 0.664062 0.523438 0.668750 0.582031 0.632812 0.582031
0 0.598437 0.531250 0.625000 0.527344 0.625000 0.591797 0.598437 0.591797
0 0.557813 0.529297 0.589063 0.529297 0.589063 0.585938 0.562500 0.585938
0 0.520312 0.529297 0.548438 0.527344 0.543750 0.593750 0.520312 0.591797
0 0.482812 0.529297 0.504687 0.533203 0.507812 0.599609 0.479687 0.597656
0 0.442188 0.527344 0.470313 0.531250 0.462500 0.599609 0.437500 0.599609
0 0.401562 0.537109 0.428125 0.533203 0.423438 0.578125 0.395313 0.578125
0 0.348438 0.527344 0.376563 0.525391 0.375000 0.583984 0.346875 0.582031
0 0.307812 0.527344 0.334375 0.529297 0.320312 0.582031 0.296875 0.582031
0 0.265625 0.517578 0.293750 0.521484 0.285938 0.582031 0.256250 0.582031
0 0.231250 0.521484 0.257812 0.517578 0.245312 0.582031 0.218750 0.582031
0 0.151562 0.521484 0.179688 0.527344 0.173437 0.587891 0.137500 0.585938
0 0.192188 0.519531 0.220312 0.521484 0.214062 0.582031 0.184375 0.583984
0 0.118750 0.521484 0.142187 0.519531 0.137500 0.578125 0.106250 0.574219
0 0.054688 0.517578 0.087500 0.521484 0.078125 0.578125 0.045312 0.576172
0 0.021875 0.517578 0.048438 0.517578 0.031250 0.582031 0.006250 0.574219
