1 0.837500 0.113281 0.878125 0.126953 0.840625 0.351562 0.789062 0.339844
2 0.732812 0.000000 0.779687 0.000000 0.751563 0.117188 0.707812 0.111328
2 0.617188 0.609375 0.656250 0.625000 0.614062 0.964844 0.565625 0.955078
2 0.529687 0.689453 0.581250 0.707031 0.540625 1.000000 0.481250 1.000000
2 0.593750 0.312500 0.645312 0.318359 0.592187 0.666016 0.539062 0.650391
2 0.685937 0.199219 0.734375 0.208984 0.681250 0.566406 0.620313 0.550781
2 0.645312 0.000000 0.693750 0.000000 0.651563 0.291016 0.601562 0.271484
0 0.301563 0.496094 0.337500 0.496094 0.337500 0.597656 0.301563 0.597656
0 0.106250 0.271484 0.137500 0.271484 0.137500 0.353516 0.106250 0.353516
0 0.090625 0.037109 0.118750 0.037109 0.118750 0.119141 0.090625 0.119141
