0 0.000000 0.892578 0.056250 0.970703 0.031250 1.000000 0.000000 0.943359
0 0.848437 0.697266 0.879687 0.728516 0.825000 0.828125 0.795312 0.800781
0 0.796875 0.669922 0.831250 0.705078 0.776563 0.791016 0.742188 0.763672
0 0.753125 0.632812 0.784375 0.646484 0.735938 0.757812 0.695312 0.738281
0 0.706250 0.603516 0.734375 0.630859 0.673438 0.728516 0.640625 0.695312
0 0.662500 0.556641 0.693750 0.583984 0.631250 0.697266 0.598437 0.666016
0 0.615625 0.503906 0.648438 0.529297 0.585938 0.628906 0.551562 0.603516
0 0.560937 0.486328 0.592187 0.521484 0.543750 0.609375 0.509375 0.578125
0 0.520312 0.441406 0.550000 0.474609 0.493750 0.560547 0.460938 0.535156
0 0.375000 0.464844 0.435937 0.392578 0.457813 0.416016 0.404687 0.492188
0 0.395313 0.357422 0.421875 0.386719 0.357812 0.470703 0.331250 0.439453
0 0.334375 0.330078 0.364063 0.349609 0.312500 0.439453 0.285938 0.408203
0 0.298438 0.281250 0.334375 0.316406 0.275000 0.402344 0.237500 0.363281
0 0.264062 0.250000 0.290625 0.271484 0.229687 0.349609 0.201563 0.330078
0 0.217188 0.214844 0.246875 0.244141 0.190625 0.322266 0.162500 0.289062
0 0.182812 0.177734 0.206250 0.203125 0.156250 0.277344 0.120313 0.259766
0 0.135937 0.152344 0.159375 0.169922 0.106250 0.261719 0.068750 0.236328
0 0.039062 0.189453 0.098437 0.130859 0.120313 0.166016 0.068750 0.224609
