0 0.470313 0.378906 0.567187 0.378906 0.568750 0.431641 0.471875 0.433594
0 0.489063 0.443359 0.587500 0.447266 0.589063 0.500000 0.489063 0.496094
0 0.493750 0.525391 0.593750 0.527344 0.592187 0.580078 0.493750 0.578125
0 0.489063 0.599609 0.590625 0.601562 0.592187 0.652344 0.490625 0.650391
0 0.495312 0.683594 0.590625 0.679688 0.590625 0.734375 0.493750 0.732422
0 0.479687 0.763672 0.585938 0.763672 0.584375 0.818359 0.479687 0.818359
0 0.500000 0.837891 0.593750 0.839844 0.593750 0.886719 0.500000 0.884766
0 0.467187 0.917969 0.576562 0.921875 0.576562 0.978516 0.467187 0.976562
0 0.209375 0.925781 0.315625 0.927734 0.318750 0.982422 0.209375 0.982422
0 0.095312 0.917969 0.201563 0.923828 0.200000 0.978516 0.092188 0.970703
0 0.110937 0.839844 0.212500 0.832031 0.214062 0.886719 0.110937 0.890625
0 0.223438 0.839844 0.328125 0.839844 0.328125 0.894531 0.221875 0.894531
0 0.220312 0.751953 0.321875 0.753906 0.321875 0.810547 0.217188 0.810547
0 0.107813 0.685547 0.217188 0.675781 0.218750 0.732422 0.107813 0.738281
0 0.104688 0.759766 0.209375 0.759766 0.209375 0.818359 0.104688 0.818359
0 0.232813 0.673828 0.339062 0.675781 0.340625 0.728516 0.232813 0.726562
0 0.229687 0.593750 0.339062 0.595703 0.340625 0.648438 0.228125 0.646484
0 0.125000 0.599609 0.218750 0.599609 0.217188 0.654297 0.123438 0.652344
0 0.237500 0.525391 0.325000 0.523438 0.325000 0.568359 0.237500 0.570312
0 0.125000 0.521484 0.226562 0.521484 0.225000 0.574219 0.123438 0.574219
0 0.234375 0.453125 0.339062 0.451172 0.340625 0.507812 0.235937 0.509766
0 0.125000 0.445312 0.221875 0.445312 0.221875 0.500000 0.123438 0.498047
