0 0.812500 0.925781 0.848437 0.910156 0.878125 1.000000 0.837500 1.000000
0 0.782813 0.794922 0.817187 0.785156 0.839063 0.878906 0.796875 0.890625
0 0.762500 0.671875 0.793750 0.666016 0.812500 0.750000 0.778125 0.757812
0 0.743750 0.562500 0.775000 0.556641 0.787500 0.621094 0.753125 0.626953
0 0.785937 0.505859 0.815625 0.498047 0.831250 0.574219 0.798438 0.582031
0 0.845313 0.521484 0.873437 0.511719 0.887500 0.585938 0.854688 0.589844
0 0.870313 0.414062 0.896875 0.410156 0.912500 0.474609 0.881250 0.480469
0 0.712500 0.425781 0.740625 0.423828 0.757812 0.494141 0.725000 0.500000
0 0.756250 0.386719 0.784375 0.378906 0.804688 0.457031 0.773438 0.460938
0 0.025000 0.152344 0.093750 0.154297 0.089063 0.193359 0.018750 0.191406
0 0.575000 0.173828 0.606250 0.167969 0.612500 0.232422 0.579688 0.236328
4 0.817187 0.423828 0.843750 0.416016 0.862500 0.476562 0.832812 0.488281
