0 0.753125 0.962891 0.789062 0.943359 0.818750 1.000000 0.785937 1.000000
0 0.709375 0.857422 0.743750 0.839844 0.776563 0.923828 0.743750 0.945312
0 0.665625 0.748047 0.698438 0.732422 0.729688 0.810547 0.696875 0.826172
0 0.628125 0.662109 0.657813 0.646484 0.687500 0.718750 0.656250 0.736328
0 0.593750 0.582031 0.625000 0.562500 0.651563 0.638672 0.620313 0.650391
0 0.571875 0.501953 0.601562 0.484375 0.628125 0.562500 0.595313 0.580078
0 0.542188 0.457031 0.570312 0.445312 0.596875 0.498047 0.567187 0.517578
0 0.523438 0.371094 0.556250 0.361328 0.571875 0.429688 0.540625 0.439453
0 0.525000 0.335938 0.585938 0.314453 0.589063 0.353516 0.529687 0.376953
0 0.507812 0.333984 0.553125 0.292969 0.571875 0.318359 0.526563 0.359375
0 0.515625 0.261719 0.546875 0.283203 0.510938 0.335938 0.484375 0.306641
0 0.500000 0.214844 0.532813 0.234375 0.506250 0.298828 0.471875 0.275391
0 0.631250 0.035156 0.659375 0.017578 0.684375 0.078125 0.654687 0.093750
0 0.328125 0.494141 0.359375 0.484375 0.384375 0.554688 0.351562 0.572266
0 0.304688 0.429688 0.331250 0.416016 0.359375 0.474609 0.335938 0.494141
0 0.287500 0.351562 0.317188 0.343750 0.332813 0.416016 0.303125 0.421875
0 0.284375 0.294922 0.312500 0.302734 0.304688 0.375000 0.273438 0.367188
0 0.237500 0.363281 0.265625 0.390625 0.228125 0.457031 0.196875 0.429688
0 0.214062 0.343750 0.237500 0.369141 0.204687 0.417969 0.178125 0.392578
0 0.248438 0.255859 0.279687 0.244141 0.296875 0.296875 0.268750 0.314453
0 0.232813 0.195312 0.259375 0.181641 0.278125 0.244141 0.251563 0.259766
0 0.460938 0.115234 0.492188 0.126953 0.465625 0.173828 0.440625 0.156250
0 0.135937 0.214844 0.193750 0.195312 0.201563 0.234375 0.139063 0.250000
0 0.212500 0.146484 0.237500 0.132812 0.254688 0.179688 0.229687 0.197266
0 0.117188 0.158203 0.157812 0.113281 0.178125 0.136719 0.135937 0.181641
0 0.220312 0.074219 0.250000 0.080078 0.237500 0.136719 0.204687 0.132812
0 0.185938 0.027344 0.214062 0.009766 0.237500 0.056641 0.214062 0.078125
0 0.087500 0.070312 0.131250 0.033203 0.148438 0.062500 0.103125 0.103516
0 0.065625 0.000000 0.132812 0.000000 0.126562 0.048828 0.059375 0.035156
0 0.376563 0.027344 0.410938 0.000000 0.440625 0.001953 0.398438 0.052734
0 0.390625 0.060547 0.437500 0.017578 0.454688 0.035156 0.406250 0.082031
0 0.410938 0.082031 0.443750 0.048828 0.464062 0.070312 0.426563 0.113281
0 0.462500 0.064453 0.490625 0.078125 0.460938 0.132812 0.432812 0.117188
4 0.389062 0.093750 0.415625 0.083984 0.432812 0.142578 0.406250 0.146484
0 0.357812 0.593750 0.387500 0.576172 0.410938 0.646484 0.382812 0.664062
0 0.382812 0.671875 0.414062 0.656250 0.437500 0.728516 0.404687 0.748047
0 0.410938 0.759766 0.440625 0.738281 0.460938 0.814453 0.432812 0.828125
0 0.439063 0.833984 0.473438 0.818359 0.495312 0.906250 0.462500 0.917969
0 0.456250 0.935547 0.495312 0.914062 0.523438 1.000000 0.487500 1.000000
