0 0.373437 0.296875 0.417187 0.349609 0.392188 0.369141 0.351562 0.328125
0 0.589063 0.832031 0.623437 0.830078 0.629687 0.917969 0.600000 0.921875
0 0.548438 0.886719 0.576562 0.880859 0.587500 0.953125 0.556250 0.957031
0 0.071875 0.791016 0.137500 0.740234 0.153125 0.777344 0.095312 0.820312
0 0.171875 0.972656 0.237500 0.917969 0.257812 0.947266 0.189062 0.996094
0 0.467187 0.273438 0.489063 0.251953 0.525000 0.302734 0.500000 0.318359
0 0.531250 0.505859 0.554688 0.486328 0.596875 0.535156 0.573438 0.554688
0 0.581250 0.566406 0.604688 0.542969 0.650000 0.597656 0.623437 0.619141
0 0.646875 0.625000 0.668750 0.599609 0.717187 0.658203 0.695312 0.679688
0 0.535937 0.628906 0.562500 0.611328 0.609375 0.660156 0.584375 0.685547
0 0.598437 0.699219 0.620313 0.673828 0.671875 0.730469 0.651563 0.753906
0 0.653125 0.779297 0.682813 0.783203 0.681250 0.851562 0.653125 0.849609
0 0.142187 0.060547 0.162500 0.044922 0.192188 0.083984 0.168750 0.097656
0 0.198437 1.000000 0.262500 0.958984 0.278125 0.992188 0.214062 1.000000
0 0.501563 0.250000 0.525000 0.232422 0.559375 0.283203 0.537500 0.302734
