4 0.000000 0.228516 0.026562 0.345703 0.001563 0.359375 0.000000 0.250000
0 0.929688 0.925781 0.968750 0.925781 0.975000 1.000000 0.939063 1.000000
0 0.868750 0.810547 0.900000 0.787109 0.954688 0.875000 0.917188 0.896484
0 0.954688 0.736328 1.000000 0.703125 1.000000 0.751953 0.968750 0.779297
0 0.912500 0.695312 0.985938 0.638672 1.000000 0.677734 0.935937 0.726562
0 0.876563 0.603516 0.953125 0.570312 0.970313 0.611328 0.889062 0.642578
0 0.850000 0.564453 0.903125 0.500000 0.931250 0.521484 0.884375 0.593750
0 0.807813 0.472656 0.876563 0.443359 0.889062 0.474609 0.818750 0.505859
0 0.737500 0.398438 0.807813 0.365234 0.825000 0.400391 0.751563 0.429688
0 0.746875 0.347656 0.803125 0.316406 0.821875 0.349609 0.764062 0.376953
0 0.720313 0.302734 0.787500 0.275391 0.803125 0.310547 0.732812 0.339844
0 0.696875 0.265625 0.764062 0.232422 0.779687 0.261719 0.717187 0.300781
0 0.671875 0.222656 0.725000 0.177734 0.753125 0.207031 0.696875 0.251953
0 0.643750 0.167969 0.718750 0.138672 0.737500 0.175781 0.659375 0.210938
0 0.615625 0.121094 0.687500 0.093750 0.704688 0.125000 0.634375 0.156250
0 0.600000 0.083984 0.665625 0.046875 0.684375 0.087891 0.614062 0.117188
0 0.329688 0.736328 0.356250 0.716797 0.407813 0.828125 0.373437 0.847656
0 0.184375 0.896484 0.209375 0.876953 0.243750 0.970703 0.212500 0.990234
0 0.062500 0.550781 0.089063 0.531250 0.123438 0.619141 0.087500 0.636719
2 0.668750 0.410156 0.715625 0.373047 0.865625 0.687500 0.809375 0.720703
2 0.514062 0.093750 0.559375 0.072266 0.689063 0.330078 0.643750 0.363281
2 0.084375 0.656250 0.126562 0.638672 0.192188 0.830078 0.151562 0.853516
