4 0.702344 0.011719 0.764531 0.011719 0.764687 0.065430 0.703891 0.069473
0 0.000000 0.949219 0.078125 0.945312 0.073438 0.988281 0.000000 0.982422
0 0.000000 0.898438 0.085938 0.898438 0.082812 0.933594 0.000000 0.933594
0 0.010937 0.849609 0.085938 0.851562 0.084375 0.888672 0.007812 0.886719
0 0.000000 0.800781 0.079687 0.796875 0.078125 0.832031 0.000000 0.837891
0 0.000000 0.757812 0.081250 0.751953 0.082812 0.792969 0.000000 0.792969
0 0.000000 0.705078 0.090625 0.699219 0.090625 0.740234 0.000000 0.746094
0 0.759375 0.636719 0.835938 0.636719 0.837500 0.673828 0.756250 0.673828
0 0.759375 0.587891 0.826562 0.587891 0.829688 0.621094 0.759375 0.623047
0 0.065625 0.046875 0.087500 0.050781 0.087500 0.117188 0.057813 0.113281
0 0.750000 0.443359 0.810937 0.464844 0.801562 0.500000 0.743750 0.480469
0 0.770312 0.431641 0.842187 0.433594 0.840625 0.464844 0.773438 0.455078
0 0.731250 0.359375 0.785937 0.355469 0.790625 0.386719 0.732812 0.388672
0 0.696875 0.220703 0.762500 0.210938 0.764062 0.250000 0.700000 0.255859
0 0.807813 0.212891 0.864062 0.210938 0.865625 0.246094 0.809375 0.251953
