0 0.146875 0.542969 0.239063 0.521484 0.248438 0.568359 0.150000 0.583984
0 0.667188 0.638672 0.704688 0.642578 0.693750 0.748047 0.654687 0.744141
0 0.718750 0.644531 0.756250 0.648438 0.754687 0.755859 0.710938 0.751953
0 0.871875 0.666016 0.915625 0.667969 0.914062 0.783203 0.870313 0.771484
0 0.940625 0.673828 0.984375 0.675781 0.982812 0.791016 0.935937 0.792969
0 0.812500 0.242188 0.896875 0.244141 0.904687 0.289062 0.812500 0.289062
0 0.189062 0.333984 0.265625 0.302734 0.279687 0.343750 0.201563 0.369141
4 0.179688 0.380859 0.253125 0.357422 0.267188 0.398438 0.189062 0.419922
0 0.154688 0.492188 0.246875 0.472656 0.259375 0.517578 0.162500 0.539062
0 0.614062 0.630859 0.651563 0.634766 0.640625 0.740234 0.601562 0.736328
0 0.526563 0.621094 0.564063 0.625000 0.553125 0.730469 0.514062 0.726562
0 0.473438 0.615234 0.510938 0.619141 0.500000 0.724609 0.460938 0.720703
0 0.028125 0.589844 0.067187 0.597656 0.056250 0.683594 0.009375 0.683594
0 0.084375 0.597656 0.123438 0.605469 0.112500 0.691406 0.065625 0.691406
0 0.126562 0.630859 0.160938 0.632812 0.156250 0.705078 0.117188 0.699219
0 0.170313 0.630859 0.204687 0.632812 0.200000 0.705078 0.160938 0.699219
0 0.220312 0.630859 0.254688 0.632812 0.250000 0.705078 0.210938 0.699219
