0 0.885938 0.351562 0.975000 0.398438 0.957812 0.443359 0.868750 0.394531
0 0.903125 0.208984 0.995313 0.261719 0.979688 0.306641 0.885938 0.253906
0 0.873437 0.257812 0.957812 0.294922 0.942187 0.341797 0.857812 0.298828
0 0.698438 0.240234 0.781250 0.291016 0.760938 0.330078 0.681250 0.273438
0 0.801562 0.375000 0.890625 0.414062 0.881250 0.453125 0.785937 0.417969
0 0.809375 0.498047 0.848437 0.517578 0.806250 0.625000 0.767188 0.603516
0 0.853125 0.535156 0.889062 0.556641 0.848437 0.658203 0.810937 0.634766
0 0.659375 0.732422 0.696875 0.753906 0.657813 0.845703 0.618750 0.822266
0 0.673438 0.841797 0.709375 0.865234 0.662500 0.976562 0.625000 0.955078
0 0.728125 0.781250 0.762500 0.769531 0.793750 0.869141 0.753125 0.884766
