0 0.156250 0.343750 0.200000 0.367188 0.156250 0.480469 0.112500 0.458984
0 0.535937 0.541016 0.646875 0.576172 0.640625 0.632812 0.528125 0.597656
0 0.359375 0.736328 0.470313 0.744141 0.468750 0.808594 0.359375 0.802734
0 0.376563 0.814453 0.487500 0.851562 0.478125 0.914062 0.360938 0.878906
0 0.378125 0.919922 0.478125 0.947266 0.465625 1.000000 0.362500 0.980469
0 0.050000 0.902344 0.096875 0.933594 0.050000 1.000000 0.004687 1.000000
0 0.148438 0.748047 0.187500 0.779297 0.129688 0.906250 0.089063 0.873047
0 0.373437 0.566406 0.412500 0.564453 0.418750 0.691406 0.378125 0.693359
0 0.067187 0.580078 0.165625 0.644531 0.148438 0.697266 0.039062 0.634766
0 0.107813 0.480469 0.201563 0.542969 0.179688 0.599609 0.085938 0.537109
0 0.093750 0.330078 0.132812 0.353516 0.092188 0.453125 0.050000 0.433594
0 0.045312 0.283203 0.082812 0.314453 0.021875 0.417969 0.000000 0.373047
0 0.154688 0.117188 0.203125 0.103516 0.218750 0.218750 0.165625 0.236328
0 0.250000 0.072266 0.300000 0.093750 0.265625 0.208984 0.218750 0.191406
