0 0.484375 0.062500 0.537500 0.037109 0.556250 0.058594 0.500000 0.083984
0 0.795312 0.113281 0.817187 0.105469 0.851562 0.146484 0.829688 0.156250
0 0.325000 0.638672 0.354687 0.628906 0.379688 0.695312 0.346875 0.707031
0 0.375000 0.623047 0.403125 0.621094 0.404687 0.695312 0.375000 0.695312
0 0.446875 0.603516 0.478125 0.609375 0.464062 0.669922 0.439063 0.660156
0 0.698438 0.101562 0.743750 0.080078 0.762500 0.101562 0.710938 0.123047
4 0.443750 0.673828 0.496875 0.642578 0.517188 0.673828 0.460938 0.707031
0 0.453125 0.720703 0.504687 0.689453 0.521875 0.720703 0.467187 0.748047
0 0.428125 0.796875 0.457813 0.783203 0.493750 0.851562 0.464062 0.869141
4 0.262500 0.785156 0.318750 0.759766 0.335938 0.791016 0.278125 0.818359
0 0.228125 0.751953 0.293750 0.722656 0.312500 0.750000 0.245312 0.781250
0 0.253125 0.851562 0.320312 0.818359 0.339062 0.851562 0.270313 0.886719
0 0.309375 0.916016 0.378125 0.880859 0.392188 0.904297 0.328125 0.949219
0 0.475000 0.880859 0.503125 0.867188 0.542188 0.935547 0.514062 0.951172
0 0.640625 0.937500 0.665625 0.919922 0.709375 0.996094 0.681250 1.000000
0 0.689063 0.914062 0.717187 0.898438 0.764062 0.976562 0.731250 0.994141
0 0.726562 0.904297 0.756250 0.890625 0.800000 0.970703 0.771875 0.986328
0 0.770312 0.882812 0.796875 0.873047 0.831250 0.947266 0.804688 0.958984
0 0.807813 0.857422 0.834375 0.843750 0.871875 0.910156 0.843750 0.927734
0 0.878125 0.802734 0.907813 0.787109 0.948438 0.857422 0.915625 0.873047
0 0.323437 0.964844 0.392188 0.929688 0.406250 0.953125 0.342187 0.998047
0 0.503125 0.083984 0.559375 0.060547 0.575000 0.080078 0.517188 0.105469
0 0.475000 0.039062 0.526563 0.019531 0.543750 0.041016 0.487500 0.062500
