0 0.360938 0.789062 0.439063 0.787109 0.442188 0.833984 0.362500 0.832031
0 0.160938 0.722656 0.243750 0.730469 0.243750 0.775391 0.160938 0.779297
0 0.142187 0.794922 0.237500 0.800781 0.234375 0.851562 0.140625 0.851562
0 0.878125 0.115234 0.970313 0.140625 0.962500 0.193359 0.868750 0.166016
4 0.460938 0.445312 0.535937 0.445312 0.535937 0.490234 0.467187 0.484375
0 0.164062 0.886719 0.257812 0.888672 0.257812 0.941406 0.162500 0.941406
0 0.162500 0.964844 0.256250 0.962891 0.254688 1.000000 0.160938 1.000000
0 0.353125 0.843750 0.434375 0.841797 0.435937 0.890625 0.353125 0.894531
0 0.879687 0.341797 0.964063 0.371094 0.951562 0.417969 0.870313 0.386719
0 0.864062 0.232422 0.954688 0.240234 0.950000 0.294922 0.864062 0.285156
0 0.751563 0.306641 0.789062 0.298828 0.803125 0.404297 0.756250 0.410156
0 0.621875 0.054688 0.709375 0.048828 0.710938 0.101562 0.621875 0.105469
0 0.746875 0.005859 0.781250 0.000000 0.781250 0.097656 0.745313 0.097656
4 0.651563 0.966797 0.754687 0.955078 0.756250 1.000000 0.654687 1.000000
0 0.660937 0.355469 0.740625 0.353516 0.742188 0.400391 0.664062 0.398438
0 0.656250 0.523438 0.734375 0.566406 0.718750 0.611328 0.640625 0.568359
0 0.462500 0.287109 0.551562 0.291016 0.554688 0.333984 0.465625 0.328125
0 0.364063 0.140625 0.451562 0.144531 0.451562 0.189453 0.367188 0.189453
0 0.354687 0.656250 0.446875 0.650391 0.450000 0.691406 0.359375 0.699219
0 0.457813 0.658203 0.537500 0.656250 0.543750 0.707031 0.456250 0.708984
