0 0.095312 0.171875 0.125000 0.167969 0.115625 0.214844 0.090625 0.224609
0 0.057813 0.167969 0.084375 0.169922 0.075000 0.220703 0.053125 0.224609
0 0.214062 0.318359 0.235937 0.322266 0.228125 0.384766 0.196875 0.382812
0 0.178125 0.306641 0.210938 0.314453 0.200000 0.361328 0.173437 0.363281
0 0.146875 0.302734 0.168750 0.306641 0.165625 0.361328 0.137500 0.357422
0 0.106250 0.302734 0.132812 0.304688 0.125000 0.365234 0.090625 0.359375
0 0.056250 0.316406 0.089063 0.314453 0.076563 0.367188 0.046875 0.373047
0 0.021875 0.314453 0.051562 0.314453 0.032813 0.369141 0.009375 0.367188
0 0.134375 0.173828 0.154688 0.173828 0.153125 0.218750 0.125000 0.220703
0 0.518750 0.322266 0.545312 0.322266 0.546875 0.376953 0.525000 0.378906
0 0.478125 0.324219 0.504687 0.318359 0.518750 0.361328 0.493750 0.365234
0 0.450000 0.302734 0.471875 0.302734 0.475000 0.353516 0.448437 0.349609
0 0.485938 0.275391 0.543750 0.269531 0.543750 0.308594 0.481250 0.306641
0 0.453125 0.214844 0.482812 0.214844 0.479687 0.267578 0.453125 0.265625
0 0.465625 0.154297 0.487500 0.154297 0.484375 0.210938 0.457813 0.212891
4 0.368750 0.281250 0.406250 0.279297 0.412500 0.349609 0.378125 0.349609
0 0.271875 0.169922 0.306250 0.169922 0.304688 0.232422 0.271875 0.232422
0 0.239063 0.175781 0.257812 0.181641 0.250000 0.234375 0.223438 0.230469
0 0.203125 0.171875 0.228125 0.171875 0.220312 0.232422 0.195312 0.232422
0 0.245312 0.306641 0.270313 0.310547 0.267188 0.367188 0.235937 0.371094
0 0.165625 0.173828 0.195312 0.173828 0.190625 0.222656 0.160938 0.220703
0 0.556250 0.328125 0.579688 0.326172 0.590625 0.382812 0.562500 0.384766
0 0.595313 0.337891 0.614062 0.335938 0.629687 0.392578 0.603125 0.392578
0 0.628125 0.343750 0.646875 0.337891 0.665625 0.388672 0.640625 0.394531
0 0.664062 0.333984 0.687500 0.326172 0.715625 0.384766 0.692187 0.398438
0 0.710938 0.328125 0.735938 0.326172 0.751563 0.396484 0.726562 0.400391
0 0.790625 0.365234 0.817187 0.355469 0.854688 0.398438 0.828125 0.419922
0 0.843750 0.375000 0.865625 0.361328 0.903125 0.406250 0.873437 0.419922
0 0.896875 0.371094 0.915625 0.357422 0.950000 0.398438 0.931250 0.416016
0 0.945312 0.375000 0.964063 0.367188 1.000000 0.408203 0.982812 0.427734
0 0.835938 0.000000 0.859375 0.000000 0.865625 0.029297 0.834375 0.035156
0 0.912500 0.000000 0.937500 0.000000 0.937500 0.039062 0.912500 0.029297
