0 0.757812 0.603516 0.829688 0.593750 0.832812 0.636719 0.764062 0.644531
0 0.082812 0.054688 0.100000 0.058594 0.096875 0.115234 0.071875 0.111328
0 0.128125 0.210938 0.160938 0.214844 0.151562 0.273438 0.117188 0.273438
0 0.118750 0.300781 0.145313 0.300781 0.145313 0.375000 0.114062 0.378906
0 0.598437 0.289062 0.632812 0.287109 0.639062 0.359375 0.601562 0.361328
0 0.593750 0.193359 0.620313 0.191406 0.626563 0.257812 0.596875 0.255859
0 0.707812 0.259766 0.776563 0.257812 0.773438 0.296875 0.710938 0.300781
0 0.700000 0.222656 0.775000 0.218750 0.778125 0.255859 0.700000 0.255859
0 0.698438 0.191406 0.768750 0.185547 0.770312 0.220703 0.698438 0.220703
0 0.701562 0.162109 0.757812 0.160156 0.756250 0.191406 0.700000 0.191406
0 0.703125 0.132812 0.759375 0.136719 0.757812 0.167969 0.700000 0.167969
0 0.710938 0.070312 0.776563 0.070312 0.776563 0.113281 0.710938 0.117188
0 0.664062 0.000000 0.695312 0.000000 0.698438 0.037109 0.662500 0.037109
0 0.581250 0.007812 0.606250 0.003906 0.612500 0.060547 0.582812 0.062500
0 0.576562 0.064453 0.607812 0.060547 0.610938 0.115234 0.578125 0.117188
1 0.579688 0.115234 0.614062 0.117188 0.614062 0.187500 0.582812 0.187500
0 0.712500 0.343750 0.787500 0.355469 0.784375 0.402344 0.707812 0.392578
0 0.739062 0.460938 0.814063 0.462891 0.815625 0.496094 0.740625 0.498047
0 0.745313 0.496094 0.817187 0.500000 0.820312 0.527344 0.745313 0.527344
0 0.750000 0.558594 0.829688 0.554688 0.831250 0.595703 0.750000 0.601562
0 0.457813 0.398438 0.526563 0.398438 0.525000 0.435547 0.459375 0.441406
0 0.567187 0.441406 0.642188 0.441406 0.643750 0.478516 0.570312 0.488281
0 0.617188 0.511719 0.651563 0.511719 0.657813 0.574219 0.618750 0.576172
0 0.623437 0.593750 0.657813 0.589844 0.660937 0.673828 0.626563 0.675781
0 0.668750 0.646484 0.706250 0.646484 0.707812 0.734375 0.670312 0.734375
0 0.640625 0.699219 0.671875 0.730469 0.621875 0.798828 0.587500 0.765625
0 0.757812 0.691406 0.832812 0.687500 0.834375 0.730469 0.764062 0.734375
0 0.768750 0.722656 0.843750 0.750000 0.832812 0.792969 0.754687 0.765625
0 0.710938 0.714844 0.754687 0.714844 0.767188 0.802734 0.721875 0.810547
0 0.764062 0.808594 0.843750 0.798828 0.850000 0.841797 0.767188 0.853516
0 0.915625 0.800781 0.950000 0.796875 0.957812 0.882812 0.923438 0.886719
0 0.760938 0.869141 0.851562 0.843750 0.862500 0.886719 0.778125 0.910156
4 0.976562 0.787109 1.000000 0.791016 1.000000 0.888672 0.970313 0.884766
4 0.867188 0.808594 0.898438 0.804688 0.906250 0.882812 0.876563 0.886719
4 0.101562 0.785156 0.170313 0.792969 0.173437 0.843750 0.101562 0.839844
0 0.632812 0.794922 0.668750 0.792969 0.673438 0.886719 0.637500 0.888672
0 0.531250 0.857422 0.617188 0.878906 0.606250 0.925781 0.520312 0.904297
0 0.410938 0.910156 0.453125 0.910156 0.456250 1.000000 0.410938 1.000000
0 0.296875 0.949219 0.329688 0.951172 0.328125 1.000000 0.292187 1.000000
0 0.125000 0.953125 0.164062 0.953125 0.157812 1.000000 0.123438 1.000000
0 0.070312 0.947266 0.101562 0.945312 0.101562 1.000000 0.067187 1.000000
0 0.001563 0.945312 0.031250 0.945312 0.025000 1.000000 0.000000 1.000000
