0 0.407813 0.037109 0.475000 0.046875 0.475000 0.083984 0.401562 0.076172
0 0.334375 0.101562 0.403125 0.111328 0.398438 0.152344 0.325000 0.138672
0 0.292187 0.136719 0.365625 0.158203 0.360938 0.189453 0.285938 0.169922
0 0.235937 0.173828 0.307812 0.175781 0.307812 0.212891 0.234375 0.208984
0 0.176563 0.210938 0.260937 0.216797 0.259375 0.259766 0.173437 0.253906
4 0.118750 0.238281 0.218750 0.246094 0.209375 0.287109 0.115625 0.279297
1 0.034375 0.281250 0.146875 0.281250 0.146875 0.333984 0.034375 0.341797
0 0.000000 0.347656 0.060937 0.363281 0.056250 0.406250 0.000000 0.388672
0 0.943750 0.851562 1.000000 0.917969 0.998437 0.955078 0.925000 0.888672
0 0.851562 0.597656 0.881250 0.564453 0.939063 0.650391 0.904687 0.675781
0 0.828125 0.609375 0.889062 0.671875 0.865625 0.707031 0.809375 0.644531
0 0.792188 0.656250 0.851562 0.714844 0.834375 0.755859 0.768750 0.697266
0 0.650000 0.763672 0.717187 0.843750 0.685937 0.878906 0.625000 0.804688
