0 0.503125 0.658203 0.587500 0.623047 0.603125 0.667969 0.518750 0.705078
0 0.035937 0.988281 0.146875 0.951172 0.156250 1.000000 0.042188 1.000000
0 0.000000 0.535156 0.056250 0.505859 0.068750 0.558594 0.000000 0.595703
0 0.000000 0.628906 0.092188 0.599609 0.104688 0.652344 0.000000 0.689453
0 0.032813 0.812500 0.140625 0.783203 0.153125 0.835938 0.045312 0.873047
0 0.296875 0.943359 0.395313 0.912109 0.412500 0.957031 0.314063 0.994141
0 0.279687 0.888672 0.378125 0.857422 0.395313 0.902344 0.296875 0.939453
0 0.275000 0.828125 0.367188 0.800781 0.384375 0.845703 0.285938 0.882812
0 0.246875 0.781250 0.339062 0.753906 0.356250 0.798828 0.257812 0.835938
0 0.225000 0.736328 0.317188 0.708984 0.331250 0.746094 0.234375 0.775391
0 0.214062 0.691406 0.306250 0.664062 0.320312 0.701172 0.223438 0.730469
0 0.206250 0.642578 0.296875 0.619141 0.310937 0.656250 0.215625 0.683594
0 0.182812 0.593750 0.273438 0.570312 0.287500 0.607422 0.192188 0.634766
0 0.165625 0.550781 0.256250 0.527344 0.270313 0.564453 0.175000 0.591797
0 0.159375 0.507812 0.243750 0.488281 0.254688 0.527344 0.168750 0.548828
0 0.146875 0.464844 0.231250 0.445312 0.242188 0.484375 0.156250 0.505859
0 0.132812 0.427734 0.217188 0.408203 0.228125 0.447266 0.142187 0.468750
0 0.093750 0.308594 0.178125 0.289062 0.189062 0.328125 0.103125 0.349609
0 0.071875 0.240234 0.156250 0.220703 0.167187 0.259766 0.081250 0.281250
0 0.057813 0.203125 0.140625 0.183594 0.150000 0.214844 0.062500 0.236328
0 0.048438 0.158203 0.135937 0.144531 0.140625 0.177734 0.059375 0.195312
0 0.028125 0.087891 0.117188 0.072266 0.126562 0.115234 0.040625 0.132812
0 0.010937 0.052734 0.100000 0.037109 0.109375 0.070312 0.021875 0.085938
0 0.000000 0.021484 0.081250 0.001953 0.090625 0.039062 0.003125 0.052734
0 0.168750 0.025391 0.246875 0.000000 0.254688 0.031250 0.178125 0.056641
0 0.182812 0.060547 0.260937 0.033203 0.268750 0.066406 0.192188 0.091797
0 0.198437 0.097656 0.276562 0.068359 0.284375 0.101562 0.207813 0.126953
0 0.237500 0.275391 0.320312 0.240234 0.332813 0.273438 0.251563 0.308594
0 0.250000 0.320312 0.332813 0.285156 0.345313 0.318359 0.264062 0.353516
0 0.204687 0.128906 0.289062 0.101562 0.300000 0.142578 0.220312 0.169922
0 0.270313 0.357422 0.353125 0.322266 0.365625 0.355469 0.284375 0.390625
0 0.300000 0.425781 0.382812 0.390625 0.395313 0.423828 0.310937 0.466797
0 0.315625 0.464844 0.398438 0.429688 0.410938 0.462891 0.326562 0.505859
0 0.334375 0.500000 0.407813 0.464844 0.420312 0.500000 0.345313 0.541016
0 0.345313 0.542969 0.425000 0.505859 0.442188 0.552734 0.360938 0.589844
0 0.376563 0.625000 0.462500 0.587891 0.479687 0.634766 0.389062 0.673828
0 0.414062 0.710938 0.500000 0.673828 0.517188 0.720703 0.426563 0.759766
0 0.276562 0.068359 0.356250 0.037109 0.373437 0.078125 0.290625 0.107422
0 0.251563 0.005859 0.331250 0.000000 0.348438 0.015625 0.265625 0.044922
0 0.295312 0.103516 0.375000 0.072266 0.392188 0.113281 0.309375 0.142578
0 0.310937 0.144531 0.390625 0.113281 0.407813 0.154297 0.325000 0.183594
0 0.329688 0.230469 0.409375 0.199219 0.426563 0.240234 0.343750 0.269531
0 0.343750 0.265625 0.423438 0.234375 0.440625 0.275391 0.357812 0.304688
0 0.357812 0.298828 0.437500 0.267578 0.454688 0.308594 0.371875 0.337891
0 0.373437 0.333984 0.453125 0.302734 0.470313 0.343750 0.387500 0.373047
0 0.387500 0.373047 0.467187 0.341797 0.484375 0.382812 0.401562 0.412109
0 0.403125 0.410156 0.482812 0.378906 0.500000 0.419922 0.417187 0.449219
0 0.418750 0.447266 0.498437 0.416016 0.515625 0.457031 0.432812 0.486328
0 0.437500 0.490234 0.517188 0.458984 0.534375 0.500000 0.451562 0.529297
0 0.456250 0.527344 0.535937 0.496094 0.553125 0.537109 0.470313 0.566406
0 0.468750 0.572266 0.553125 0.537109 0.568750 0.582031 0.484375 0.619141
0 0.487500 0.615234 0.571875 0.580078 0.587500 0.625000 0.503125 0.662109
0 0.529687 0.705078 0.614062 0.669922 0.629687 0.714844 0.545312 0.751953
0 0.548438 0.751953 0.634375 0.720703 0.651563 0.767578 0.567187 0.804688
0 0.500000 0.964844 0.595313 0.919922 0.612500 0.966797 0.517188 1.000000
0 0.484375 0.910156 0.579688 0.865234 0.596875 0.912109 0.501563 0.949219
0 0.590625 0.857422 0.681250 0.818359 0.706250 0.869141 0.609375 0.910156
0 0.650000 0.693359 0.684375 0.677734 0.729688 0.769531 0.687500 0.787109
0 0.601562 0.601562 0.635938 0.585938 0.681250 0.677734 0.648438 0.697266
0 0.479687 0.060547 0.545312 0.033203 0.567187 0.074219 0.492188 0.103516
0 0.903125 0.306641 0.987500 0.271484 1.000000 0.304688 0.925000 0.343750
0 0.873437 0.250000 0.945312 0.214844 0.968750 0.255859 0.895312 0.287109
0 0.776563 0.109375 0.850000 0.082031 0.870313 0.121094 0.801562 0.150391
0 0.759375 0.265625 0.840625 0.271484 0.843750 0.312500 0.762500 0.312500
0 0.742188 0.230469 0.823438 0.236328 0.826562 0.277344 0.745313 0.277344
0 0.721875 0.193359 0.803125 0.199219 0.809375 0.228516 0.720313 0.226562
0 0.659375 0.265625 0.689063 0.283203 0.651563 0.351562 0.618750 0.330078
0 0.592187 0.146484 0.623437 0.158203 0.600000 0.230469 0.564063 0.218750
0 0.689063 0.314453 0.718750 0.332031 0.681250 0.400391 0.648438 0.378906
0 0.714063 0.359375 0.743750 0.376953 0.706250 0.445312 0.673438 0.423828
0 0.748437 0.400391 0.779687 0.429688 0.734375 0.494141 0.695312 0.474609
0 0.804688 0.501953 0.835938 0.529297 0.796875 0.601562 0.757812 0.582031
0 0.489063 0.238281 0.567187 0.207031 0.579688 0.244141 0.507812 0.277344
0 0.531250 0.339844 0.615625 0.302734 0.632812 0.337891 0.550000 0.378906
0 0.546875 0.376953 0.631250 0.339844 0.648438 0.375000 0.565625 0.416016
0 0.560937 0.416016 0.651563 0.378906 0.667188 0.416016 0.579688 0.455078
0 0.584375 0.455078 0.675000 0.417969 0.690625 0.455078 0.603125 0.494141
0 0.606250 0.490234 0.696875 0.453125 0.712500 0.490234 0.625000 0.529297
0 0.625000 0.531250 0.715625 0.494141 0.731250 0.531250 0.643750 0.570312
0 0.646875 0.572266 0.737500 0.535156 0.757812 0.582031 0.665625 0.611328
0 0.690625 0.656250 0.785937 0.615234 0.804688 0.656250 0.709375 0.695312
0 0.709375 0.699219 0.804688 0.658203 0.823438 0.699219 0.728125 0.738281
0 0.734375 0.746094 0.829688 0.705078 0.848437 0.746094 0.753125 0.785156
0 0.756250 0.796875 0.856250 0.753906 0.876563 0.794922 0.775000 0.835938
0 0.782813 0.843750 0.882812 0.800781 0.901563 0.847656 0.806250 0.892578
0 0.835938 0.955078 0.940625 0.900391 0.964063 0.953125 0.859375 1.000000
0 0.117188 0.386719 0.201563 0.367188 0.212500 0.406250 0.126562 0.427734
