0 0.482812 0.095703 0.567187 0.087891 0.570312 0.130859 0.484375 0.138672
0 0.475000 0.000000 0.506250 0.000000 0.475000 0.093750 0.440625 0.082031
0 0.540625 0.000000 0.567187 0.011719 0.521875 0.083984 0.496875 0.058594
0 0.503125 0.160156 0.560937 0.160156 0.562500 0.197266 0.504687 0.203125
0 0.489063 0.216797 0.575000 0.214844 0.575000 0.259766 0.490625 0.259766
0 0.487500 0.281250 0.567187 0.277344 0.565625 0.316406 0.489063 0.324219
0 0.492188 0.335938 0.571875 0.332031 0.570312 0.371094 0.493750 0.378906
0 0.490625 0.480469 0.579688 0.486328 0.578125 0.533203 0.492188 0.529297
0 0.487500 0.580078 0.570312 0.576172 0.571875 0.617188 0.489063 0.628906
0 0.492188 0.634766 0.565625 0.626953 0.570312 0.673828 0.493750 0.683594
0 0.484375 0.699219 0.575000 0.687500 0.578125 0.734375 0.485938 0.748047
0 0.492188 0.759766 0.576562 0.759766 0.576562 0.806641 0.492188 0.802734
0 0.492188 0.841797 0.584375 0.833984 0.587500 0.884766 0.492188 0.884766
0 0.489063 0.912109 0.567187 0.908203 0.570312 0.955078 0.489063 0.955078
0 0.701562 0.052734 0.732812 0.072266 0.687500 0.156250 0.656250 0.136719
0 0.657813 0.250000 0.692187 0.248047 0.703125 0.345703 0.662500 0.347656
0 0.687500 0.363281 0.718750 0.369141 0.695312 0.482422 0.657813 0.462891
0 0.709375 0.625000 0.742188 0.644531 0.703125 0.738281 0.670312 0.724609
