0 0.018750 0.544922 0.096875 0.582031 0.082812 0.619141 0.004687 0.574219
0 0.043750 0.480469 0.117188 0.521484 0.101562 0.560547 0.026562 0.517578
0 0.064062 0.419922 0.142187 0.462891 0.126562 0.501953 0.048438 0.457031
0 0.085938 0.361328 0.159375 0.404297 0.143750 0.439453 0.071875 0.398438
0 0.203125 0.580078 0.231250 0.595703 0.196875 0.701172 0.165625 0.685547
0 0.239063 0.478516 0.270313 0.496094 0.234375 0.589844 0.210938 0.564453
0 0.292187 0.496094 0.320312 0.515625 0.282813 0.605469 0.253125 0.585938
0 0.253125 0.599609 0.284375 0.621094 0.243750 0.730469 0.210938 0.708984
0 0.339062 0.517578 0.371875 0.535156 0.332813 0.634766 0.306250 0.613281
0 0.304688 0.628906 0.337500 0.642578 0.290625 0.751953 0.262500 0.732422
0 0.385937 0.542969 0.420312 0.558594 0.382812 0.658203 0.354687 0.636719
0 0.356250 0.646484 0.385937 0.667969 0.346875 0.769531 0.309375 0.750000
0 0.398438 0.673828 0.429688 0.691406 0.390625 0.798828 0.359375 0.779297
0 0.440625 0.562500 0.465625 0.582031 0.432812 0.673828 0.406250 0.650391
0 0.168750 0.128906 0.243750 0.166016 0.226562 0.212891 0.154688 0.166016
0 0.139063 0.191406 0.218750 0.230469 0.206250 0.263672 0.126562 0.226562
0 0.301563 0.292969 0.332813 0.312500 0.298438 0.404297 0.268750 0.384766
0 0.456250 0.144531 0.484375 0.164062 0.453125 0.253906 0.425000 0.234375
0 0.510938 0.169922 0.540625 0.185547 0.507812 0.283203 0.476562 0.267578
0 0.353125 0.316406 0.382812 0.337891 0.340625 0.429688 0.312500 0.406250
0 0.401562 0.337891 0.431250 0.357422 0.392188 0.455078 0.364063 0.435547
0 0.450000 0.359375 0.473438 0.378906 0.439063 0.478516 0.409375 0.462891
0 0.559375 0.191406 0.584375 0.207031 0.550000 0.306641 0.526563 0.285156
0 0.495312 0.392578 0.525000 0.406250 0.485938 0.501953 0.462500 0.482422
0 0.543750 0.412109 0.571875 0.427734 0.542188 0.519531 0.510938 0.505859
0 0.601562 0.212891 0.631250 0.228516 0.601562 0.322266 0.568750 0.308594
0 0.651563 0.234375 0.681250 0.251953 0.645312 0.349609 0.617188 0.330078
0 0.703125 0.257812 0.728125 0.277344 0.690625 0.378906 0.664062 0.355469
0 0.753125 0.279297 0.784375 0.300781 0.743750 0.402344 0.712500 0.373047
0 0.589063 0.429688 0.620313 0.451172 0.587500 0.550781 0.550000 0.527344
0 0.637500 0.445312 0.673438 0.468750 0.629687 0.580078 0.603125 0.552734
0 0.687500 0.482422 0.718750 0.500000 0.673438 0.603516 0.648438 0.582031
0 0.734375 0.498047 0.767188 0.517578 0.729688 0.619141 0.698438 0.601562
0 0.484375 0.583984 0.510938 0.607422 0.473438 0.697266 0.451562 0.671875
0 0.532813 0.607422 0.570312 0.628906 0.532813 0.720703 0.500000 0.707031
0 0.578125 0.634766 0.606250 0.654297 0.571875 0.751953 0.545312 0.730469
0 0.446875 0.697266 0.478125 0.707031 0.446875 0.820312 0.410938 0.804688
0 0.504687 0.724609 0.531250 0.738281 0.487500 0.855469 0.462500 0.833984
0 0.548438 0.742188 0.576562 0.761719 0.539062 0.869141 0.512500 0.849609
0 0.632812 0.660156 0.664062 0.677734 0.626563 0.773438 0.601562 0.763672
0 0.684375 0.681641 0.715625 0.699219 0.681250 0.794922 0.650000 0.773438
0 0.596875 0.767578 0.631250 0.781250 0.589063 0.894531 0.559375 0.873047
0 0.648438 0.785156 0.682813 0.800781 0.635938 0.916016 0.609375 0.902344
0 0.562500 0.000000 0.593750 0.000000 0.560937 0.056641 0.534375 0.037109
0 0.604688 0.000000 0.639062 0.000000 0.603125 0.078125 0.581250 0.060547
0 0.659375 0.000000 0.693750 0.005859 0.653125 0.103516 0.626563 0.087891
0 0.701562 0.025391 0.732812 0.035156 0.700000 0.134766 0.668750 0.119141
0 0.753125 0.037109 0.784375 0.050781 0.757812 0.144531 0.728125 0.132812
0 0.804688 0.058594 0.835938 0.082031 0.792188 0.171875 0.764062 0.152344
0 0.846875 0.085938 0.881250 0.097656 0.848437 0.203125 0.820312 0.181641
0 0.903125 0.103516 0.935937 0.123047 0.890625 0.224609 0.868750 0.205078
0 0.160938 0.794922 0.192188 0.814453 0.160938 0.904297 0.131250 0.892578
0 0.218750 0.818359 0.246875 0.837891 0.207813 0.931641 0.178125 0.912109
0 0.257812 0.837891 0.290625 0.859375 0.246875 0.960938 0.225000 0.941406
0 0.301563 0.863281 0.335938 0.876953 0.296875 0.980469 0.273438 0.964844
0 0.353125 0.884766 0.382812 0.902344 0.346875 1.000000 0.320312 0.988281
0 0.446875 0.935547 0.479687 0.951172 0.445312 1.000000 0.418750 1.000000
0 0.496875 0.957031 0.528125 0.974609 0.500000 1.000000 0.462500 1.000000
