0 0.501563 0.548828 0.575000 0.505859 0.590625 0.541016 0.515625 0.580078
0 0.623437 0.974609 0.643750 0.951172 0.701562 1.000000 0.676562 1.000000
0 0.653125 0.902344 0.739062 0.900391 0.740625 0.941406 0.653125 0.945312
0 0.614062 0.863281 0.693750 0.822266 0.707812 0.857422 0.625000 0.896484
0 0.598437 0.800781 0.673438 0.769531 0.681250 0.804688 0.612500 0.839844
0 0.582812 0.751953 0.645312 0.714844 0.659375 0.748047 0.593750 0.783203
0 0.540625 0.640625 0.623437 0.642578 0.621875 0.685547 0.537500 0.683594
0 0.512500 0.591797 0.593750 0.564453 0.604688 0.607422 0.520312 0.626953
0 0.471875 0.791016 0.496875 0.814453 0.446875 0.902344 0.425000 0.880859
0 0.453125 0.740234 0.478125 0.763672 0.428125 0.822266 0.410938 0.800781
0 0.390625 0.736328 0.448437 0.705078 0.457813 0.732422 0.398438 0.761719
0 0.354687 0.693359 0.410938 0.630859 0.432812 0.662109 0.376563 0.726562
0 0.309375 0.552734 0.385937 0.527344 0.393750 0.556641 0.317188 0.589844
0 0.475000 0.500000 0.534375 0.472656 0.543750 0.505859 0.485938 0.535156
0 0.456250 0.447266 0.528125 0.410156 0.540625 0.443359 0.467187 0.480469
0 0.296875 0.498047 0.360938 0.462891 0.371875 0.500000 0.314063 0.531250
4 0.432812 0.300781 0.509375 0.257812 0.521875 0.296875 0.442188 0.337891
0 0.410938 0.273438 0.482812 0.236328 0.492188 0.265625 0.418750 0.302734
0 0.407813 0.195312 0.482812 0.179688 0.487500 0.218750 0.407813 0.228516
0 0.476562 0.115234 0.539062 0.082031 0.559375 0.121094 0.490625 0.148438
0 0.157812 0.000000 0.189062 0.000000 0.200000 0.072266 0.167187 0.076172
0 0.103125 0.335938 0.126562 0.357422 0.078125 0.425781 0.054688 0.410156
0 0.243750 0.347656 0.317188 0.304688 0.329688 0.333984 0.251563 0.378906
0 0.271875 0.414062 0.320312 0.363281 0.334375 0.386719 0.289062 0.431641
