0 0.365625 0.205078 0.432812 0.197266 0.434375 0.232422 0.370312 0.238281
0 0.353125 0.240234 0.432812 0.238281 0.431250 0.271484 0.357812 0.275391
0 0.357812 0.451172 0.448437 0.449219 0.450000 0.488281 0.359375 0.494141
0 0.553125 0.353516 0.629687 0.355469 0.631250 0.400391 0.565625 0.402344
0 0.554688 0.312500 0.625000 0.316406 0.625000 0.351562 0.553125 0.351562
0 0.534375 0.181641 0.617188 0.162109 0.623437 0.207031 0.539062 0.218750
0 0.531250 0.134766 0.610938 0.123047 0.614062 0.158203 0.539062 0.173828
0 0.353125 0.128906 0.414062 0.109375 0.425000 0.140625 0.362500 0.166016
0 0.356250 0.093750 0.421875 0.089844 0.420312 0.123047 0.356250 0.121094
0 0.354687 0.064453 0.415625 0.060547 0.410938 0.087891 0.354687 0.083984
0 0.350000 0.029297 0.417187 0.029297 0.417187 0.058594 0.351562 0.062500
0 0.370312 0.406250 0.450000 0.404297 0.450000 0.439453 0.371875 0.439453
0 0.356250 0.345703 0.439063 0.343750 0.439063 0.378906 0.359375 0.384766
0 0.368750 0.310547 0.431250 0.304688 0.431250 0.337891 0.373437 0.343750
0 0.359375 0.275391 0.426563 0.271484 0.426563 0.302734 0.362500 0.310547
0 0.350000 0.000000 0.420312 0.000000 0.420312 0.025391 0.353125 0.025391
0 0.587500 0.484375 0.670312 0.490234 0.675000 0.527344 0.584375 0.527344
