1 0.359375 0.474609 0.400000 0.474609 0.400000 0.718750 0.357812 0.718750
2 0.403125 0.224609 0.437500 0.222656 0.435937 0.412109 0.400000 0.412109
2 0.407813 0.042969 0.443750 0.041016 0.439063 0.203125 0.403125 0.201172
1 0.446875 0.132812 0.479687 0.128906 0.484375 0.335938 0.446875 0.337891
1 0.448437 0.000000 0.485938 0.000000 0.485938 0.119141 0.448437 0.119141
1 0.493750 0.000000 0.523438 0.000000 0.525000 0.121094 0.493750 0.121094
1 0.209375 0.445312 0.251563 0.445312 0.243750 0.687500 0.203125 0.685547
1 0.260937 0.435547 0.307812 0.439453 0.292187 0.718750 0.245312 0.714844
1 0.412500 0.480469 0.445312 0.478516 0.448437 0.718750 0.412500 0.720703
1 0.193750 0.679688 0.245312 0.679688 0.226562 0.980469 0.171875 0.980469
1 0.687500 0.738281 0.907813 0.710938 0.910937 0.806641 0.690625 0.828125
1 0.665625 0.792969 0.903125 0.783203 0.903125 0.863281 0.667188 0.875000
1 0.668750 0.005859 0.864062 0.001953 0.862500 0.056641 0.668750 0.060547
0 0.015625 0.224609 0.035937 0.226562 0.032813 0.277344 0.010937 0.275391
0 0.010937 0.279297 0.032813 0.289062 0.017188 0.339844 0.000000 0.333984
0 0.185938 0.376953 0.212500 0.382812 0.201563 0.441406 0.173437 0.435547
0 0.170313 0.466797 0.195312 0.470703 0.187500 0.523438 0.160938 0.523438
0 0.028125 0.103516 0.053125 0.109375 0.040625 0.162109 0.017188 0.154297
0 0.035937 0.048828 0.060937 0.050781 0.053125 0.109375 0.028125 0.103516
0 0.493750 0.160156 0.521875 0.160156 0.525000 0.240234 0.495312 0.242188
0 0.537500 0.042969 0.564063 0.041016 0.568750 0.103516 0.540625 0.109375
0 0.578125 0.054688 0.600000 0.050781 0.603125 0.103516 0.576562 0.103516
0 0.576562 0.000000 0.600000 0.000000 0.604688 0.037109 0.581250 0.041016
0 0.732812 0.880859 0.806250 0.880859 0.806250 0.919922 0.732812 0.919922
0 0.735938 0.941406 0.818750 0.929688 0.821875 0.972656 0.742188 0.978516
3 0.539062 0.121094 0.578125 0.123047 0.575000 0.324219 0.537500 0.322266
2 0.309375 0.496094 0.345313 0.494141 0.342187 0.732422 0.301563 0.732422
2 0.675000 0.689453 0.889062 0.667969 0.890625 0.728516 0.679688 0.744141
2 0.682813 0.578125 0.920312 0.572266 0.920312 0.623047 0.681250 0.628906
2 0.673438 0.527344 0.915625 0.529297 0.915625 0.580078 0.671875 0.578125
2 0.657813 0.490234 0.910937 0.494141 0.907813 0.539062 0.656250 0.535156
2 0.664062 0.451172 0.900000 0.451172 0.900000 0.494141 0.662500 0.494141
2 0.675000 0.400391 0.904687 0.396484 0.904687 0.453125 0.675000 0.455078
2 0.681250 0.363281 0.900000 0.357422 0.900000 0.406250 0.679688 0.412109
2 0.657813 0.332031 0.873437 0.312500 0.876563 0.361328 0.657813 0.378906
2 0.657813 0.291016 0.889062 0.265625 0.892188 0.316406 0.662500 0.341797
2 0.673438 0.255859 0.870313 0.230469 0.873437 0.273438 0.678125 0.296875
2 0.673438 0.146484 0.868750 0.132812 0.870313 0.189453 0.675000 0.201172
2 0.670312 0.099609 0.862500 0.087891 0.864062 0.138672 0.671875 0.146484
