3 0.107813 0.394531 0.317188 0.302734 0.345313 0.378906 0.132812 0.474609
3 0.207813 0.712891 0.432812 0.619141 0.467187 0.703125 0.234375 0.806641
3 0.157812 0.580078 0.378125 0.484375 0.409375 0.568359 0.176563 0.675781
3 0.123438 0.488281 0.332813 0.396484 0.360938 0.472656 0.148438 0.568359
3 0.070312 0.275391 0.275000 0.195312 0.304688 0.277344 0.085938 0.367188
3 0.003125 0.197266 0.209375 0.095703 0.231250 0.173828 0.032813 0.285156
3 0.518750 0.035156 0.735938 0.000000 0.757812 0.027344 0.553125 0.111328
3 0.545312 0.148438 0.762500 0.058594 0.784375 0.140625 0.579688 0.224609
3 0.570312 0.246094 0.790625 0.134766 0.820312 0.208984 0.604688 0.322266
3 0.615625 0.332031 0.835938 0.220703 0.865625 0.294922 0.650000 0.408203
3 0.865625 0.841797 1.000000 0.730469 1.000000 0.804688 0.900000 0.917969
3 0.817187 0.724609 1.000000 0.613281 1.000000 0.687500 0.851562 0.800781
3 0.764062 0.617188 0.984375 0.505859 1.000000 0.580078 0.798438 0.693359
3 0.729688 0.509766 0.937500 0.400391 0.964063 0.480469 0.764062 0.593750
