0 0.345313 0.650391 0.371875 0.634766 0.409375 0.720703 0.376563 0.736328
0 0.357812 0.564453 0.378125 0.548828 0.412500 0.615234 0.392188 0.634766
0 0.501563 0.367188 0.578125 0.328125 0.595313 0.367188 0.515625 0.408203
0 0.332813 0.355469 0.398438 0.343750 0.400000 0.388672 0.335938 0.390625
0 0.489063 0.314453 0.557813 0.275391 0.575000 0.310547 0.504687 0.349609
0 0.489063 0.222656 0.560937 0.208984 0.571875 0.261719 0.500000 0.273438
0 0.345313 0.283203 0.403125 0.232422 0.423438 0.265625 0.367188 0.316406
0 0.504687 0.076172 0.581250 0.078125 0.581250 0.130859 0.501563 0.126953
4 0.389062 0.439453 0.412500 0.455078 0.376563 0.527344 0.350000 0.509766
0 0.493750 0.464844 0.562500 0.427734 0.575000 0.466797 0.504687 0.505859
0 0.495312 0.533203 0.568750 0.488281 0.587500 0.523438 0.515625 0.576172
0 0.493750 0.677734 0.578125 0.642578 0.593750 0.683594 0.504687 0.720703
0 0.381250 0.929688 0.407813 0.947266 0.376563 1.000000 0.353125 1.000000
0 0.521875 0.833984 0.556250 0.841797 0.534375 0.947266 0.501563 0.935547
0 0.340625 0.810547 0.368750 0.779297 0.423438 0.853516 0.395313 0.884766
