2 0.225000 0.677734 0.270313 0.648438 0.320312 0.726562 0.275000 0.759766
2 0.000000 0.375000 0.101562 0.527344 0.064062 0.566406 0.000000 0.404297
2 0.092188 0.605469 0.128125 0.580078 0.282813 0.785156 0.240625 0.818359
3 0.893750 0.699219 1.000000 0.607422 1.000000 0.650391 0.934375 0.750000
3 0.826562 0.638672 0.951562 0.535156 0.992188 0.580078 0.867188 0.693359
3 0.773438 0.595703 0.904687 0.496094 0.943750 0.542969 0.815625 0.648438
3 0.554688 0.507812 0.598437 0.470703 0.718750 0.591797 0.671875 0.636719
3 0.518750 0.535156 0.565625 0.498047 0.684375 0.632812 0.637500 0.681641
3 0.526563 0.675781 0.568750 0.636719 0.690625 0.777344 0.645312 0.824219
3 0.104688 0.371094 0.240625 0.283203 0.278125 0.330078 0.140625 0.423828
3 0.057813 0.332031 0.193750 0.250000 0.228125 0.298828 0.090625 0.388672
3 0.012500 0.259766 0.140625 0.185547 0.173437 0.230469 0.046875 0.314453
3 0.409375 0.203125 0.490625 0.148438 0.514062 0.187500 0.432812 0.242188
3 0.360938 0.150391 0.482812 0.072266 0.518750 0.115234 0.393750 0.195312
3 0.315625 0.091797 0.440625 0.021484 0.471875 0.066406 0.343750 0.142578
3 0.231250 0.011719 0.359375 0.000000 0.384375 0.000000 0.257812 0.062500
3 0.000000 0.154297 0.067187 0.087891 0.093750 0.136719 0.000000 0.207031
