0 0.128125 0.414062 0.179688 0.423828 0.176563 0.455078 0.126562 0.443359
0 0.726562 0.308594 0.740625 0.294922 0.767188 0.335938 0.754687 0.355469
0 0.731250 0.257812 0.745313 0.244141 0.771875 0.285156 0.756250 0.296875
0 0.737500 0.185547 0.751563 0.171875 0.778125 0.212891 0.762500 0.224609
0 0.759375 0.169922 0.773438 0.156250 0.800000 0.197266 0.784375 0.208984
0 0.954688 0.232422 0.976562 0.240234 0.965625 0.294922 0.939063 0.289062
0 0.584375 0.824219 0.632812 0.796875 0.648438 0.826172 0.593750 0.859375
0 0.550000 0.972656 0.598437 0.945312 0.614062 0.974609 0.559375 1.000000
0 0.670312 0.560547 0.718750 0.533203 0.734375 0.562500 0.679688 0.595703
0 0.692187 0.474609 0.740625 0.447266 0.756250 0.476562 0.701562 0.509766
0 0.167187 0.562500 0.193750 0.572266 0.175000 0.626953 0.150000 0.617188
0 0.229687 0.318359 0.246875 0.332031 0.217188 0.373047 0.196875 0.361328
0 0.012500 0.707031 0.032813 0.695312 0.053125 0.750000 0.028125 0.763672
0 0.128125 0.515625 0.146875 0.503906 0.160938 0.539062 0.143750 0.548828
0 0.095312 0.562500 0.123438 0.552734 0.126562 0.609375 0.104688 0.617188
