0 0.892188 0.251953 0.942187 0.228516 0.990625 0.365234 0.945312 0.394531
0 0.787500 0.312500 0.834375 0.292969 0.868750 0.423828 0.818750 0.443359
0 0.698438 0.337891 0.746875 0.320312 0.771875 0.443359 0.725000 0.462891
0 0.637500 0.351562 0.679688 0.337891 0.696875 0.458984 0.653125 0.470703
0 0.568750 0.365234 0.618750 0.347656 0.640625 0.490234 0.592187 0.500000
0 0.500000 0.367188 0.545312 0.363281 0.567187 0.500000 0.515625 0.509766
0 0.426563 0.367188 0.478125 0.359375 0.496875 0.511719 0.442188 0.515625
0 0.348438 0.371094 0.392188 0.367188 0.401562 0.521484 0.353125 0.521484
0 0.237500 0.386719 0.279687 0.390625 0.278125 0.521484 0.235937 0.521484
0 0.167187 0.388672 0.215625 0.386719 0.215625 0.533203 0.164062 0.533203
0 0.101562 0.386719 0.150000 0.390625 0.150000 0.535156 0.100000 0.537109
0 0.032813 0.396484 0.081250 0.392578 0.085938 0.542969 0.031250 0.548828
0 0.020313 0.082031 0.062500 0.080078 0.067187 0.232422 0.017188 0.230469
0 0.103125 0.091797 0.143750 0.087891 0.154688 0.234375 0.107813 0.242188
0 0.356250 0.033203 0.410938 0.027344 0.412500 0.179688 0.362500 0.185547
