0 0.725000 0.820312 0.826562 0.818359 0.826562 0.869141 0.725000 0.867188
0 0.726562 0.873047 0.828125 0.880859 0.823438 0.929688 0.728125 0.929688
0 0.954688 0.787109 1.000000 0.783203 1.000000 0.828125 0.959375 0.833984
0 0.939063 0.626953 1.000000 0.623047 1.000000 0.666016 0.943750 0.666016
0 0.932813 0.574219 1.000000 0.578125 1.000000 0.615234 0.948438 0.621094
0 0.926562 0.537109 1.000000 0.529297 1.000000 0.564453 0.934375 0.574219
0 0.903125 0.396484 0.987500 0.392578 0.993750 0.431641 0.907813 0.439453
0 0.893750 0.355469 0.968750 0.357422 0.975000 0.392578 0.903125 0.400391
0 0.884375 0.324219 0.968750 0.316406 0.975000 0.357422 0.890625 0.365234
0 0.876563 0.207031 0.940625 0.197266 0.940625 0.232422 0.879687 0.238281
0 0.873437 0.167969 0.929688 0.167969 0.939063 0.205078 0.873437 0.207031
0 0.865625 0.140625 0.918750 0.128906 0.925000 0.158203 0.873437 0.164062
0 0.726562 0.941406 0.829688 0.941406 0.828125 0.994141 0.723437 0.996094
0 0.125000 0.671875 0.190625 0.599609 0.217188 0.632812 0.154688 0.697266
0 0.128125 0.605469 0.200000 0.541016 0.221875 0.572266 0.151562 0.630859
0 0.137500 0.554688 0.200000 0.478516 0.223438 0.490234 0.164062 0.578125
0 0.139063 0.468750 0.204687 0.412109 0.232813 0.445312 0.165625 0.500000
0 0.148438 0.363281 0.218750 0.316406 0.243750 0.343750 0.175000 0.394531
0 0.150000 0.406250 0.220312 0.357422 0.240625 0.392578 0.170313 0.439453
0 0.164062 0.298828 0.223438 0.255859 0.254688 0.285156 0.189062 0.333984
0 0.167187 0.248047 0.229687 0.205078 0.256250 0.230469 0.196875 0.287109
0 0.170313 0.199219 0.234375 0.162109 0.246875 0.185547 0.201563 0.232422
0 0.181250 0.162109 0.228125 0.125000 0.248438 0.144531 0.196875 0.181641
0 0.185938 0.074219 0.239063 0.025391 0.264062 0.042969 0.204687 0.101562
0 0.185938 0.113281 0.237500 0.070312 0.262500 0.091797 0.215625 0.138672
0 0.653125 0.046875 0.725000 0.044922 0.725000 0.072266 0.657813 0.076172
0 0.657813 0.078125 0.735938 0.074219 0.734375 0.103516 0.665625 0.113281
0 0.667188 0.119141 0.737500 0.113281 0.735938 0.146484 0.667188 0.148438
0 0.664062 0.156250 0.731250 0.150391 0.729688 0.183594 0.667188 0.187500
0 0.667188 0.189453 0.731250 0.183594 0.729688 0.214844 0.668750 0.218750
0 0.112500 0.726562 0.140625 0.693359 0.203125 0.742188 0.179688 0.779297
0 0.129688 0.767578 0.201563 0.822266 0.176563 0.857422 0.106250 0.800781
0 0.095312 0.849609 0.123438 0.822266 0.189062 0.902344 0.156250 0.933594
0 0.085938 0.947266 0.118750 0.906250 0.185938 0.974609 0.154688 1.000000
0 0.017188 0.861328 0.056250 0.869141 0.045312 0.962891 0.001563 0.955078
0 0.670312 0.224609 0.754687 0.216797 0.756250 0.261719 0.676562 0.269531
0 0.682813 0.304688 0.764062 0.298828 0.764062 0.333984 0.682813 0.339844
0 0.684375 0.339844 0.762500 0.339844 0.762500 0.376953 0.684375 0.380859
0 0.684375 0.417969 0.770312 0.412109 0.770312 0.457031 0.689063 0.470703
0 0.687500 0.476562 0.751563 0.458984 0.759375 0.500000 0.695312 0.511719
0 0.690625 0.515625 0.775000 0.501953 0.779687 0.546875 0.692187 0.556641
0 0.692187 0.556641 0.768750 0.552734 0.767188 0.589844 0.693750 0.599609
0 0.690625 0.605469 0.779687 0.582031 0.789062 0.636719 0.695312 0.652344
0 0.714063 0.660156 0.801562 0.666016 0.800000 0.703125 0.710938 0.705078
0 0.720313 0.720703 0.812500 0.707031 0.815625 0.757812 0.721875 0.767578
