0 0.026562 0.255859 0.051562 0.259766 0.040625 0.324219 0.014063 0.318359
0 0.014063 0.908203 0.043750 0.958984 0.020313 0.978516 0.000000 0.931641
0 0.212500 0.947266 0.237500 0.929688 0.287500 1.000000 0.256250 1.000000
0 0.095312 0.947266 0.118750 0.919922 0.176563 0.957031 0.154688 0.990234
4 0.589063 0.037109 0.637500 0.039062 0.639062 0.074219 0.589063 0.072266
0 0.326562 0.044922 0.350000 0.042969 0.354687 0.089844 0.329688 0.093750
0 0.007812 0.097656 0.028125 0.085938 0.053125 0.125000 0.026562 0.138672
0 0.107813 0.080078 0.131250 0.083984 0.126562 0.132812 0.100000 0.130859
0 0.070312 0.253906 0.100000 0.253906 0.100000 0.314453 0.071875 0.316406
0 0.200000 0.236328 0.223438 0.244141 0.210938 0.294922 0.184375 0.289062
0 0.228125 0.250000 0.256250 0.250000 0.253125 0.314453 0.225000 0.312500
0 0.275000 0.226562 0.301563 0.230469 0.300000 0.285156 0.271875 0.283203
0 0.314063 0.230469 0.339062 0.228516 0.339062 0.289062 0.312500 0.287109
0 0.457813 0.218750 0.485938 0.218750 0.487500 0.267578 0.462500 0.267578
0 0.401562 0.244141 0.431250 0.242188 0.432812 0.296875 0.406250 0.298828
0 0.493750 0.046875 0.515625 0.042969 0.517188 0.099609 0.495312 0.101562
0 0.876563 0.800781 0.910937 0.798828 0.917188 0.882812 0.884375 0.886719
0 0.731250 0.671875 0.759375 0.644531 0.796875 0.716797 0.775000 0.736328
0 0.654687 0.722656 0.718750 0.683594 0.732812 0.714844 0.667188 0.755859
0 0.623437 0.589844 0.690625 0.587891 0.690625 0.626953 0.621875 0.628906
0 0.617188 0.501953 0.687500 0.498047 0.687500 0.535156 0.620313 0.537109
0 0.626563 0.435547 0.693750 0.435547 0.692187 0.470703 0.626563 0.470703
0 0.625000 0.388672 0.692187 0.386719 0.689063 0.417969 0.626563 0.421875
0 0.621875 0.359375 0.685937 0.361328 0.687500 0.388672 0.620313 0.388672
0 0.545312 0.220703 0.571875 0.216797 0.578125 0.269531 0.553125 0.273438
0 0.692187 0.242188 0.715625 0.234375 0.740625 0.285156 0.717187 0.292969
0 0.743750 0.224609 0.770312 0.220703 0.781250 0.287109 0.751563 0.289062
0 0.712500 0.062500 0.762500 0.031250 0.779687 0.052734 0.729688 0.083984
