0 0.350000 0.109375 0.375000 0.107422 0.381250 0.169922 0.346875 0.169922
0 0.325000 0.859375 0.360938 0.857422 0.360938 0.943359 0.329688 0.943359
0 0.331250 0.716797 0.360938 0.714844 0.364063 0.789062 0.334375 0.792969
0 0.454688 0.599609 0.487500 0.603516 0.489063 0.664062 0.460938 0.667969
0 0.462500 0.500000 0.485938 0.500000 0.489063 0.568359 0.462500 0.568359
0 0.528125 0.283203 0.579688 0.306641 0.571875 0.330078 0.520312 0.304688
0 0.340625 0.617188 0.370312 0.613281 0.368750 0.681641 0.337500 0.677734
0 0.343750 0.378906 0.371875 0.375000 0.371875 0.431641 0.342187 0.431641
0 0.342187 0.265625 0.373437 0.261719 0.371875 0.318359 0.346875 0.320312
0 0.350000 0.183594 0.385937 0.179688 0.378125 0.234375 0.353125 0.230469
0 0.451562 0.072266 0.481250 0.068359 0.478125 0.134766 0.454688 0.134766
0 0.450000 0.011719 0.478125 0.003906 0.478125 0.062500 0.450000 0.060547
0 0.659375 0.632812 0.689063 0.630859 0.700000 0.714844 0.664062 0.716797
0 0.671875 0.792969 0.704688 0.789062 0.707812 0.875000 0.676562 0.876953
