0 0.762500 0.375000 0.856250 0.378906 0.850000 0.433594 0.754687 0.419922
0 0.712500 0.779297 0.823438 0.808594 0.815625 0.861328 0.703125 0.832031
0 0.439063 0.726562 0.481250 0.746094 0.459375 0.843750 0.418750 0.832031
0 0.228125 0.603516 0.267188 0.611328 0.250000 0.730469 0.210938 0.724609
1 0.748437 0.265625 0.875000 0.279297 0.865625 0.357422 0.735938 0.332031
0 0.515625 0.193359 0.545312 0.205078 0.531250 0.308594 0.496875 0.294922
0 0.571875 0.382812 0.609375 0.386719 0.598437 0.496094 0.557813 0.486328
0 0.318750 0.615234 0.353125 0.636719 0.306250 0.755859 0.267188 0.730469
0 0.293750 0.283203 0.332813 0.289062 0.321875 0.392578 0.282813 0.386719
2 0.343750 0.285156 0.387500 0.292969 0.375000 0.425781 0.329688 0.421875
