0 0.000000 0.613281 0.042188 0.572266 0.065625 0.597656 0.010937 0.638672
0 0.259375 0.972656 0.312500 0.923828 0.340625 0.953125 0.284375 1.000000
0 0.239063 0.927734 0.284375 0.894531 0.304688 0.919922 0.257812 0.955078
4 0.195312 0.896484 0.257812 0.861328 0.278125 0.896484 0.215625 0.933594
0 0.167187 0.878906 0.229687 0.839844 0.248438 0.863281 0.185938 0.906250
0 0.146875 0.837891 0.209375 0.804688 0.226562 0.837891 0.157812 0.869141
0 0.126562 0.810547 0.179688 0.769531 0.201563 0.798828 0.145313 0.837891
0 0.084375 0.722656 0.129688 0.691406 0.151562 0.716797 0.100000 0.750000
0 0.053125 0.697266 0.104688 0.664062 0.126562 0.689453 0.073438 0.726562
0 0.029687 0.671875 0.084375 0.632812 0.106250 0.656250 0.051562 0.699219
0 0.012500 0.644531 0.064062 0.601562 0.085938 0.628906 0.029687 0.667969
2 0.229687 0.476562 0.282813 0.439453 0.462500 0.630859 0.406250 0.677734
2 0.032813 0.332031 0.076563 0.300781 0.217188 0.478516 0.173437 0.507812
0 0.939063 0.005859 0.959375 0.000000 0.998437 0.019531 0.978125 0.035156
0 0.926562 0.062500 0.946875 0.048828 0.990625 0.080078 0.967187 0.093750
0 0.870313 0.023438 0.889062 0.007812 0.935937 0.039062 0.914062 0.056641
