0 0.823438 0.896484 0.875000 0.935547 0.793750 1.000000 0.756250 1.000000
0 1.000000 0.357422 1.000000 0.394531 0.978125 0.515625 0.937500 0.480469
0 1.000000 0.601562 1.000000 0.642578 0.989062 0.746094 0.943750 0.712891
0 0.978125 0.531250 1.000000 0.574219 0.931250 0.683594 0.895312 0.636719
0 0.925000 0.480469 0.978125 0.519531 0.884375 0.640625 0.850000 0.603516
0 0.775000 0.470703 0.820312 0.511719 0.743750 0.621094 0.706250 0.574219
0 0.854688 0.371094 0.893750 0.412109 0.820312 0.519531 0.781250 0.474609
0 0.931250 0.271484 0.975000 0.310547 0.895312 0.410156 0.856250 0.367188
0 1.000000 0.160156 1.000000 0.195312 0.973437 0.304688 0.931250 0.265625
0 0.946875 0.136719 0.990625 0.179688 0.912500 0.285156 0.865625 0.250000
0 0.164062 0.025391 0.237500 0.000000 0.282813 0.000000 0.201563 0.074219
0 0.018750 0.150391 0.062500 0.193359 0.000000 0.283203 0.000000 0.238281
0 0.067187 0.197266 0.112500 0.242188 0.026562 0.343750 0.000000 0.294922
0 0.114062 0.255859 0.157812 0.300781 0.079687 0.398438 0.037500 0.363281
0 0.026562 0.365234 0.071875 0.410156 0.000000 0.515625 0.000000 0.472656
0 0.078125 0.417969 0.117188 0.462891 0.025000 0.562500 0.000000 0.517578
0 0.154688 0.308594 0.196875 0.343750 0.118750 0.447266 0.081250 0.408203
0 0.198437 0.353516 0.245312 0.392578 0.151562 0.501953 0.118750 0.458984
0 0.118750 0.458984 0.160938 0.511719 0.068750 0.613281 0.035937 0.574219
0 0.076563 0.619141 0.167187 0.513672 0.206250 0.564453 0.112500 0.666016
0 0.248438 0.404297 0.289062 0.449219 0.201563 0.550781 0.165625 0.507812
0 0.020313 0.814453 0.065625 0.855469 0.000000 0.964844 0.000000 0.910156
0 0.090625 0.832031 0.139063 0.873047 0.050000 0.988281 0.014063 0.941406
0 0.175000 0.718750 0.217188 0.765625 0.137500 0.871094 0.096875 0.832031
0 0.246875 0.609375 0.293750 0.648438 0.217188 0.757812 0.173437 0.722656
0 0.329688 0.498047 0.378125 0.537109 0.301563 0.652344 0.256250 0.613281
0 0.043750 1.000000 0.115625 0.916016 0.157812 0.957031 0.078125 1.000000
0 0.200000 0.791016 0.245312 0.832031 0.157812 0.949219 0.121875 0.912109
0 0.285938 0.675781 0.328125 0.710938 0.242188 0.824219 0.209375 0.775391
0 0.240625 0.855469 0.281250 0.900391 0.195312 1.000000 0.156250 0.976562
0 0.323437 0.726562 0.368750 0.769531 0.281250 0.882812 0.243750 0.839844
0 0.404687 0.611328 0.451562 0.650391 0.370312 0.767578 0.331250 0.726562
0 0.571875 0.652344 0.618750 0.685547 0.546875 0.808594 0.503125 0.767578
0 0.500000 0.775391 0.546875 0.818359 0.467187 0.937500 0.428125 0.894531
0 0.417187 0.902344 0.465625 0.939453 0.398438 1.000000 0.351562 1.000000
0 0.675000 0.750000 0.714063 0.794922 0.635938 0.912109 0.595313 0.871094
0 0.495312 1.000000 0.579688 0.896484 0.626563 0.941406 0.543750 1.000000
0 0.657813 0.906250 0.700000 0.949219 0.637500 1.000000 0.596875 1.000000
0 0.728125 0.792969 0.770312 0.837891 0.701562 0.941406 0.662500 0.900391
0 0.776563 0.833984 0.825000 0.878906 0.745313 0.996094 0.703125 0.953125
0 0.860938 0.246094 0.910937 0.287109 0.832812 0.392578 0.790625 0.361328
0 0.785937 0.355469 0.823438 0.402344 0.743750 0.501953 0.710938 0.458984
1 0.700000 0.365234 0.737500 0.406250 0.660937 0.501953 0.632812 0.462891
1 0.775000 0.265625 0.817187 0.306641 0.739062 0.404297 0.706250 0.359375
1 0.850000 0.171875 0.890625 0.214844 0.817187 0.308594 0.779687 0.269531
1 0.925000 0.068359 0.962500 0.101562 0.887500 0.210938 0.850000 0.175781
1 0.928125 0.068359 0.998437 0.000000 1.000000 0.011719 0.962500 0.105469
0 0.550000 0.468750 0.629687 0.373047 0.656250 0.410156 0.582812 0.505859
0 0.782813 0.154297 0.820312 0.205078 0.743750 0.296875 0.706250 0.257812
0 0.859375 0.054688 0.893750 0.095703 0.817187 0.195312 0.781250 0.156250
0 0.865625 0.044922 0.928125 0.000000 0.973437 0.000000 0.896875 0.078125
0 0.590625 0.316406 0.629687 0.355469 0.545312 0.453125 0.517188 0.416016
0 0.701562 0.269531 0.743750 0.302734 0.659375 0.398438 0.631250 0.365234
0 0.665625 0.214844 0.707812 0.255859 0.626563 0.353516 0.593750 0.306641
0 0.667188 0.210938 0.750000 0.115234 0.781250 0.152344 0.703125 0.248047
0 0.818750 0.005859 0.859375 0.048828 0.781250 0.142578 0.748437 0.099609
0 0.546875 0.261719 0.587500 0.302734 0.509375 0.402344 0.470313 0.357422
0 0.632812 0.134766 0.667188 0.173828 0.589063 0.263672 0.562500 0.230469
0 0.710938 0.025391 0.750000 0.060547 0.675000 0.152344 0.645312 0.121094
0 0.592187 0.080078 0.660937 0.000000 0.701562 0.031250 0.629687 0.123047
0 0.587500 0.083984 0.623437 0.128906 0.543750 0.216797 0.517188 0.175781
0 0.440625 0.339844 0.525000 0.427734 0.490625 0.474609 0.407813 0.386719
1 0.506250 0.214844 0.539062 0.257812 0.462500 0.357422 0.425000 0.316406
0 0.457813 0.162109 0.493750 0.199219 0.429688 0.302734 0.385937 0.269531
0 0.337500 0.238281 0.425000 0.318359 0.392188 0.363281 0.306250 0.285156
0 0.414062 0.117188 0.453125 0.154297 0.376563 0.255859 0.337500 0.220703
0 0.489063 0.007812 0.531250 0.042969 0.456250 0.138672 0.425000 0.105469
0 0.367188 0.076172 0.406250 0.113281 0.329688 0.220703 0.293750 0.185547
0 0.387500 0.052734 0.462500 0.000000 0.496875 0.000000 0.418750 0.093750
0 0.209375 0.074219 0.290625 0.000000 0.332813 0.021484 0.246875 0.123047
0 0.009375 0.000000 0.042188 0.000000 0.131250 0.009766 0.100000 0.056641
