0 0.279687 0.089844 0.343750 0.083984 0.339062 0.125000 0.278125 0.125000
0 0.289062 0.011719 0.345313 0.005859 0.346875 0.033203 0.285938 0.039062
0 0.293750 0.041016 0.342187 0.042969 0.345313 0.070312 0.292187 0.076172
0 0.259375 0.218750 0.323437 0.212891 0.318750 0.253906 0.257812 0.253906
0 0.262500 0.257812 0.326562 0.251953 0.321875 0.292969 0.260937 0.292969
0 0.265625 0.283203 0.329688 0.277344 0.332813 0.320312 0.264062 0.318359
0 0.268750 0.324219 0.332813 0.318359 0.335938 0.361328 0.267188 0.359375
0 0.260937 0.359375 0.325000 0.353516 0.328125 0.396484 0.259375 0.394531
0 0.262500 0.406250 0.326562 0.400391 0.329688 0.443359 0.260937 0.441406
0 0.265625 0.449219 0.329688 0.443359 0.332813 0.486328 0.264062 0.484375
0 0.257812 0.529297 0.321875 0.523438 0.325000 0.566406 0.256250 0.564453
0 0.234375 0.570312 0.298438 0.564453 0.301563 0.607422 0.232813 0.605469
0 0.201563 0.951172 0.262500 0.951172 0.264062 0.998047 0.200000 1.000000
0 0.210938 0.896484 0.296875 0.894531 0.292187 0.933594 0.209375 0.931641
0 0.226562 0.839844 0.298438 0.824219 0.306250 0.859375 0.225000 0.875000
0 0.215625 0.783203 0.289062 0.777344 0.293750 0.812500 0.214062 0.818359
0 0.220312 0.728516 0.293750 0.722656 0.298438 0.757812 0.218750 0.763672
0 0.223438 0.687500 0.296875 0.681641 0.301563 0.716797 0.221875 0.722656
0 0.228125 0.640625 0.301563 0.634766 0.306250 0.669922 0.226562 0.675781
0 0.400000 0.500000 0.431250 0.480469 0.446875 0.537109 0.428125 0.550781
0 0.403125 0.054688 0.423438 0.048828 0.442188 0.103516 0.412500 0.109375
0 0.404687 0.312500 0.432812 0.310547 0.435937 0.373047 0.406250 0.375000
0 0.773438 0.000000 0.839063 0.000000 0.843750 0.029297 0.778125 0.035156
0 0.773438 0.039062 0.839063 0.037109 0.843750 0.070312 0.778125 0.076172
0 0.775000 0.078125 0.840625 0.076172 0.845313 0.109375 0.779687 0.115234
0 0.760938 0.201172 0.826562 0.189453 0.837500 0.218750 0.767188 0.234375
0 0.773438 0.234375 0.831250 0.232422 0.839063 0.265625 0.775000 0.271484
0 0.817187 0.634766 0.895312 0.634766 0.903125 0.675781 0.820312 0.677734
0 0.818750 0.705078 0.892188 0.683594 0.907813 0.722656 0.829688 0.753906
0 0.843750 0.789062 0.921875 0.787109 0.926562 0.832031 0.846875 0.835938
