0 0.137500 0.896484 0.226562 0.996094 0.187500 1.000000 0.100000 0.945312
0 0.200000 0.445312 0.237500 0.482422 0.160938 0.605469 0.120313 0.570312
0 0.000000 0.519531 0.045312 0.583984 0.014063 0.634766 0.000000 0.568359
0 0.181250 0.810547 0.275000 0.925781 0.240625 0.972656 0.150000 0.863281
0 0.307812 0.464844 0.353125 0.498047 0.265625 0.621094 0.231250 0.570312
0 0.681250 0.078125 0.781250 0.160156 0.756250 0.210938 0.650000 0.128906
0 0.712500 0.033203 0.743750 0.000000 0.835938 0.076172 0.803125 0.119141
0 0.493750 0.355469 0.587500 0.441406 0.554688 0.488281 0.465625 0.402344
0 0.543750 0.291016 0.631250 0.371094 0.610938 0.414062 0.526563 0.335938
0 0.582812 0.220703 0.675000 0.314453 0.648438 0.357422 0.554688 0.269531
0 0.623437 0.152344 0.734375 0.240234 0.706250 0.294922 0.596875 0.210938
0 0.520312 0.013672 0.556250 0.048828 0.475000 0.156250 0.446875 0.123047
0 0.442188 0.421875 0.551562 0.515625 0.520312 0.568359 0.410938 0.478516
0 0.379688 0.515625 0.476562 0.601562 0.450000 0.650391 0.357812 0.556641
0 0.276562 0.662109 0.379688 0.753906 0.348438 0.804688 0.250000 0.701172
4 0.237500 0.736328 0.335938 0.824219 0.312500 0.875000 0.204687 0.791016
