0 0.314063 0.539062 0.348438 0.539062 0.348438 0.615234 0.314063 0.615234
0 0.348438 0.000000 0.376563 0.000000 0.376563 0.052734 0.348438 0.052734
0 0.309375 0.000000 0.337500 0.000000 0.337500 0.046875 0.309375 0.046875
0 0.273438 0.000000 0.301563 0.000000 0.301563 0.046875 0.273438 0.046875
0 0.229687 0.000000 0.256250 0.000000 0.256250 0.042969 0.229687 0.042969
0 0.437500 0.048828 0.465625 0.048828 0.465625 0.117188 0.437500 0.117188
0 0.275000 0.123047 0.335938 0.123047 0.335938 0.152344 0.275000 0.152344
0 0.321875 0.212891 0.348438 0.212891 0.348438 0.279297 0.321875 0.279297
0 0.353125 0.314453 0.378125 0.314453 0.378125 0.390625 0.353125 0.390625
1 0.310937 0.279297 0.343750 0.279297 0.343750 0.392578 0.310937 0.392578
1 0.309375 0.402344 0.348438 0.402344 0.348438 0.529297 0.309375 0.529297
0 0.621875 0.121094 0.646875 0.121094 0.646875 0.199219 0.621875 0.199219
0 0.612500 0.000000 0.639062 0.000000 0.639062 0.050781 0.612500 0.050781
0 0.643750 0.271484 0.693750 0.259766 0.701562 0.285156 0.654687 0.302734
0 0.225000 0.265625 0.246875 0.244141 0.284375 0.302734 0.262500 0.322266
0 0.196875 0.371094 0.221875 0.339844 0.275000 0.392578 0.256250 0.416016
0 0.207813 0.455078 0.273438 0.505859 0.256250 0.535156 0.190625 0.490234
0 0.204687 0.511719 0.260937 0.550781 0.246875 0.582031 0.187500 0.542969
0 0.212500 0.566406 0.267188 0.607422 0.251563 0.636719 0.193750 0.601562
0 0.220312 0.619141 0.270313 0.666016 0.253125 0.701172 0.198437 0.654297
0 0.315625 0.625000 0.348438 0.625000 0.348438 0.710938 0.315625 0.710938
0 0.209375 0.681641 0.264062 0.724609 0.246875 0.753906 0.187500 0.712891
0 0.200000 0.738281 0.273438 0.791016 0.254688 0.824219 0.182812 0.771484
0 0.207813 0.800781 0.264062 0.849609 0.251563 0.888672 0.187500 0.832031
0 0.312500 0.720703 0.346875 0.720703 0.346875 0.814453 0.312500 0.814453
0 0.318750 0.820312 0.353125 0.820312 0.353125 0.917969 0.318750 0.917969
0 0.315625 0.923828 0.351562 0.923828 0.351562 1.000000 0.315625 1.000000
0 0.200000 0.863281 0.268750 0.917969 0.251563 0.951172 0.181250 0.896484
0 0.198437 0.941406 0.267188 0.982422 0.246875 1.000000 0.178125 0.972656
0 0.671875 0.855469 0.706250 0.855469 0.706250 0.960938 0.671875 0.960938
0 0.667188 0.738281 0.696875 0.738281 0.696875 0.830078 0.667188 0.830078
0 0.656250 0.634766 0.687500 0.628906 0.700000 0.710938 0.668750 0.716797
0 0.646875 0.533203 0.675000 0.533203 0.685937 0.611328 0.656250 0.617188
0 0.642188 0.429688 0.668750 0.427734 0.678125 0.507812 0.650000 0.511719
0 0.637500 0.347656 0.664062 0.347656 0.664062 0.414062 0.637500 0.414062
4 0.212500 0.390625 0.271875 0.443359 0.251563 0.476562 0.192188 0.421875
4 0.365625 0.216797 0.392188 0.216797 0.392188 0.291016 0.365625 0.291016
