1 0.300000 0.111328 0.340625 0.109375 0.332813 0.298828 0.290625 0.298828
1 0.260937 0.517578 0.300000 0.517578 0.293750 0.822266 0.251563 0.824219
2 0.382812 0.166016 0.421875 0.167969 0.415625 0.365234 0.382812 0.365234
2 0.435937 0.158203 0.470313 0.158203 0.467187 0.343750 0.435937 0.349609
2 0.481250 0.164062 0.507812 0.166016 0.509375 0.353516 0.479687 0.355469
2 0.707812 0.046875 0.937500 0.041016 0.932813 0.070312 0.706250 0.076172
2 0.723437 0.068359 0.937500 0.072266 0.932813 0.101562 0.720313 0.095703
2 0.728125 0.097656 0.934375 0.105469 0.931250 0.148438 0.721875 0.138672
2 0.698438 0.140625 0.935937 0.152344 0.935937 0.187500 0.696875 0.171875
2 0.698438 0.171875 0.932813 0.185547 0.932813 0.220703 0.700000 0.210938
2 0.721875 0.203125 0.937500 0.224609 0.934375 0.259766 0.712500 0.242188
2 0.721875 0.242188 0.942187 0.248047 0.940625 0.287109 0.718750 0.287109
1 0.728125 0.279297 0.935937 0.273438 0.935937 0.314453 0.723437 0.320312
1 0.718750 0.304688 0.931250 0.302734 0.931250 0.361328 0.715625 0.369141
1 0.729688 0.365234 0.918750 0.341797 0.926562 0.402344 0.739062 0.429688
2 0.709375 0.412109 0.923438 0.400391 0.923438 0.468750 0.706250 0.472656
3 0.779687 0.556641 0.937500 0.552734 0.945312 0.599609 0.776563 0.597656
3 0.760938 0.603516 0.937500 0.605469 0.943750 0.652344 0.757812 0.646484
3 0.754687 0.646484 0.928125 0.650391 0.926562 0.732422 0.751563 0.728516
3 0.765625 0.847656 0.942187 0.832031 0.957812 0.912109 0.784375 0.929688
3 0.764062 0.910156 0.956250 0.923828 0.956250 0.984375 0.762500 0.974609
0 0.760938 0.480469 0.834375 0.484375 0.837500 0.523438 0.759375 0.521484
1 0.345313 0.111328 0.382812 0.115234 0.370312 0.326172 0.331250 0.324219
0 0.764062 0.525391 0.842187 0.523438 0.842187 0.556641 0.760938 0.564453
0 0.792188 0.800781 0.867188 0.800781 0.868750 0.839844 0.792188 0.841797
0 0.789062 0.750000 0.854688 0.751953 0.853125 0.791016 0.785937 0.787109
0 0.093750 0.035156 0.123438 0.037109 0.110937 0.085938 0.084375 0.085938
0 0.098437 0.091797 0.121875 0.097656 0.117188 0.144531 0.085938 0.140625
0 0.271875 0.064453 0.296875 0.066406 0.292187 0.125000 0.271875 0.125000
0 0.256250 0.138672 0.284375 0.138672 0.282813 0.195312 0.254688 0.191406
0 0.257812 0.880859 0.293750 0.884766 0.292187 0.976562 0.254688 0.976562
1 0.290625 0.298828 0.334375 0.296875 0.318750 0.529297 0.273438 0.521484
