0 0.778125 0.138672 0.809375 0.136719 0.806250 0.251953 0.770312 0.250000
0 0.721875 0.134766 0.753125 0.136719 0.746875 0.248047 0.712500 0.242188
0 0.668750 0.132812 0.696875 0.132812 0.695312 0.242188 0.662500 0.238281
0 0.617188 0.125000 0.646875 0.126953 0.645312 0.238281 0.612500 0.236328
0 0.242188 0.917969 0.284375 0.921875 0.279687 1.000000 0.239063 1.000000
0 0.112500 0.917969 0.156250 0.921875 0.143750 1.000000 0.098437 1.000000
0 0.039062 0.912109 0.082812 0.912109 0.078125 1.000000 0.034375 1.000000
0 0.337500 0.671875 0.373437 0.673828 0.368750 0.794922 0.329688 0.794922
0 0.278125 0.675781 0.315625 0.675781 0.310937 0.787109 0.268750 0.785156
0 0.218750 0.660156 0.251563 0.660156 0.243750 0.783203 0.207813 0.783203
0 0.156250 0.660156 0.195312 0.660156 0.184375 0.773438 0.142187 0.773438
0 0.023438 0.191406 0.059375 0.193359 0.059375 0.300781 0.017188 0.300781
0 0.750000 0.316406 0.778125 0.320312 0.775000 0.427734 0.739062 0.423828
0 0.575000 0.310547 0.606250 0.310547 0.601562 0.417969 0.567187 0.417969
0 0.340625 0.365234 0.376563 0.369141 0.367188 0.492188 0.326562 0.486328
0 0.215625 0.339844 0.248438 0.345703 0.239063 0.460938 0.200000 0.457031
0 0.559375 0.117188 0.590625 0.121094 0.587500 0.224609 0.554688 0.222656
0 0.151562 0.349609 0.187500 0.349609 0.178125 0.464844 0.140625 0.462891
0 0.090625 0.330078 0.125000 0.333984 0.117188 0.455078 0.078125 0.455078
0 0.026562 0.328125 0.064062 0.332031 0.059375 0.453125 0.015625 0.449219
0 0.028125 0.632812 0.067187 0.638672 0.051562 0.765625 0.012500 0.763672
0 0.507812 0.101562 0.535937 0.105469 0.528125 0.218750 0.496875 0.214844
0 0.451562 0.091797 0.484375 0.097656 0.481250 0.212891 0.442188 0.210938
0 0.285938 0.220703 0.314063 0.222656 0.317188 0.320312 0.281250 0.322266
0 0.220312 0.216797 0.253125 0.214844 0.259375 0.326172 0.225000 0.330078
0 0.162500 0.205078 0.195312 0.208984 0.187500 0.320312 0.151562 0.316406
0 0.090625 0.197266 0.125000 0.203125 0.112500 0.320312 0.079687 0.316406
0 0.631250 0.308594 0.664062 0.310547 0.656250 0.419922 0.621875 0.417969
0 0.684375 0.308594 0.715625 0.310547 0.712500 0.417969 0.678125 0.416016
0 0.801562 0.320312 0.832812 0.318359 0.832812 0.433594 0.800000 0.431641
