1 0.000000 0.570312 0.248438 0.562500 0.253125 0.626953 0.000000 0.632812
1 0.604688 0.699219 0.778125 0.525391 0.803125 0.548828 0.632812 0.730469
1 0.656250 0.728516 0.829688 0.554688 0.854688 0.578125 0.684375 0.759766
1 0.692187 0.775391 0.865625 0.601562 0.890625 0.625000 0.720313 0.806641
1 0.725000 0.814453 0.898438 0.640625 0.923438 0.664062 0.753125 0.845703
1 0.823438 0.789062 0.937500 0.660156 0.970313 0.703125 0.859375 0.833984
1 0.720313 0.876953 0.834375 0.748047 0.867188 0.791016 0.756250 0.921875
1 0.576562 0.667969 0.750000 0.494141 0.775000 0.517578 0.604688 0.699219
1 0.537500 0.634766 0.710938 0.460938 0.735938 0.484375 0.565625 0.666016
1 0.507812 0.593750 0.681250 0.419922 0.706250 0.443359 0.535937 0.625000
1 0.476562 0.568359 0.650000 0.394531 0.675000 0.417969 0.504687 0.599609
1 0.443750 0.542969 0.617188 0.369141 0.642188 0.392578 0.471875 0.574219
1 0.420312 0.519531 0.593750 0.345703 0.618750 0.369141 0.448437 0.550781
1 0.387500 0.496094 0.560937 0.322266 0.585938 0.345703 0.415625 0.527344
1 0.339062 0.435547 0.512500 0.261719 0.537500 0.285156 0.367188 0.466797
1 0.362500 0.451172 0.535937 0.277344 0.560937 0.300781 0.390625 0.482422
1 0.295312 0.419922 0.468750 0.246094 0.493750 0.269531 0.323437 0.451172
1 0.273438 0.384766 0.446875 0.210938 0.471875 0.234375 0.301563 0.416016
1 0.220312 0.337891 0.371875 0.181641 0.401562 0.207031 0.248438 0.369141
1 0.237500 0.361328 0.406250 0.208984 0.429688 0.240234 0.265625 0.392578
1 0.231250 0.285156 0.348438 0.156250 0.382812 0.191406 0.259375 0.316406
1 0.184375 0.281250 0.301563 0.152344 0.335938 0.187500 0.212500 0.312500
1 0.148438 0.275391 0.265625 0.146484 0.300000 0.181641 0.176563 0.306641
1 0.146875 0.240234 0.264062 0.111328 0.298438 0.146484 0.175000 0.271484
1 0.160938 0.181641 0.278125 0.052734 0.312500 0.087891 0.189062 0.212891
1 0.106250 0.179688 0.223438 0.050781 0.257812 0.085938 0.134375 0.210938
1 0.320312 0.910156 0.587500 0.943359 0.582812 1.000000 0.314063 0.988281
1 0.270313 0.843750 0.537500 0.876953 0.532813 0.947266 0.264062 0.921875
1 0.204687 0.785156 0.448437 0.816406 0.440625 0.894531 0.198437 0.863281
1 0.159375 0.728516 0.393750 0.775391 0.390625 0.835938 0.153125 0.806641
1 0.135937 0.679688 0.370312 0.726562 0.367188 0.787109 0.129688 0.757812
1 0.071875 0.621094 0.306250 0.667969 0.303125 0.728516 0.065625 0.699219
1 0.000000 0.529297 0.179688 0.521484 0.184375 0.585938 0.000000 0.591797
1 0.000000 0.496094 0.145313 0.488281 0.150000 0.552734 0.000000 0.558594
1 0.000000 0.449219 0.139063 0.441406 0.143750 0.505859 0.000000 0.511719
1 0.000000 0.390625 0.064062 0.373047 0.056250 0.439453 0.000000 0.453125
