3 0.770312 0.574219 0.934375 0.550781 0.946875 0.583984 0.767188 0.617188
1 0.171875 0.000000 0.209375 0.000000 0.242188 0.103516 0.212500 0.119141
1 0.348438 0.000000 0.381250 0.000000 0.420312 0.125000 0.390625 0.136719
3 0.701562 0.324219 0.851562 0.294922 0.859375 0.351562 0.710938 0.378906
3 0.701562 0.287109 0.848437 0.257812 0.851562 0.291016 0.703125 0.318359
3 0.703125 0.246094 0.840625 0.216797 0.845313 0.250000 0.709375 0.279297
0 0.675000 0.191406 0.729688 0.183594 0.734375 0.210938 0.675000 0.218750
0 0.681250 0.226562 0.746875 0.214844 0.748437 0.238281 0.682813 0.253906
0 0.740625 0.402344 0.806250 0.384766 0.809375 0.416016 0.740625 0.429688
0 0.753125 0.439453 0.823438 0.423828 0.826562 0.458984 0.753125 0.472656
3 0.764062 0.525391 0.918750 0.500000 0.923438 0.539062 0.759375 0.568359
3 0.743750 0.476562 0.909375 0.431641 0.914062 0.476562 0.750000 0.525391
3 0.779687 0.625000 0.951562 0.597656 0.959375 0.650391 0.792188 0.685547
3 0.806250 0.769531 0.992188 0.730469 0.990625 0.785156 0.809375 0.830078
1 0.821875 0.919922 1.000000 0.871094 1.000000 0.912109 0.825000 0.964844
1 0.818750 0.867188 1.000000 0.820312 1.000000 0.873047 0.825000 0.917969
4 0.820312 0.833984 0.882812 0.818359 0.890625 0.853516 0.820312 0.867188
3 0.309375 0.691406 0.506250 0.689453 0.507812 0.742188 0.310937 0.742188
3 0.317188 0.744141 0.520312 0.736328 0.520312 0.779297 0.314063 0.781250
3 0.342187 0.777344 0.526563 0.775391 0.525000 0.828125 0.339062 0.826172
3 0.342187 0.841797 0.531250 0.837891 0.532813 0.884766 0.337500 0.894531
1 0.206250 0.117188 0.243750 0.105469 0.287500 0.300781 0.253125 0.314453
1 0.229687 0.308594 0.270313 0.292969 0.328125 0.539062 0.289062 0.556641
1 0.229687 0.000000 0.259375 0.000000 0.298438 0.146484 0.265625 0.152344
1 0.264062 0.000000 0.287500 0.000000 0.334375 0.136719 0.306250 0.150391
1 0.306250 0.000000 0.329688 0.000000 0.381250 0.125000 0.350000 0.136719
1 0.367188 0.933594 0.478125 0.904297 0.485938 0.955078 0.373437 0.976562
1 0.601562 0.041016 0.785937 0.000000 0.792188 0.044922 0.607812 0.105469
1 0.628125 0.103516 0.787500 0.048828 0.798438 0.091797 0.634375 0.152344
1 0.604688 0.126953 0.823438 0.093750 0.831250 0.158203 0.612500 0.201172
0 0.493750 0.916016 0.571875 0.898438 0.573438 0.937500 0.500000 0.953125
0 0.309375 0.607422 0.342187 0.601562 0.353125 0.673828 0.321875 0.681641
0 0.903125 0.818359 0.970313 0.800781 0.971875 0.828125 0.907813 0.843750
0 0.843750 0.689453 0.915625 0.679688 0.920312 0.714844 0.846875 0.726562
