0 0.260937 0.365234 0.293750 0.371094 0.289062 0.441406 0.254688 0.439453
0 0.871875 0.591797 0.934375 0.626953 0.928125 0.656250 0.862500 0.621094
0 0.714063 0.726562 0.781250 0.734375 0.779687 0.773438 0.712500 0.769531
0 0.382812 0.857422 0.465625 0.851562 0.470313 0.896484 0.384375 0.900391
0 0.846875 0.476562 0.868750 0.458984 0.903125 0.500000 0.887500 0.521484
0 0.279687 0.000000 0.304688 0.000000 0.304688 0.035156 0.279687 0.035156
0 0.221875 0.066406 0.278125 0.066406 0.279687 0.095703 0.221875 0.097656
0 0.225000 0.097656 0.275000 0.093750 0.279687 0.121094 0.226562 0.125000
0 0.275000 0.136719 0.303125 0.140625 0.298438 0.195312 0.268750 0.191406
0 0.390625 0.898438 0.470313 0.892578 0.471875 0.943359 0.390625 0.947266
0 0.239063 0.785156 0.267188 0.785156 0.262500 0.871094 0.234375 0.867188
0 0.906250 0.707031 0.956250 0.755859 0.943750 0.791016 0.884375 0.744141
0 0.268750 0.189453 0.292187 0.187500 0.293750 0.255859 0.264062 0.251953
0 0.175000 0.439453 0.242188 0.439453 0.243750 0.478516 0.171875 0.480469
4 0.182812 0.490234 0.246875 0.478516 0.243750 0.525391 0.184375 0.519531
4 0.403125 0.464844 0.460938 0.468750 0.459375 0.505859 0.403125 0.503906
0 0.392188 0.513672 0.459375 0.513672 0.459375 0.556641 0.392188 0.552734
0 0.385937 0.558594 0.456250 0.560547 0.457813 0.601562 0.389062 0.607422
0 0.396875 0.632812 0.460938 0.628906 0.464062 0.675781 0.396875 0.675781
0 0.392188 0.679688 0.468750 0.679688 0.465625 0.718750 0.389062 0.716797
0 0.392188 0.720703 0.457813 0.726562 0.454688 0.763672 0.390625 0.763672
0 0.390625 0.800781 0.471875 0.798828 0.471875 0.847656 0.390625 0.847656
0 0.917188 0.363281 0.948438 0.367188 0.956250 0.431641 0.921875 0.435547
0 0.267188 0.300781 0.293750 0.306641 0.290625 0.373047 0.262500 0.369141
0 0.879687 0.634766 0.942187 0.667969 0.926562 0.699219 0.868750 0.667969
