0 0.976562 0.117188 1.000000 0.136719 0.976562 0.191406 0.945312 0.175781
0 0.481250 0.666016 0.601562 0.730469 0.575000 0.792969 0.448437 0.724609
0 0.346875 0.914062 0.473438 0.986328 0.446875 1.000000 0.314063 0.972656
0 0.375000 0.845703 0.501563 0.917969 0.475000 0.976562 0.342187 0.904297
0 0.412500 0.785156 0.532813 0.853516 0.507812 0.916016 0.381250 0.839844
0 0.506250 0.607422 0.626563 0.671875 0.601562 0.728516 0.482812 0.662109
0 0.545312 0.560547 0.665625 0.625000 0.640625 0.681641 0.521875 0.615234
0 0.593750 0.460938 0.696875 0.515625 0.675000 0.576172 0.570312 0.515625
0 0.625000 0.414062 0.728125 0.468750 0.706250 0.529297 0.601562 0.468750
0 0.550000 0.253906 0.653125 0.289062 0.635938 0.341797 0.535937 0.300781
0 0.457813 0.324219 0.498437 0.337891 0.462500 0.445312 0.410938 0.425781
0 0.389062 0.439453 0.426563 0.466797 0.375000 0.582031 0.328125 0.554688
0 0.328125 0.560547 0.365625 0.587891 0.307812 0.707031 0.262500 0.683594
0 0.257812 0.681641 0.300000 0.705078 0.240625 0.841797 0.187500 0.814453
0 0.859375 0.548828 0.981250 0.611328 0.965625 0.658203 0.840625 0.605469
0 0.839063 0.597656 0.964063 0.656250 0.945312 0.707031 0.820312 0.654297
0 0.826562 0.652344 0.951562 0.710938 0.932813 0.761719 0.807813 0.708984
0 0.803125 0.708984 0.928125 0.767578 0.909375 0.818359 0.784375 0.765625
0 0.775000 0.773438 0.900000 0.832031 0.881250 0.882812 0.756250 0.830078
0 0.748437 0.835938 0.873437 0.894531 0.851562 0.966797 0.718750 0.896484
0 0.906250 0.832031 1.000000 0.890625 1.000000 0.941406 0.887500 0.888672
0 0.887500 0.896484 1.000000 0.955078 0.992188 1.000000 0.864062 0.972656
0 0.906250 0.457031 1.000000 0.515625 1.000000 0.566406 0.887500 0.513672
0 0.801562 0.058594 0.826562 0.070312 0.804688 0.123047 0.773438 0.107422
0 0.840625 0.078125 0.870313 0.087891 0.843750 0.142578 0.812500 0.126953
0 0.889062 0.095703 0.918750 0.105469 0.892188 0.160156 0.860938 0.144531
0 0.931250 0.097656 0.962500 0.111328 0.935937 0.177734 0.904687 0.162109
