0 0.459375 0.441406 0.539062 0.439453 0.540625 0.482422 0.462500 0.488281
0 0.485938 0.212891 0.557813 0.218750 0.554688 0.250000 0.485938 0.248047
0 0.482812 0.177734 0.564063 0.181641 0.565625 0.212891 0.487500 0.210938
0 0.476562 0.148438 0.556250 0.148438 0.556250 0.175781 0.476562 0.181641
0 0.482812 0.115234 0.554688 0.119141 0.554688 0.148438 0.479687 0.148438
0 0.676562 0.273438 0.765625 0.269531 0.770312 0.314453 0.676562 0.316406
0 0.704688 0.511719 0.773438 0.507812 0.773438 0.541016 0.706250 0.550781
0 0.670312 0.160156 0.745313 0.156250 0.745313 0.191406 0.676562 0.197266
0 0.787500 0.939453 0.885938 0.949219 0.887500 0.990234 0.792188 0.990234
0 0.751563 0.773438 0.848437 0.763672 0.848437 0.800781 0.756250 0.814453
0 0.506250 0.841797 0.596875 0.828125 0.606250 0.876953 0.512500 0.892578
0 0.512500 0.781250 0.614062 0.783203 0.614062 0.830078 0.510938 0.830078
0 0.507812 0.734375 0.600000 0.734375 0.600000 0.777344 0.509375 0.777344
0 0.509375 0.658203 0.593750 0.656250 0.593750 0.697266 0.510938 0.699219
0 0.501563 0.611328 0.590625 0.611328 0.589063 0.648438 0.503125 0.656250
0 0.500000 0.566406 0.587500 0.562500 0.590625 0.605469 0.506250 0.607422
0 0.496875 0.513672 0.589063 0.515625 0.590625 0.556641 0.500000 0.554688
0 0.479687 0.265625 0.567187 0.263672 0.565625 0.298828 0.479687 0.306641
0 0.045312 0.087891 0.109375 0.093750 0.106250 0.125000 0.039062 0.126953
0 0.043750 0.123047 0.109375 0.126953 0.106250 0.166016 0.032813 0.160156
0 0.034375 0.162109 0.104688 0.166016 0.100000 0.208984 0.025000 0.201172
0 0.021875 0.294922 0.084375 0.304688 0.078125 0.337891 0.017188 0.333984
0 0.000000 0.562500 0.060937 0.562500 0.056250 0.601562 0.000000 0.601562
0 0.473438 0.000000 0.537500 0.000000 0.537500 0.019531 0.473438 0.017578
0 0.471875 0.048828 0.551562 0.044922 0.553125 0.083984 0.470313 0.078125
0 0.517188 0.900391 0.610938 0.894531 0.617188 0.945312 0.517188 0.953125
0 0.479687 0.078125 0.546875 0.085938 0.546875 0.109375 0.479687 0.113281
0 0.746875 0.726562 0.840625 0.722656 0.842187 0.763672 0.748437 0.769531
0 0.737500 0.673828 0.831250 0.662109 0.837500 0.707031 0.753125 0.712891
0 0.668750 0.123047 0.743750 0.125000 0.743750 0.162109 0.668750 0.158203
