0 0.584375 0.472656 0.659375 0.392578 0.689063 0.419922 0.615625 0.503906
0 0.529687 0.337891 0.614062 0.281250 0.637500 0.330078 0.553125 0.390625
0 0.493750 0.285156 0.576562 0.226562 0.598437 0.275391 0.512500 0.330078
0 0.464062 0.224609 0.550000 0.171875 0.568750 0.214844 0.482812 0.269531
0 0.395313 0.115234 0.478125 0.050781 0.506250 0.089844 0.421875 0.160156
0 0.857812 0.597656 0.890625 0.585938 0.925000 0.710938 0.887500 0.726562
0 0.000000 0.650391 0.025000 0.619141 0.082812 0.699219 0.048438 0.740234
0 0.626563 0.515625 0.698438 0.439453 0.731250 0.484375 0.656250 0.556641
0 0.659375 0.566406 0.746875 0.503906 0.771875 0.544922 0.684375 0.615234
0 0.726562 0.654297 0.796875 0.585938 0.828125 0.626953 0.754687 0.701172
0 0.560937 0.416016 0.637500 0.343750 0.664062 0.375000 0.589063 0.453125
