0 0.715625 0.298828 0.745313 0.318359 0.703125 0.431641 0.671875 0.410156
0 0.139063 0.812500 0.170313 0.837891 0.110937 0.972656 0.078125 0.941406
0 0.198437 0.851562 0.234375 0.880859 0.176563 1.000000 0.142187 0.986328
0 0.257812 0.886719 0.300000 0.912109 0.245312 1.000000 0.209375 1.000000
0 0.312500 0.919922 0.351562 0.943359 0.301563 1.000000 0.265625 1.000000
0 0.328125 1.000000 0.375000 0.949219 0.407813 0.962891 0.362500 1.000000
0 0.335938 0.615234 0.367188 0.634766 0.326562 0.742188 0.292187 0.726562
0 0.396875 0.642578 0.421875 0.660156 0.379688 0.773438 0.351562 0.761719
0 0.456250 0.671875 0.490625 0.693359 0.445312 0.804688 0.409375 0.787109
0 0.509375 0.699219 0.543750 0.722656 0.495312 0.847656 0.464062 0.824219
0 0.568750 0.722656 0.603125 0.751953 0.557813 0.875000 0.515625 0.847656
0 0.621875 0.755859 0.660937 0.781250 0.610938 0.914062 0.576562 0.882812
0 0.692187 0.792969 0.726562 0.812500 0.690625 0.945312 0.643750 0.921875
0 0.878125 0.617188 0.920312 0.640625 0.879687 0.751953 0.839063 0.726562
0 0.818750 0.585938 0.854688 0.609375 0.815625 0.724609 0.776563 0.697266
0 0.757812 0.558594 0.796875 0.580078 0.753125 0.701172 0.717187 0.669922
0 0.704688 0.525391 0.739062 0.544922 0.692187 0.666016 0.656250 0.640625
0 0.653125 0.488281 0.684375 0.511719 0.634375 0.628906 0.606250 0.603516
0 0.587500 0.462891 0.623437 0.482422 0.579688 0.599609 0.543750 0.580078
0 0.531250 0.437500 0.568750 0.457031 0.528125 0.574219 0.487500 0.546875
0 0.482812 0.408203 0.523438 0.439453 0.471875 0.541016 0.437500 0.515625
0 0.429688 0.378906 0.465625 0.402344 0.414062 0.523438 0.375000 0.496094
0 0.371875 0.357422 0.403125 0.378906 0.350000 0.500000 0.318750 0.472656
0 0.485938 0.054688 0.523438 0.078125 0.470313 0.187500 0.440625 0.164062
0 0.442188 0.173828 0.475000 0.193359 0.431250 0.292969 0.395313 0.275391
0 0.542188 0.082031 0.582812 0.103516 0.528125 0.197266 0.495312 0.181641
0 0.495312 0.193359 0.529687 0.210938 0.485938 0.322266 0.448437 0.298828
0 0.592187 0.109375 0.628125 0.123047 0.584375 0.220703 0.553125 0.207031
0 0.639062 0.128906 0.679688 0.148438 0.634375 0.251953 0.600000 0.234375
0 0.550000 0.218750 0.585938 0.240234 0.539062 0.347656 0.501563 0.324219
0 0.604688 0.248047 0.635938 0.265625 0.590625 0.373047 0.557813 0.357422
0 0.698438 0.150391 0.728125 0.164062 0.693750 0.291016 0.664062 0.263672
0 0.660937 0.285156 0.692187 0.292969 0.659375 0.404297 0.620313 0.384766
0 0.753125 0.175781 0.795312 0.199219 0.748437 0.310547 0.714063 0.283203
0 0.814063 0.207031 0.843750 0.228516 0.806250 0.339844 0.765625 0.310547
0 0.768750 0.326172 0.806250 0.345703 0.764062 0.457031 0.729688 0.427734
0 0.868750 0.226562 0.907813 0.251953 0.862500 0.365234 0.828125 0.341797
0 0.929688 0.255859 0.968750 0.279297 0.925000 0.390625 0.889062 0.365234
0 0.826562 0.353516 0.860938 0.376953 0.828125 0.478516 0.789062 0.462891
0 0.889062 0.380859 0.918750 0.396484 0.881250 0.513672 0.846875 0.490234
0 0.946875 0.406250 0.982812 0.429688 0.945312 0.529297 0.904687 0.519531
0 0.989062 0.271484 1.000000 0.308594 0.995313 0.431641 0.948438 0.394531
0 1.000000 0.064453 1.000000 0.089844 1.000000 0.191406 0.979688 0.171875
0 0.964063 0.046875 0.995313 0.068359 0.957812 0.167969 0.923438 0.146484
0 0.914062 0.017578 0.950000 0.033203 0.900000 0.146484 0.873437 0.121094
0 0.857812 0.000000 0.892188 0.017578 0.846875 0.125000 0.821875 0.101562
0 0.800000 0.000000 0.842187 0.000000 0.800000 0.093750 0.768750 0.072266
0 0.662500 0.031250 0.696875 0.000000 0.734375 0.000000 0.696875 0.050781
