0 0.384375 0.662109 0.429688 0.664062 0.429688 0.781250 0.385937 0.781250
0 0.000000 0.011719 0.037500 0.019531 0.026562 0.125000 0.000000 0.119141
0 0.039062 0.019531 0.079687 0.017578 0.079687 0.119141 0.034375 0.119141
0 0.095312 0.011719 0.134375 0.013672 0.126562 0.117188 0.085938 0.119141
0 0.142187 0.007812 0.179688 0.013672 0.175000 0.117188 0.131250 0.109375
0 0.193750 0.017578 0.231250 0.019531 0.228125 0.125000 0.182812 0.123047
0 0.000000 0.121094 0.028125 0.119141 0.021875 0.222656 0.000000 0.216797
0 0.035937 0.115234 0.075000 0.119141 0.070312 0.220703 0.026562 0.218750
0 0.084375 0.119141 0.123438 0.123047 0.115625 0.232422 0.075000 0.230469
0 0.139063 0.109375 0.181250 0.115234 0.171875 0.226562 0.126562 0.216797
0 0.189062 0.123047 0.229687 0.123047 0.228125 0.232422 0.182812 0.234375
0 0.017188 0.343750 0.059375 0.355469 0.046875 0.457031 0.004687 0.451172
0 0.003125 0.457031 0.051562 0.458984 0.040625 0.564453 0.000000 0.562500
0 0.000000 0.568359 0.031250 0.574219 0.028125 0.689453 0.000000 0.687500
0 0.000000 0.687500 0.025000 0.689453 0.014063 0.818359 0.000000 0.810547
0 0.071875 0.341797 0.115625 0.349609 0.104688 0.458984 0.060937 0.455078
0 0.054688 0.460938 0.101562 0.466797 0.095312 0.574219 0.045312 0.574219
0 0.043750 0.572266 0.092188 0.574219 0.085938 0.693359 0.032813 0.691406
0 0.029687 0.695312 0.076563 0.703125 0.070312 0.826172 0.023438 0.822266
0 0.123438 0.339844 0.164062 0.345703 0.156250 0.447266 0.112500 0.441406
0 0.110937 0.447266 0.156250 0.453125 0.150000 0.562500 0.101562 0.562500
0 0.110937 0.564453 0.156250 0.562500 0.146875 0.679688 0.103125 0.677734
0 0.107813 0.691406 0.153125 0.695312 0.145313 0.816406 0.095312 0.812500
0 0.173437 0.349609 0.215625 0.347656 0.206250 0.453125 0.160938 0.451172
0 0.165625 0.457031 0.206250 0.455078 0.204687 0.566406 0.157812 0.568359
0 0.165625 0.572266 0.209375 0.568359 0.204687 0.685547 0.160938 0.685547
0 0.165625 0.691406 0.212500 0.695312 0.206250 0.816406 0.157812 0.814453
0 0.317188 0.011719 0.357812 0.019531 0.356250 0.115234 0.312500 0.115234
0 0.321875 0.115234 0.359375 0.115234 0.357812 0.212891 0.315625 0.212891
0 0.362500 0.011719 0.401562 0.013672 0.404687 0.105469 0.362500 0.105469
0 0.417187 0.009766 0.454688 0.011719 0.454688 0.111328 0.415625 0.109375
0 0.464062 0.011719 0.500000 0.009766 0.501563 0.109375 0.464062 0.115234
0 0.506250 0.019531 0.545312 0.011719 0.551562 0.121094 0.509375 0.125000
0 0.551562 0.017578 0.589063 0.017578 0.592187 0.117188 0.550000 0.121094
0 0.596875 0.023438 0.634375 0.021484 0.640625 0.115234 0.603125 0.123047
0 0.642188 0.025391 0.681250 0.021484 0.690625 0.121094 0.646875 0.128906
0 0.681250 0.009766 0.723437 0.001953 0.728125 0.099609 0.687500 0.105469
0 0.728125 0.005859 0.767188 0.007812 0.773438 0.107422 0.728125 0.107422
0 0.776563 0.027344 0.818750 0.017578 0.825000 0.119141 0.779687 0.125000
0 0.820312 0.007812 0.860938 0.003906 0.868750 0.107422 0.828125 0.109375
0 0.867188 0.009766 0.907813 0.001953 0.917188 0.103516 0.873437 0.109375
0 0.915625 0.009766 0.956250 0.003906 0.964063 0.099609 0.923438 0.101562
0 0.962500 0.007812 1.000000 0.005859 1.000000 0.107422 0.970313 0.111328
0 0.368750 0.101562 0.407813 0.105469 0.404687 0.212891 0.362500 0.207031
0 0.415625 0.105469 0.456250 0.109375 0.454688 0.214844 0.415625 0.212891
0 0.460938 0.111328 0.501563 0.109375 0.509375 0.216797 0.462500 0.216797
0 0.556250 0.121094 0.596875 0.115234 0.600000 0.226562 0.556250 0.226562
0 0.646875 0.125000 0.689063 0.121094 0.693750 0.222656 0.650000 0.224609
0 0.690625 0.111328 0.729688 0.109375 0.740625 0.207031 0.696875 0.216797
0 0.735938 0.105469 0.775000 0.105469 0.779687 0.207031 0.737500 0.210938
0 0.787500 0.113281 0.825000 0.109375 0.828125 0.216797 0.785937 0.216797
0 0.829688 0.109375 0.871875 0.105469 0.876563 0.216797 0.831250 0.218750
0 0.881250 0.109375 0.921875 0.103516 0.928125 0.205078 0.884375 0.210938
0 0.920312 0.103516 0.965625 0.103516 0.968750 0.203125 0.925000 0.203125
0 0.978125 0.109375 1.000000 0.105469 1.000000 0.205078 0.978125 0.208984
0 0.309375 0.320312 0.353125 0.322266 0.345313 0.427734 0.301563 0.425781
0 0.353125 0.318359 0.396875 0.320312 0.393750 0.431641 0.351562 0.427734
0 0.393750 0.324219 0.439063 0.322266 0.445312 0.419922 0.401562 0.427734
0 0.446875 0.322266 0.487500 0.314453 0.496875 0.425781 0.451562 0.425781
0 0.493750 0.314453 0.535937 0.318359 0.540625 0.427734 0.493750 0.427734
0 0.545312 0.314453 0.584375 0.316406 0.585938 0.419922 0.546875 0.417969
0 0.592187 0.314453 0.631250 0.314453 0.640625 0.417969 0.600000 0.419922
0 0.640625 0.314453 0.678125 0.312500 0.685937 0.412109 0.645312 0.414062
0 0.737500 0.320312 0.778125 0.312500 0.790625 0.414062 0.746875 0.421875
0 0.790625 0.312500 0.829688 0.314453 0.832812 0.412109 0.795312 0.417969
0 0.353125 0.431641 0.396875 0.435547 0.395313 0.537109 0.356250 0.537109
0 0.401562 0.437500 0.443750 0.431641 0.446875 0.535156 0.406250 0.537109
0 0.451562 0.431641 0.490625 0.427734 0.490625 0.541016 0.451562 0.542969
0 0.498437 0.427734 0.539062 0.425781 0.537500 0.539062 0.496875 0.539062
0 0.546875 0.421875 0.587500 0.421875 0.590625 0.535156 0.545312 0.535156
0 0.603125 0.423828 0.643750 0.425781 0.643750 0.531250 0.601562 0.531250
0 0.650000 0.421875 0.689063 0.417969 0.693750 0.527344 0.650000 0.529297
0 0.892188 0.314453 0.931250 0.310547 0.940625 0.412109 0.898438 0.417969
0 0.935937 0.314453 0.979688 0.306641 0.987500 0.412109 0.946875 0.417969
0 0.745313 0.427734 0.787500 0.425781 0.798438 0.535156 0.753125 0.535156
0 0.795312 0.427734 0.840625 0.421875 0.845313 0.529297 0.803125 0.535156
0 0.846875 0.417969 0.889062 0.417969 0.896875 0.519531 0.850000 0.523438
0 0.896875 0.423828 0.939063 0.417969 0.951562 0.523438 0.904687 0.529297
0 0.946875 0.423828 0.987500 0.417969 1.000000 0.525391 0.953125 0.529297
0 0.332813 0.535156 0.376563 0.537109 0.376563 0.656250 0.332813 0.660156
0 0.385937 0.542969 0.428125 0.542969 0.429688 0.660156 0.385937 0.662109
0 0.440625 0.542969 0.479687 0.541016 0.482812 0.660156 0.440625 0.660156
0 0.492188 0.542969 0.539062 0.542969 0.537500 0.662109 0.492188 0.660156
0 0.540625 0.533203 0.582812 0.533203 0.589063 0.648438 0.540625 0.650391
0 0.595313 0.537109 0.635938 0.529297 0.640625 0.648438 0.598437 0.648438
0 0.643750 0.527344 0.685937 0.529297 0.687500 0.644531 0.642188 0.646484
0 0.698438 0.531250 0.742188 0.533203 0.742188 0.652344 0.695312 0.652344
0 0.750000 0.537109 0.796875 0.531250 0.801562 0.650391 0.754687 0.652344
0 0.801562 0.537109 0.845313 0.533203 0.851562 0.654297 0.804688 0.658203
0 0.854688 0.529297 0.898438 0.523438 0.906250 0.652344 0.859375 0.654297
0 0.906250 0.535156 0.950000 0.525391 0.960938 0.652344 0.914062 0.654297
0 0.962500 0.533203 1.000000 0.519531 1.000000 0.644531 0.973437 0.652344
0 0.332813 0.658203 0.378125 0.660156 0.376563 0.787109 0.332813 0.781250
0 0.915625 0.654297 0.962500 0.648438 0.971875 0.777344 0.921875 0.783203
0 0.437500 0.664062 0.479687 0.662109 0.476562 0.787109 0.434375 0.787109
0 0.492188 0.658203 0.537500 0.658203 0.535937 0.781250 0.489063 0.781250
0 0.545312 0.650391 0.589063 0.648438 0.585938 0.769531 0.543750 0.771484
0 0.595313 0.646484 0.640625 0.644531 0.639062 0.771484 0.593750 0.771484
0 0.648438 0.646484 0.689063 0.644531 0.692187 0.773438 0.648438 0.773438
0 0.703125 0.652344 0.746875 0.652344 0.753125 0.777344 0.709375 0.783203
0 0.754687 0.656250 0.798438 0.650391 0.809375 0.777344 0.764062 0.781250
0 0.809375 0.660156 0.854688 0.652344 0.864062 0.777344 0.817187 0.781250
0 0.862500 0.658203 0.906250 0.650391 0.918750 0.779297 0.871875 0.781250
0 0.959375 0.953125 1.000000 0.937500 1.000000 1.000000 0.981250 1.000000
0 0.906250 0.945312 0.953125 0.947266 0.956250 1.000000 0.909375 1.000000
0 0.853125 0.937500 0.898438 0.943359 0.903125 1.000000 0.853125 1.000000
0 0.798438 0.943359 0.843750 0.937500 0.848437 1.000000 0.801562 1.000000
0 0.745313 0.943359 0.789062 0.941406 0.793750 1.000000 0.746875 1.000000
0 0.690625 0.945312 0.734375 0.939453 0.734375 1.000000 0.692187 1.000000
0 0.635938 0.945312 0.676562 0.947266 0.678125 1.000000 0.635938 1.000000
0 0.579688 0.949219 0.625000 0.953125 0.623437 1.000000 0.578125 1.000000
0 0.523438 0.947266 0.570312 0.945312 0.568750 1.000000 0.521875 1.000000
0 0.468750 0.947266 0.517188 0.947266 0.512500 1.000000 0.465625 1.000000
0 0.414062 0.953125 0.460938 0.951172 0.460938 1.000000 0.410938 1.000000
0 0.346875 0.953125 0.393750 0.957031 0.389062 1.000000 0.343750 1.000000
0 0.062500 0.974609 0.115625 0.976562 0.109375 1.000000 0.059375 1.000000
0 0.973437 0.654297 1.000000 0.644531 1.000000 0.771484 0.985938 0.783203
