0 0.365625 0.984375 0.439063 0.974609 0.443750 1.000000 0.364063 1.000000
0 0.056250 0.882812 0.087500 0.886719 0.079687 0.984375 0.043750 0.984375
0 0.075000 0.783203 0.106250 0.783203 0.095312 0.875000 0.067187 0.875000
0 0.090625 0.687500 0.120313 0.693359 0.112500 0.781250 0.079687 0.777344
0 0.106250 0.595703 0.132812 0.599609 0.125000 0.677734 0.093750 0.671875
0 0.115625 0.501953 0.142187 0.507812 0.134375 0.582031 0.104688 0.580078
0 0.140625 0.320312 0.168750 0.324219 0.162500 0.394531 0.131250 0.388672
0 0.482812 0.675781 0.543750 0.673828 0.545312 0.705078 0.487500 0.710938
0 0.487500 0.712891 0.551562 0.716797 0.550000 0.746094 0.485938 0.746094
0 0.484375 0.750000 0.560937 0.757812 0.559375 0.785156 0.481250 0.787109
0 0.481250 0.791016 0.557813 0.791016 0.559375 0.828125 0.481250 0.832031
0 0.484375 0.843750 0.553125 0.843750 0.554688 0.875000 0.482812 0.875000
0 0.487500 0.884766 0.556250 0.884766 0.559375 0.914062 0.484375 0.917969
0 0.487500 0.929688 0.553125 0.933594 0.551562 0.964844 0.487500 0.958984
0 0.484375 0.976562 0.560937 0.968750 0.559375 1.000000 0.485938 1.000000
0 0.618750 0.611328 0.643750 0.611328 0.650000 0.689453 0.623437 0.695312
0 0.620313 0.708984 0.645312 0.708984 0.650000 0.777344 0.621875 0.777344
0 0.629687 0.796875 0.656250 0.796875 0.659375 0.890625 0.629687 0.892578
0 0.635938 0.947266 0.668750 0.945312 0.670312 1.000000 0.637500 1.000000
0 0.368750 0.882812 0.446875 0.875000 0.446875 0.916016 0.368750 0.917969
0 0.362500 0.929688 0.440625 0.919922 0.440625 0.953125 0.367188 0.964844
0 0.168750 0.007812 0.200000 0.011719 0.195312 0.064453 0.162500 0.066406
0 0.140625 0.257812 0.173437 0.257812 0.168750 0.324219 0.137500 0.324219
0 0.153125 0.191406 0.179688 0.199219 0.173437 0.251953 0.145313 0.248047
0 0.162500 0.125000 0.192188 0.126953 0.184375 0.189453 0.151562 0.185547
0 0.168750 0.070312 0.200000 0.070312 0.193750 0.125000 0.159375 0.125000
0 0.389062 0.015625 0.439063 0.000000 0.450000 0.023438 0.398438 0.042969
0 0.400000 0.037109 0.451562 0.033203 0.454688 0.060547 0.401562 0.062500
0 0.398438 0.062500 0.456250 0.062500 0.456250 0.087891 0.403125 0.091797
0 0.400000 0.099609 0.456250 0.099609 0.456250 0.126953 0.400000 0.128906
0 0.392188 0.140625 0.456250 0.142578 0.456250 0.164062 0.393750 0.164062
3 0.401562 0.162109 0.437500 0.162109 0.445312 0.273438 0.406250 0.277344
0 0.398438 0.281250 0.459375 0.283203 0.456250 0.316406 0.393750 0.314453
0 0.382812 0.332031 0.456250 0.324219 0.456250 0.349609 0.387500 0.359375
0 0.482812 0.000000 0.531250 0.000000 0.535937 0.013672 0.484375 0.019531
0 0.487500 0.019531 0.539062 0.019531 0.539062 0.046875 0.489063 0.046875
0 0.485938 0.042969 0.540625 0.044922 0.537500 0.070312 0.484375 0.064453
0 0.482812 0.070312 0.545312 0.070312 0.543750 0.093750 0.482812 0.095703
0 0.481250 0.095703 0.543750 0.103516 0.543750 0.132812 0.479687 0.125000
0 0.487500 0.128906 0.542188 0.138672 0.542188 0.158203 0.487500 0.146484
0 0.481250 0.154297 0.537500 0.152344 0.542188 0.177734 0.484375 0.179688
0 0.479687 0.179688 0.539062 0.179688 0.537500 0.207031 0.481250 0.207031
0 0.478125 0.207031 0.539062 0.207031 0.542188 0.236328 0.478125 0.236328
0 0.481250 0.236328 0.543750 0.238281 0.543750 0.259766 0.482812 0.257812
0 0.482812 0.263672 0.542188 0.267578 0.540625 0.291016 0.484375 0.289062
0 0.478125 0.289062 0.543750 0.294922 0.543750 0.322266 0.478125 0.318359
0 0.479687 0.316406 0.542188 0.326172 0.545312 0.343750 0.479687 0.343750
0 0.481250 0.349609 0.548438 0.345703 0.548438 0.380859 0.481250 0.382812
0 0.534375 0.447266 0.560937 0.437500 0.570312 0.507812 0.545312 0.513672
0 0.626563 0.000000 0.668750 0.023438 0.654687 0.046875 0.614062 0.027344
0 0.593750 0.113281 0.645312 0.080078 0.662500 0.101562 0.612500 0.132812
0 0.596875 0.152344 0.621875 0.154297 0.625000 0.208984 0.600000 0.208984
0 0.593750 0.230469 0.620313 0.226562 0.626563 0.289062 0.600000 0.294922
0 0.604688 0.316406 0.632812 0.314453 0.631250 0.363281 0.606250 0.369141
0 0.635938 0.390625 0.696875 0.390625 0.695312 0.417969 0.635938 0.417969
0 0.625000 0.421875 0.693750 0.414062 0.695312 0.445312 0.626563 0.453125
0 0.629687 0.453125 0.696875 0.451172 0.700000 0.478516 0.631250 0.480469
0 0.637500 0.488281 0.695312 0.478516 0.693750 0.513672 0.634375 0.519531
0 0.635938 0.523438 0.690625 0.515625 0.692187 0.544922 0.635938 0.552734
0 0.643750 0.560547 0.690625 0.554688 0.695312 0.578125 0.643750 0.585938
0 0.600000 0.533203 0.626563 0.529297 0.637500 0.609375 0.607812 0.615234
0 0.490625 0.531250 0.551562 0.537109 0.550000 0.564453 0.490625 0.560547
0 0.492188 0.568359 0.554688 0.564453 0.556250 0.593750 0.492188 0.595703
0 0.489063 0.613281 0.548438 0.615234 0.546875 0.640625 0.487500 0.644531
