3 0.173437 0.238281 0.234375 0.171875 0.434375 0.423828 0.381250 0.484375
0 0.971875 0.359375 1.000000 0.412109 1.000000 0.464844 0.951562 0.410156
0 0.946875 0.425781 1.000000 0.490234 1.000000 0.544922 0.923438 0.470703
0 0.910937 0.490234 1.000000 0.582031 0.993750 0.630859 0.882812 0.541016
0 0.884375 0.568359 0.992188 0.652344 0.970313 0.701172 0.859375 0.625000
0 0.832812 0.666016 0.948438 0.742188 0.923438 0.798828 0.806250 0.728516
0 0.617188 0.652344 0.718750 0.769531 0.679688 0.816406 0.582812 0.699219
0 0.773438 0.847656 0.810937 0.800781 0.918750 0.925781 0.882812 0.968750
0 0.726562 0.898438 0.842187 0.988281 0.817187 1.000000 0.700000 0.957031
3 0.301563 0.134766 0.350000 0.076172 0.521875 0.269531 0.467187 0.328125
3 0.365625 0.044922 0.410938 0.000000 0.639062 0.179688 0.582812 0.261719
