0 0.375000 0.425781 0.403125 0.402344 0.442188 0.445312 0.420312 0.478516
0 0.453125 0.453125 0.501563 0.505859 0.482812 0.535156 0.434375 0.484375
0 0.500000 0.550781 0.531250 0.521484 0.573438 0.574219 0.542188 0.601562
0 0.612500 0.652344 0.637500 0.625000 0.695312 0.679688 0.668750 0.712891
0 0.684375 0.740234 0.715625 0.707031 0.768750 0.767578 0.739062 0.798828
0 0.792188 0.779297 0.859375 0.843750 0.828125 0.880859 0.765625 0.814453
0 0.840625 0.677734 0.898438 0.734375 0.873437 0.769531 0.812500 0.714844
0 0.906250 0.751953 0.971875 0.812500 0.943750 0.841797 0.881250 0.785156
0 0.879687 0.865234 0.937500 0.925781 0.910937 0.962891 0.853125 0.906250
0 0.295312 0.365234 0.318750 0.341797 0.367188 0.390625 0.345313 0.414062
0 0.239063 0.318359 0.264062 0.291016 0.303125 0.335938 0.282813 0.365234
0 0.195312 0.257812 0.215625 0.236328 0.257812 0.281250 0.234375 0.306641
0 0.306250 0.255859 0.346875 0.216797 0.371875 0.238281 0.332813 0.281250
1 0.145313 0.193359 0.220312 0.138672 0.254688 0.173828 0.176563 0.234375
0 0.228125 0.123047 0.246875 0.101562 0.281250 0.132812 0.265625 0.152344
0 0.085938 0.109375 0.129688 0.154297 0.109375 0.179688 0.065625 0.136719
0 0.267188 0.111328 0.285938 0.091797 0.321875 0.125000 0.306250 0.150391
0 0.281250 0.082031 0.301563 0.058594 0.354687 0.105469 0.328125 0.134766
0 0.309375 0.062500 0.332813 0.041016 0.370312 0.072266 0.345313 0.095703
0 0.246875 0.005859 0.275000 0.000000 0.318750 0.033203 0.293750 0.056641
0 0.217188 0.033203 0.239063 0.007812 0.285938 0.062500 0.264062 0.083984
0 0.179688 0.052734 0.203125 0.027344 0.246875 0.072266 0.223438 0.101562
0 0.146875 0.066406 0.170313 0.039062 0.210938 0.080078 0.189062 0.107422
0 0.121875 0.085938 0.145313 0.058594 0.184375 0.105469 0.159375 0.134766
0 0.109375 0.083984 0.157812 0.130859 0.137500 0.164062 0.090625 0.117188
