4 0.940625 0.193359 0.996875 0.205078 0.992188 0.244141 0.935937 0.232422
4 0.876563 0.498047 0.945312 0.513672 0.940625 0.556641 0.870313 0.537109
0 0.865625 0.527344 0.934375 0.546875 0.929688 0.589844 0.854688 0.574219
0 0.857812 0.564453 0.934375 0.591797 0.925000 0.632812 0.846875 0.603516
0 0.834375 0.675781 0.907813 0.699219 0.898438 0.746094 0.825000 0.724609
0 0.820312 0.761719 0.889062 0.785156 0.882812 0.828125 0.809375 0.804688
0 0.815625 0.798828 0.881250 0.822266 0.873437 0.865234 0.809375 0.847656
0 0.623437 0.652344 0.695312 0.675781 0.682813 0.718750 0.610938 0.691406
0 0.653125 0.568359 0.728125 0.595703 0.718750 0.630859 0.642188 0.601562
0 0.671875 0.500000 0.742188 0.523438 0.731250 0.560547 0.660937 0.537109
0 0.692187 0.439453 0.754687 0.460938 0.748437 0.494141 0.684375 0.470703
0 0.706250 0.396484 0.768750 0.421875 0.757812 0.460938 0.695312 0.435547
0 0.918750 0.318359 0.985938 0.341797 0.971875 0.375000 0.909375 0.349609
0 0.876563 0.464844 0.945312 0.488281 0.935937 0.521484 0.867188 0.500000
2 0.793750 0.849609 0.893750 0.884766 0.881250 0.929688 0.779687 0.890625
0 0.971875 0.521484 1.000000 0.541016 1.000000 0.572266 0.962500 0.554688
0 0.968750 0.552734 1.000000 0.568359 1.000000 0.607422 0.962500 0.589844
0 0.953125 0.646484 1.000000 0.673828 1.000000 0.714844 0.946875 0.689453
0 0.946875 0.689453 1.000000 0.708984 1.000000 0.740234 0.939063 0.720703
4 0.926562 0.750000 0.996875 0.773438 0.985938 0.800781 0.920312 0.779297
0 0.914062 0.835938 0.989062 0.861328 0.978125 0.892578 0.906250 0.865234
0 0.735938 0.306641 0.793750 0.332031 0.781250 0.359375 0.728125 0.339844
0 0.542188 0.960938 0.614062 0.978516 0.601562 1.000000 0.532813 1.000000
0 0.596875 0.109375 0.620313 0.111328 0.607812 0.162109 0.582812 0.156250
0 0.648438 0.109375 0.679688 0.119141 0.660937 0.173828 0.629687 0.160156
1 0.718750 0.134766 0.795312 0.146484 0.789062 0.207031 0.714063 0.187500
1 0.846875 0.152344 0.921875 0.171875 0.915625 0.234375 0.837500 0.216797
