0 0.142187 0.474609 0.248438 0.468750 0.248438 0.523438 0.142187 0.529297
0 0.140625 0.541016 0.239063 0.531250 0.239063 0.583984 0.142187 0.591797
0 0.146875 0.603516 0.242188 0.595703 0.240625 0.646484 0.150000 0.658203
0 0.139063 0.664062 0.239063 0.656250 0.237500 0.705078 0.140625 0.712891
0 0.146875 0.726562 0.246875 0.716797 0.243750 0.767578 0.148438 0.773438
0 0.137500 0.808594 0.246875 0.802734 0.243750 0.853516 0.140625 0.859375
0 0.134375 0.871094 0.243750 0.853516 0.243750 0.908203 0.135937 0.921875
0 0.129688 0.937500 0.231250 0.927734 0.234375 0.990234 0.131250 1.000000
0 0.312500 0.738281 0.409375 0.730469 0.410938 0.789062 0.309375 0.792969
0 0.746875 0.671875 0.787500 0.660156 0.810937 0.777344 0.767188 0.794922
0 0.950000 0.673828 1.000000 0.664062 1.000000 0.781250 0.971875 0.787109
0 0.112500 0.000000 0.203125 0.000000 0.203125 0.042969 0.109375 0.046875
0 0.148438 0.310547 0.243750 0.291016 0.246875 0.355469 0.151562 0.363281
0 0.000000 0.306641 0.053125 0.314453 0.051562 0.363281 0.000000 0.355469
0 0.000000 0.373047 0.043750 0.371094 0.045312 0.417969 0.000000 0.421875
0 0.150000 0.416016 0.242188 0.402344 0.239063 0.458984 0.150000 0.464844
