0 0.584375 0.683594 0.617188 0.705078 0.568750 0.814453 0.537500 0.789062
0 0.915625 0.078125 0.942187 0.095703 0.903125 0.169922 0.873437 0.154297
0 0.746875 0.044922 0.787500 0.000000 0.814063 0.000000 0.775000 0.062500
0 0.828125 0.000000 0.854688 0.015625 0.815625 0.087891 0.787500 0.070312
0 0.629687 0.000000 0.656250 0.011719 0.617188 0.083984 0.589063 0.066406
0 0.670312 0.019531 0.696875 0.037109 0.657813 0.109375 0.629687 0.091797
0 0.709375 0.039062 0.735938 0.056641 0.696875 0.128906 0.668750 0.111328
0 0.748437 0.054688 0.775000 0.072266 0.735938 0.144531 0.707812 0.126953
0 0.785937 0.078125 0.812500 0.095703 0.771875 0.177734 0.743750 0.158203
0 0.473438 0.000000 0.500000 0.009766 0.459375 0.091797 0.431250 0.072266
0 0.395313 0.050781 0.437500 0.000000 0.464062 0.000000 0.423438 0.070312
0 0.521875 0.015625 0.548438 0.033203 0.507812 0.115234 0.479687 0.095703
0 0.557813 0.041016 0.584375 0.058594 0.543750 0.140625 0.515625 0.121094
0 0.590625 0.070312 0.617188 0.087891 0.576562 0.169922 0.548438 0.150391
0 0.631250 0.091797 0.657813 0.109375 0.617188 0.191406 0.589063 0.171875
0 0.668750 0.119141 0.695312 0.136719 0.654687 0.218750 0.626563 0.199219
0 0.706250 0.134766 0.732812 0.152344 0.692187 0.234375 0.664062 0.214844
0 0.306250 0.009766 0.332813 0.027344 0.292187 0.109375 0.260937 0.085938
0 0.745313 0.160156 0.771875 0.177734 0.731250 0.259766 0.703125 0.240234
0 0.348438 0.035156 0.375000 0.052734 0.334375 0.134766 0.303125 0.111328
0 0.426563 0.078125 0.453125 0.095703 0.412500 0.177734 0.385937 0.156250
0 0.393750 0.058594 0.420312 0.076172 0.379688 0.158203 0.343750 0.136719
0 0.476562 0.091797 0.503125 0.109375 0.462500 0.191406 0.432812 0.175781
0 0.512500 0.123047 0.539062 0.140625 0.498437 0.222656 0.468750 0.207031
0 0.546875 0.148438 0.573438 0.166016 0.529687 0.255859 0.498437 0.244141
0 0.584375 0.175781 0.610938 0.193359 0.567187 0.283203 0.540625 0.261719
0 0.617188 0.207031 0.643750 0.224609 0.606250 0.306641 0.575000 0.292969
0 0.664062 0.220703 0.690625 0.238281 0.648438 0.320312 0.618750 0.296875
0 0.609375 0.396484 0.635938 0.414062 0.596875 0.501953 0.564063 0.478516
0 0.703125 0.238281 0.729688 0.255859 0.684375 0.351562 0.654687 0.326172
0 0.565625 0.373047 0.592187 0.390625 0.553125 0.478516 0.520312 0.455078
0 0.531250 0.343750 0.557813 0.361328 0.518750 0.449219 0.485938 0.425781
0 0.487500 0.314453 0.514062 0.332031 0.475000 0.419922 0.442188 0.396484
0 0.445312 0.291016 0.475000 0.310547 0.432812 0.390625 0.400000 0.367188
0 0.406250 0.265625 0.442188 0.289062 0.393750 0.365234 0.360938 0.341797
0 0.365625 0.240234 0.401562 0.263672 0.353125 0.339844 0.320312 0.316406
0 0.328125 0.222656 0.354687 0.242188 0.314063 0.318359 0.282813 0.298828
0 0.290625 0.199219 0.317188 0.218750 0.276562 0.294922 0.245312 0.275391
0 0.254688 0.175781 0.281250 0.195312 0.234375 0.271484 0.203125 0.251953
0 0.218750 0.140625 0.245312 0.160156 0.192188 0.238281 0.165625 0.216797
0 0.179688 0.121094 0.206250 0.140625 0.160938 0.216797 0.132812 0.191406
0 0.142187 0.095703 0.168750 0.115234 0.123438 0.191406 0.095312 0.166016
0 0.053125 0.148438 0.079687 0.167969 0.026562 0.255859 0.000000 0.222656
0 0.092188 0.175781 0.118750 0.195312 0.071875 0.269531 0.042188 0.251953
0 0.162500 0.222656 0.189062 0.242188 0.142187 0.316406 0.112500 0.298828
0 0.131250 0.199219 0.157812 0.218750 0.110937 0.292969 0.081250 0.275391
0 0.198437 0.265625 0.225000 0.285156 0.178125 0.359375 0.148438 0.341797
0 0.281250 0.308594 0.307812 0.328125 0.259375 0.410156 0.235937 0.390625
0 0.240625 0.287109 0.267188 0.306641 0.218750 0.388672 0.195312 0.369141
0 0.362500 0.353516 0.389062 0.373047 0.337500 0.462891 0.309375 0.443359
0 0.260937 0.537109 0.287500 0.556641 0.248438 0.652344 0.218750 0.632812
0 0.331250 0.332031 0.357812 0.351562 0.306250 0.441406 0.278125 0.421875
0 0.032813 0.246094 0.064062 0.267578 0.017188 0.353516 0.000000 0.332031
0 0.112500 0.308594 0.143750 0.330078 0.096875 0.416016 0.068750 0.394531
0 0.146875 0.341797 0.178125 0.363281 0.131250 0.449219 0.103125 0.427734
0 0.190625 0.365234 0.221875 0.386719 0.175000 0.472656 0.146875 0.451172
0 0.232813 0.396484 0.264062 0.417969 0.217188 0.503906 0.189062 0.482422
0 0.275000 0.416016 0.309375 0.435547 0.260937 0.529297 0.232813 0.507812
0 0.317188 0.447266 0.342187 0.466797 0.298438 0.548828 0.270313 0.527344
0 0.354687 0.460938 0.381250 0.480469 0.339062 0.576172 0.310937 0.554688
0 0.407813 0.373047 0.434375 0.392578 0.382812 0.482422 0.354687 0.462891
0 0.445312 0.400391 0.471875 0.419922 0.435937 0.500000 0.404687 0.482422
0 0.482812 0.433594 0.509375 0.453125 0.473438 0.533203 0.442188 0.515625
0 0.525000 0.457031 0.551562 0.476562 0.515625 0.556641 0.484375 0.539062
0 0.403125 0.480469 0.429688 0.500000 0.387500 0.595703 0.359375 0.574219
0 0.442188 0.519531 0.468750 0.539062 0.426563 0.634766 0.398438 0.613281
0 0.478125 0.552734 0.504687 0.572266 0.462500 0.667969 0.434375 0.640625
0 0.059375 0.392578 0.085938 0.412109 0.040625 0.505859 0.009375 0.490234
0 0.101562 0.427734 0.128125 0.447266 0.082812 0.541016 0.051562 0.525391
0 0.140625 0.457031 0.167187 0.476562 0.121875 0.570312 0.090625 0.554688
0 0.184375 0.482422 0.210938 0.501953 0.165625 0.595703 0.134375 0.580078
0 0.971875 0.417969 1.000000 0.431641 0.959375 0.539062 0.923438 0.515625
0 0.918750 0.408203 0.951562 0.421875 0.903125 0.523438 0.867188 0.501953
0 0.834375 0.339844 0.867188 0.353516 0.828125 0.453125 0.792188 0.433594
0 0.992188 0.123047 1.000000 0.136719 0.985938 0.216797 0.956250 0.199219
0 0.993750 0.236328 1.000000 0.250000 0.987500 0.330078 0.957812 0.312500
0 0.956250 0.328125 0.989062 0.341797 0.950000 0.421875 0.920312 0.404297
0 0.909375 0.294922 0.942187 0.308594 0.903125 0.388672 0.873437 0.371094
0 0.957812 0.207031 0.990625 0.220703 0.951562 0.294922 0.917188 0.277344
0 0.914062 0.179688 0.946875 0.193359 0.907813 0.267578 0.881250 0.244141
0 0.878125 0.251953 0.904687 0.269531 0.865625 0.355469 0.839063 0.332031
0 0.828125 0.240234 0.854688 0.257812 0.815625 0.332031 0.785937 0.316406
0 0.871875 0.158203 0.898438 0.175781 0.859375 0.250000 0.829688 0.234375
0 0.306250 0.548828 0.332813 0.568359 0.292187 0.664062 0.257812 0.654297
0 0.351562 0.566406 0.378125 0.585938 0.329688 0.675781 0.301563 0.658203
0 0.221875 0.509766 0.248438 0.529297 0.203125 0.623047 0.171875 0.607422
0 0.389062 0.605469 0.415625 0.625000 0.375000 0.724609 0.340625 0.703125
0 0.426563 0.648438 0.453125 0.667969 0.404687 0.769531 0.373437 0.748047
0 0.475000 0.667969 0.498437 0.689453 0.453125 0.789062 0.421875 0.767578
0 0.185938 0.906250 0.218750 0.927734 0.160938 1.000000 0.129688 1.000000
0 0.043750 0.822266 0.076563 0.843750 0.015625 0.960938 0.000000 0.939453
0 0.145313 0.882812 0.178125 0.904297 0.120313 1.000000 0.089063 0.982422
0 0.114062 0.707031 0.146875 0.728516 0.081250 0.835938 0.048438 0.816406
0 0.093750 0.857422 0.126562 0.878906 0.071875 0.998047 0.040625 0.966797
0 0.157812 0.757812 0.190625 0.779297 0.131250 0.876953 0.098437 0.855469
0 0.206250 0.781250 0.239063 0.802734 0.179688 0.900391 0.150000 0.873047
0 0.292187 0.843750 0.325000 0.865234 0.259375 0.972656 0.229687 0.939453
0 0.329688 0.882812 0.362500 0.904297 0.314063 1.000000 0.278125 0.976562
0 0.537500 0.796875 0.570312 0.818359 0.523438 0.914062 0.490625 0.890625
0 0.584375 0.828125 0.617188 0.849609 0.570312 0.945312 0.537500 0.921875
0 0.626563 0.857422 0.659375 0.878906 0.617188 0.978516 0.582812 0.962891
0 0.718750 0.781250 0.751563 0.802734 0.709375 0.902344 0.675000 0.886719
0 0.675000 0.753906 0.707812 0.775391 0.665625 0.873047 0.634375 0.855469
0 0.628125 0.728516 0.660937 0.750000 0.614062 0.843750 0.584375 0.820312
0 0.632812 0.593750 0.665625 0.615234 0.620313 0.701172 0.589063 0.679688
0 0.673438 0.628906 0.706250 0.650391 0.668750 0.742188 0.634375 0.716797
0 0.720313 0.660156 0.753125 0.681641 0.715625 0.773438 0.681250 0.748047
0 0.764062 0.689453 0.796875 0.710938 0.759375 0.802734 0.725000 0.777344
0 0.804688 0.720703 0.837500 0.742188 0.800000 0.833984 0.765625 0.808594
0 0.765625 0.816406 0.798438 0.837891 0.757812 0.939453 0.720313 0.916016
0 0.812500 0.847656 0.845313 0.869141 0.804688 0.970703 0.767188 0.947266
0 0.859375 0.732422 0.892188 0.753906 0.851562 0.855469 0.814063 0.832031
0 0.900000 0.775391 0.932813 0.796875 0.892188 0.898438 0.854688 0.875000
0 0.950000 0.814453 0.982812 0.835938 0.943750 0.933594 0.904687 0.914062
0 0.989062 0.705078 1.000000 0.726562 0.982812 0.824219 0.950000 0.800781
0 0.940625 0.681641 0.973437 0.703125 0.934375 0.791016 0.896875 0.771484
0 0.853125 0.623047 0.879687 0.644531 0.840625 0.736328 0.809375 0.712891
0 0.809375 0.591797 0.835938 0.613281 0.796875 0.705078 0.760938 0.685547
0 0.726562 0.535156 0.753125 0.556641 0.710938 0.636719 0.679688 0.613281
0 0.687500 0.511719 0.714063 0.533203 0.671875 0.613281 0.640625 0.589844
