0 0.021875 0.843750 0.121875 0.816406 0.128125 0.875000 0.026562 0.902344
0 0.820312 0.646484 0.864062 0.634766 0.881250 0.740234 0.840625 0.750000
0 0.915625 0.535156 0.950000 0.523438 0.981250 0.625000 0.939063 0.642578
0 0.854688 0.539062 0.895312 0.523438 0.925000 0.632812 0.879687 0.646484
0 0.792188 0.531250 0.832812 0.519531 0.854688 0.623047 0.812500 0.638672
0 0.745313 0.515625 0.781250 0.507812 0.796875 0.621094 0.759375 0.626953
0 0.218750 0.812500 0.320312 0.789062 0.328125 0.851562 0.228125 0.875000
3 0.657813 0.449219 0.723437 0.441406 0.770312 0.740234 0.706250 0.753906
3 0.570312 0.458984 0.642188 0.439453 0.695312 0.742188 0.631250 0.750000
3 0.884375 0.105469 0.935937 0.087891 0.995313 0.279297 0.937500 0.302734
3 0.818750 0.105469 0.870313 0.089844 0.931250 0.285156 0.878125 0.302734
3 0.757812 0.115234 0.804688 0.103516 0.857812 0.302734 0.803125 0.318359
3 0.689063 0.119141 0.737500 0.095703 0.787500 0.296875 0.731250 0.312500
3 0.626563 0.121094 0.675000 0.113281 0.718750 0.308594 0.659375 0.320312
3 0.546875 0.070312 0.601562 0.050781 0.643750 0.257812 0.578125 0.267578
3 0.900000 0.000000 0.948438 0.000000 0.982812 0.103516 0.934375 0.113281
3 0.840625 0.000000 0.884375 0.000000 0.926562 0.099609 0.875000 0.107422
3 0.773438 0.000000 0.825000 0.000000 0.859375 0.105469 0.806250 0.121094
3 0.710938 0.000000 0.762500 0.000000 0.795312 0.103516 0.743750 0.107422
3 0.642188 0.000000 0.695312 0.000000 0.728125 0.109375 0.676562 0.115234
3 0.575000 0.000000 0.631250 0.000000 0.667188 0.113281 0.615625 0.132812
3 0.162500 0.001953 0.387500 0.000000 0.393750 0.068359 0.167187 0.076172
