0 0.740625 0.287109 0.776563 0.283203 0.789062 0.410156 0.750000 0.416016
0 0.125000 0.042969 0.223438 0.041016 0.225000 0.089844 0.129688 0.083984
0 0.235937 0.017578 0.337500 0.013672 0.337500 0.060547 0.235937 0.062500
0 0.348438 0.013672 0.423438 0.011719 0.426563 0.056641 0.348438 0.056641
0 0.448437 0.009766 0.546875 0.000000 0.546875 0.044922 0.453125 0.054688
0 0.573438 0.000000 0.664062 0.005859 0.664062 0.058594 0.568750 0.050781
0 0.671875 0.000000 0.712500 0.000000 0.714063 0.113281 0.676562 0.113281
0 0.726562 0.009766 0.762500 0.011719 0.765625 0.125000 0.731250 0.123047
0 0.784375 0.000000 0.815625 0.000000 0.821875 0.064453 0.787500 0.070312
0 0.234375 0.070312 0.329688 0.070312 0.331250 0.115234 0.234375 0.113281
0 0.342187 0.070312 0.445312 0.070312 0.445312 0.117188 0.342187 0.117188
0 0.450000 0.066406 0.551562 0.052734 0.553125 0.105469 0.453125 0.109375
0 0.571875 0.070312 0.662500 0.066406 0.664062 0.109375 0.573438 0.113281
0 0.117188 0.115234 0.215625 0.119141 0.212500 0.169922 0.118750 0.164062
0 0.218750 0.125000 0.325000 0.125000 0.325000 0.173828 0.223438 0.171875
0 0.348438 0.130859 0.442188 0.125000 0.442188 0.171875 0.348438 0.173828
0 0.445312 0.125000 0.550000 0.119141 0.551562 0.169922 0.448437 0.169922
0 0.570312 0.125000 0.659375 0.121094 0.660937 0.167969 0.570312 0.169922
0 0.679688 0.119141 0.721875 0.117188 0.726562 0.269531 0.687500 0.275391
0 0.731250 0.136719 0.765625 0.136719 0.770312 0.248047 0.739062 0.246094
0 0.782813 0.074219 0.820312 0.074219 0.825000 0.181641 0.789062 0.183594
0 0.775000 0.210938 0.804688 0.187500 0.859375 0.277344 0.832812 0.304688
0 0.571875 0.177734 0.660937 0.175781 0.662500 0.220703 0.575000 0.226562
0 0.576562 0.234375 0.676562 0.236328 0.675000 0.283203 0.578125 0.275391
0 0.462500 0.185547 0.560937 0.175781 0.560937 0.228516 0.465625 0.232422
0 0.346875 0.187500 0.445312 0.185547 0.445312 0.232422 0.346875 0.238281
0 0.234375 0.193359 0.340625 0.195312 0.337500 0.242188 0.232813 0.240234
0 0.129688 0.248047 0.229687 0.248047 0.229687 0.291016 0.126562 0.292969
0 0.246875 0.257812 0.335938 0.255859 0.339062 0.300781 0.245312 0.304688
0 0.348438 0.253906 0.450000 0.248047 0.445312 0.294922 0.348438 0.298828
0 0.465625 0.242188 0.559375 0.236328 0.559375 0.285156 0.475000 0.294922
0 0.262500 0.316406 0.356250 0.314453 0.356250 0.357422 0.262500 0.357422
0 0.362500 0.312500 0.453125 0.308594 0.454688 0.349609 0.364063 0.353516
0 0.473438 0.298828 0.560937 0.300781 0.559375 0.347656 0.471875 0.345703
0 0.578125 0.298828 0.675000 0.292969 0.676562 0.337891 0.579688 0.343750
0 0.695312 0.281250 0.728125 0.279297 0.734375 0.400391 0.700000 0.402344
0 0.801562 0.314453 0.837500 0.310547 0.846875 0.427734 0.809375 0.433594
0 0.235937 0.375000 0.332813 0.371094 0.332813 0.419922 0.235937 0.421875
0 0.345313 0.371094 0.453125 0.365234 0.453125 0.412109 0.342187 0.416016
0 0.460938 0.361328 0.562500 0.359375 0.562500 0.404297 0.462500 0.406250
0 0.582812 0.357422 0.685937 0.347656 0.689063 0.396484 0.582812 0.398438
0 0.226562 0.435547 0.318750 0.435547 0.317188 0.476562 0.226562 0.478516
0 0.217188 0.500000 0.323437 0.494141 0.321875 0.542969 0.218750 0.542969
0 0.346875 0.494141 0.453125 0.492188 0.453125 0.529297 0.354687 0.539062
0 0.345313 0.435547 0.445312 0.427734 0.445312 0.472656 0.348438 0.478516
0 0.467187 0.419922 0.573438 0.417969 0.575000 0.462891 0.465625 0.466797
0 0.476562 0.488281 0.567187 0.476562 0.573438 0.523438 0.481250 0.533203
0 0.590625 0.406250 0.685937 0.406250 0.685937 0.455078 0.589063 0.453125
0 0.590625 0.470703 0.685937 0.474609 0.682813 0.521484 0.589063 0.513672
0 0.695312 0.414062 0.734375 0.410156 0.739062 0.519531 0.704688 0.521484
0 0.748437 0.417969 0.790625 0.416016 0.793750 0.537109 0.760938 0.542969
0 0.812500 0.437500 0.851562 0.435547 0.851562 0.554688 0.815625 0.548828
0 0.603125 0.535156 0.687500 0.527344 0.692187 0.572266 0.609375 0.578125
0 0.600000 0.599609 0.703125 0.580078 0.706250 0.630859 0.606250 0.644531
0 0.606250 0.656250 0.709375 0.640625 0.710938 0.689453 0.614062 0.703125
0 0.631250 0.716797 0.734375 0.708984 0.737500 0.755859 0.635938 0.761719
0 0.746875 0.703125 0.846875 0.669922 0.857812 0.714844 0.756250 0.748047
0 0.718750 0.636719 0.825000 0.621094 0.828125 0.669922 0.723437 0.685547
0 0.715625 0.542969 0.817187 0.562500 0.810937 0.611328 0.710938 0.591797
0 0.776563 0.767578 0.810937 0.761719 0.821875 0.884766 0.785937 0.884766
2 0.818750 0.734375 0.864062 0.726562 0.882812 0.882812 0.843750 0.894531
0 0.914062 0.777344 0.953125 0.773438 0.968750 0.914062 0.926562 0.919922
