0 0.773438 0.761719 0.850000 0.763672 0.853125 0.814453 0.770312 0.810547
0 0.226562 0.539062 0.315625 0.542969 0.314063 0.582031 0.221875 0.576172
0 0.221875 0.609375 0.309375 0.615234 0.309375 0.662109 0.220312 0.658203
0 0.231250 0.677734 0.320312 0.679688 0.320312 0.714844 0.232813 0.714844
0 0.248438 0.746094 0.339062 0.746094 0.340625 0.794922 0.246875 0.791016
0 0.242188 0.814453 0.325000 0.814453 0.325000 0.861328 0.242188 0.857422
0 0.800000 0.080078 0.850000 0.113281 0.839063 0.156250 0.779687 0.117188
0 0.240625 0.173828 0.328125 0.173828 0.326562 0.210938 0.240625 0.207031
0 0.232813 0.228516 0.309375 0.232422 0.301563 0.277344 0.229687 0.273438
0 0.242188 0.289062 0.331250 0.291016 0.331250 0.339844 0.242188 0.339844
0 0.215625 0.343750 0.304688 0.353516 0.301563 0.410156 0.210938 0.396484
0 0.235937 0.419922 0.307812 0.421875 0.307812 0.466797 0.234375 0.464844
0 0.243750 0.478516 0.323437 0.476562 0.326562 0.525391 0.242188 0.521484
0 0.226562 0.955078 0.321875 0.960938 0.320312 1.000000 0.220312 1.000000
0 0.770312 0.285156 0.853125 0.283203 0.857812 0.328125 0.773438 0.330078
0 0.770312 0.347656 0.843750 0.349609 0.848437 0.394531 0.768750 0.388672
0 0.818750 0.404297 0.868750 0.445312 0.851562 0.480469 0.800000 0.441406
0 0.235937 0.882812 0.329688 0.882812 0.331250 0.931641 0.235937 0.927734
0 0.768750 0.585938 0.846875 0.554688 0.859375 0.597656 0.782813 0.623047
0 0.776563 0.640625 0.850000 0.630859 0.857812 0.673828 0.781250 0.677734
0 0.781250 0.695312 0.857812 0.699219 0.860938 0.751953 0.781250 0.751953
0 0.781250 0.833984 0.867188 0.839844 0.868750 0.888672 0.781250 0.888672
0 0.240625 0.109375 0.323437 0.109375 0.321875 0.154297 0.243750 0.154297
