0 0.443750 0.296875 0.528125 0.318359 0.517188 0.363281 0.431250 0.333984
0 0.379688 0.533203 0.465625 0.556641 0.459375 0.601562 0.370312 0.576172
0 0.364063 0.578125 0.451562 0.607422 0.440625 0.656250 0.356250 0.628906
0 0.354687 0.644531 0.437500 0.662109 0.432812 0.707031 0.342187 0.685547
0 0.326562 0.748047 0.423438 0.775391 0.417187 0.816406 0.315625 0.791016
0 0.315625 0.808594 0.410938 0.833984 0.401562 0.882812 0.304688 0.859375
0 0.423438 0.785156 0.518750 0.824219 0.504687 0.880859 0.407813 0.839844
0 0.281250 0.947266 0.385937 0.960938 0.375000 1.000000 0.273438 0.996094
0 0.337500 0.697266 0.432812 0.722656 0.425000 0.771484 0.329688 0.742188
1 0.818750 0.000000 0.920312 0.000000 0.917188 0.056641 0.818750 0.048828
1 0.818750 0.046875 0.926562 0.054688 0.915625 0.113281 0.807813 0.103516
1 0.809375 0.095703 0.931250 0.113281 0.929688 0.169922 0.806250 0.152344
1 0.806250 0.150391 0.928125 0.167969 0.923438 0.234375 0.803125 0.210938
1 0.798438 0.208984 0.918750 0.226562 0.915625 0.279297 0.796875 0.263672
1 0.803125 0.259766 0.920312 0.283203 0.915625 0.337891 0.789062 0.314453
1 0.785937 0.310547 0.912500 0.333984 0.901563 0.404297 0.775000 0.378906
1 0.775000 0.376953 0.898438 0.400391 0.890625 0.466797 0.760938 0.435547
1 0.767188 0.431641 0.895312 0.462891 0.889062 0.523438 0.760938 0.498047
1 0.762500 0.490234 0.893750 0.519531 0.879687 0.585938 0.754687 0.552734
1 0.753125 0.548828 0.882812 0.583984 0.868750 0.658203 0.740625 0.613281
1 0.743750 0.625000 0.864062 0.646484 0.854688 0.716797 0.739062 0.691406
1 0.734375 0.691406 0.867188 0.714844 0.854688 0.783203 0.728125 0.753906
1 0.487500 0.058594 0.600000 0.093750 0.585938 0.154297 0.476562 0.121094
1 0.485938 0.126953 0.579688 0.136719 0.579688 0.193359 0.476562 0.181641
1 0.468750 0.162109 0.578125 0.189453 0.571875 0.250000 0.459375 0.230469
1 0.473438 0.255859 0.570312 0.277344 0.562500 0.324219 0.468750 0.314453
1 0.407813 0.468750 0.515625 0.503906 0.500000 0.570312 0.390625 0.535156
4 0.720313 0.951172 0.837500 0.980469 0.834375 1.000000 0.712500 1.000000
4 0.732812 0.882812 0.845313 0.908203 0.839063 0.968750 0.723437 0.933594
4 0.734375 0.828125 0.851562 0.853516 0.840625 0.910156 0.728125 0.876953
4 0.748437 0.767578 0.850000 0.791016 0.853125 0.835938 0.745313 0.816406
4 0.417187 0.431641 0.489063 0.449219 0.485938 0.488281 0.401562 0.464844
4 0.451562 0.337891 0.518750 0.363281 0.506250 0.406250 0.443750 0.384766
4 0.431250 0.390625 0.506250 0.404297 0.498437 0.451172 0.423438 0.431641
4 0.396875 0.931641 0.489063 0.941406 0.482812 1.000000 0.384375 0.990234
