0 0.331250 0.199219 0.393750 0.164062 0.409375 0.195312 0.346875 0.240234
0 0.710938 0.968750 0.787500 0.927734 0.806250 0.966797 0.728125 1.000000
0 0.168750 0.824219 0.203125 0.796875 0.234375 0.900391 0.206250 0.914062
0 0.320312 0.871094 0.343750 0.894531 0.306250 0.972656 0.281250 0.945312
0 0.381250 0.843750 0.410938 0.855469 0.375000 0.945312 0.346875 0.927734
0 0.440625 0.820312 0.470313 0.828125 0.443750 0.927734 0.412500 0.914062
0 0.506250 0.244141 0.528125 0.232422 0.562500 0.300781 0.540625 0.322266
0 0.537500 0.220703 0.556250 0.197266 0.600000 0.269531 0.581250 0.289062
0 0.331250 0.261719 0.410938 0.218750 0.421875 0.251953 0.343750 0.292969
0 0.325000 0.140625 0.373437 0.119141 0.387500 0.146484 0.337500 0.169922
0 0.281250 0.109375 0.350000 0.058594 0.368750 0.089844 0.293750 0.134766
0 0.456250 0.025391 0.510938 0.042969 0.501563 0.068359 0.450000 0.048828
0 0.259375 0.042969 0.326562 0.007812 0.337500 0.039062 0.268750 0.076172
0 0.228125 0.009766 0.268750 0.000000 0.290625 0.000000 0.248438 0.039062
