4 0.110937 0.046875 0.231250 0.044922 0.235937 0.101562 0.115625 0.107422
0 0.848437 0.009766 0.903125 0.003906 0.918750 0.117188 0.867188 0.125000
0 0.000000 0.050781 0.109375 0.052734 0.107813 0.111328 0.000000 0.115234
0 0.873437 0.162109 0.926562 0.156250 0.940625 0.267578 0.892188 0.275391
0 0.893750 0.304688 0.942187 0.296875 0.959375 0.433594 0.909375 0.435547
0 0.912500 0.466797 0.968750 0.460938 0.984375 0.599609 0.929688 0.605469
0 0.931250 0.607422 0.984375 0.601562 1.000000 0.738281 0.948438 0.750000
0 0.943750 0.792969 1.000000 0.781250 1.000000 0.937500 0.964063 0.945312
0 0.332813 0.847656 0.381250 0.849609 0.381250 0.992188 0.328125 0.994141
0 0.323437 0.648438 0.375000 0.636719 0.384375 0.791016 0.331250 0.796875
0 0.323437 0.492188 0.373437 0.482422 0.379688 0.625000 0.326562 0.628906
0 0.325000 0.289062 0.375000 0.289062 0.375000 0.421875 0.326562 0.425781
0 0.329688 0.132812 0.376563 0.126953 0.371875 0.250000 0.331250 0.251953
0 0.240625 0.052734 0.340625 0.066406 0.326562 0.126953 0.232813 0.109375
