0 0.193750 0.187500 0.245312 0.207031 0.232813 0.242188 0.178125 0.222656
0 0.712500 0.033203 0.782813 0.052734 0.776563 0.095703 0.703125 0.072266
0 0.721875 0.000000 0.792188 0.021484 0.787500 0.052734 0.714063 0.029297
0 0.809375 0.000000 0.879687 0.015625 0.875000 0.046875 0.801562 0.023438
0 0.795312 0.025391 0.865625 0.048828 0.860938 0.080078 0.787500 0.056641
0 0.796875 0.064453 0.867188 0.087891 0.862500 0.119141 0.789062 0.095703
0 0.784375 0.103516 0.854688 0.126953 0.850000 0.158203 0.776563 0.134766
0 0.778125 0.144531 0.834375 0.164062 0.829688 0.197266 0.770312 0.175781
0 0.698438 0.117188 0.765625 0.144531 0.760938 0.175781 0.690625 0.148438
0 0.750000 0.289062 0.801562 0.310547 0.792188 0.337891 0.737500 0.316406
1 0.757812 0.339844 0.850000 0.269531 0.882812 0.318359 0.789062 0.390625
4 0.820312 0.203125 0.896875 0.152344 0.917188 0.191406 0.837500 0.240234
4 0.684375 0.152344 0.745313 0.173828 0.731250 0.216797 0.673438 0.191406
0 0.545312 0.072266 0.609375 0.044922 0.621875 0.078125 0.553125 0.103516
0 0.532813 0.109375 0.596875 0.109375 0.600000 0.142578 0.532813 0.142578
0 0.000000 0.283203 0.068750 0.308594 0.045312 0.367188 0.000000 0.333984
0 0.000000 0.242188 0.076563 0.267578 0.057813 0.308594 0.000000 0.281250
0 0.010937 0.185547 0.093750 0.210938 0.075000 0.251953 0.000000 0.224609
0 0.065625 0.044922 0.120313 0.058594 0.109375 0.095703 0.054688 0.083984
0 0.245312 0.000000 0.300000 0.000000 0.298438 0.039062 0.234375 0.029297
0 0.215625 0.082031 0.276562 0.103516 0.267188 0.138672 0.200000 0.117188
0 0.179688 0.125000 0.248438 0.152344 0.232813 0.185547 0.164062 0.160156
0 0.132812 0.310547 0.193750 0.339844 0.181250 0.382812 0.117188 0.345703
0 0.109375 0.367188 0.167187 0.414062 0.151562 0.443359 0.093750 0.402344
0 0.662500 0.615234 0.732812 0.634766 0.729688 0.673828 0.651563 0.650391
4 0.625000 0.744141 0.703125 0.765625 0.695312 0.814453 0.617188 0.791016
4 0.642188 0.652344 0.745313 0.679688 0.735938 0.728516 0.635938 0.701172
4 0.678125 0.570312 0.757812 0.591797 0.750000 0.634766 0.665625 0.605469
0 0.687500 0.527344 0.757812 0.548828 0.751563 0.582031 0.675000 0.562500
0 0.698438 0.449219 0.765625 0.474609 0.757812 0.513672 0.682813 0.482422
0 0.712500 0.408203 0.782813 0.433594 0.768750 0.470703 0.700000 0.439453
0 0.631250 0.382812 0.696875 0.402344 0.687500 0.439453 0.618750 0.414062
0 0.626563 0.466797 0.689063 0.486328 0.679688 0.523438 0.614062 0.498047
0 0.589063 0.500000 0.665625 0.531250 0.656250 0.568359 0.578125 0.539062
0 0.448437 0.466797 0.521875 0.490234 0.510938 0.531250 0.437500 0.505859
0 0.567187 0.591797 0.643750 0.619141 0.635938 0.656250 0.556250 0.630859
0 0.550000 0.644531 0.623437 0.675781 0.612500 0.712891 0.539062 0.683594
0 0.548438 0.693359 0.614062 0.722656 0.606250 0.757812 0.537500 0.732422
0 0.520312 0.763672 0.604688 0.796875 0.592187 0.833984 0.509375 0.802734
0 0.460938 0.937500 0.545312 0.970703 0.532813 1.000000 0.450000 0.976562
0 0.575000 0.943359 0.662500 0.972656 0.648438 1.000000 0.564063 0.982422
0 0.578125 0.892578 0.654687 0.927734 0.645312 0.960938 0.567187 0.929688
0 0.576562 0.837891 0.657813 0.869141 0.646875 0.906250 0.560937 0.878906
0 0.832812 0.365234 0.857812 0.390625 0.812500 0.451172 0.782813 0.435547
0 0.779687 0.462891 0.806250 0.464844 0.804688 0.539062 0.775000 0.537109
0 0.948438 0.365234 1.000000 0.386719 0.996875 0.421875 0.935937 0.398438
0 0.943750 0.429688 0.970313 0.437500 0.942187 0.519531 0.915625 0.501953
0 0.840625 0.750000 0.867188 0.759766 0.848437 0.837891 0.818750 0.822266
