0 0.425000 0.683594 0.453125 0.683594 0.450000 0.787109 0.421875 0.787109
0 0.481250 0.683594 0.517188 0.685547 0.515625 0.791016 0.481250 0.789062
0 0.539062 0.683594 0.571875 0.687500 0.570312 0.792969 0.535937 0.791016
0 0.581250 0.679688 0.621875 0.683594 0.625000 0.789062 0.585938 0.789062
0 0.664062 0.687500 0.692187 0.689453 0.689063 0.781250 0.660937 0.779297
0 0.585938 0.951172 0.671875 0.949219 0.675000 0.992188 0.587500 0.996094
0 0.006250 0.640625 0.043750 0.640625 0.035937 0.751953 0.000000 0.751953
0 0.850000 0.710938 0.935937 0.710938 0.937500 0.757812 0.850000 0.751953
2 0.043750 0.642578 0.082812 0.642578 0.079687 0.777344 0.035937 0.775391
0 0.034375 0.494141 0.123438 0.492188 0.125000 0.539062 0.035937 0.541016
0 0.332813 0.470703 0.367188 0.462891 0.375000 0.558594 0.339062 0.564453
0 0.384375 0.462891 0.421875 0.460938 0.421875 0.562500 0.385937 0.564453
0 0.442188 0.468750 0.475000 0.470703 0.468750 0.574219 0.437500 0.572266
0 0.518750 0.474609 0.553125 0.476562 0.553125 0.576172 0.515625 0.578125
0 0.620313 0.472656 0.654687 0.472656 0.653125 0.578125 0.620313 0.578125
0 0.682813 0.478516 0.717187 0.478516 0.721875 0.585938 0.682813 0.587891
0 0.764062 0.496094 0.800000 0.492188 0.804688 0.589844 0.767188 0.593750
0 0.937500 0.539062 0.975000 0.533203 0.981250 0.630859 0.940625 0.634766
0 0.112500 0.679688 0.143750 0.679688 0.143750 0.763672 0.112500 0.765625
0 0.307812 0.679688 0.348438 0.683594 0.340625 0.789062 0.301563 0.789062
0 0.365625 0.679688 0.400000 0.677734 0.396875 0.783203 0.360938 0.781250
