0 0.579688 0.072266 0.637500 0.066406 0.642188 0.095703 0.581250 0.103516
0 0.612500 0.101562 0.668750 0.091797 0.671875 0.121094 0.617188 0.126953
0 0.215625 0.263672 0.278125 0.267578 0.275000 0.298828 0.215625 0.292969
0 0.592187 0.427734 0.653125 0.429688 0.654687 0.468750 0.590625 0.462891
0 0.204687 0.296875 0.265625 0.298828 0.264062 0.328125 0.206250 0.333984
0 0.146875 0.400391 0.215625 0.441406 0.200000 0.480469 0.134375 0.439453
0 0.112500 0.470703 0.179688 0.480469 0.181250 0.517578 0.109375 0.511719
0 0.100000 0.531250 0.123438 0.519531 0.159375 0.560547 0.132812 0.580078
0 0.618750 0.005859 0.684375 0.013672 0.684375 0.039062 0.617188 0.029297
0 0.581250 0.027344 0.637500 0.025391 0.637500 0.054688 0.582812 0.056641
0 0.626563 0.052734 0.684375 0.052734 0.682813 0.082031 0.629687 0.082031
0 0.314063 0.214844 0.334375 0.224609 0.320312 0.281250 0.295312 0.273438
0 0.237500 0.230469 0.292187 0.238281 0.281250 0.265625 0.229687 0.259766
0 0.000000 0.578125 0.029687 0.568359 0.045312 0.628906 0.012500 0.644531
0 0.564063 0.365234 0.629687 0.367188 0.629687 0.402344 0.562500 0.402344
0 0.579688 0.261719 0.643750 0.251953 0.650000 0.285156 0.579688 0.287109
0 0.601562 0.134766 0.670312 0.126953 0.671875 0.160156 0.606250 0.166016
0 0.565625 0.228516 0.629687 0.205078 0.639062 0.232422 0.579688 0.253906
0 0.596875 0.169922 0.670312 0.166016 0.676562 0.197266 0.604688 0.203125
0 0.587500 0.507812 0.640625 0.468750 0.665625 0.494141 0.612500 0.539062
0 0.053125 0.566406 0.079687 0.548828 0.118750 0.597656 0.093750 0.617188
0 0.578125 0.537109 0.653125 0.525391 0.659375 0.560547 0.584375 0.574219
0 0.568750 0.580078 0.654687 0.562500 0.665625 0.607422 0.582812 0.623047
0 0.595313 0.621094 0.660937 0.621094 0.665625 0.664062 0.595313 0.667969
0 0.490625 0.332031 0.525000 0.328125 0.520312 0.408203 0.484375 0.404297
0 0.278125 0.113281 0.342187 0.087891 0.351562 0.115234 0.287500 0.130859
0 0.256250 0.123047 0.315625 0.128906 0.315625 0.160156 0.250000 0.148438
0 0.251563 0.144531 0.304688 0.162109 0.298438 0.189453 0.239063 0.171875
0 0.240625 0.187500 0.296875 0.187500 0.303125 0.216797 0.242188 0.214844
