0 0.281250 0.000000 0.306250 0.000000 0.339062 0.025391 0.312500 0.039062
4 0.678125 0.324219 0.709375 0.326172 0.712500 0.400391 0.679688 0.400391
0 0.876563 0.796875 0.960938 0.796875 0.960938 0.837891 0.876563 0.837891
0 0.870313 0.746094 0.950000 0.746094 0.950000 0.781250 0.870313 0.781250
0 0.842187 0.693359 0.923438 0.693359 0.923438 0.734375 0.842187 0.734375
0 0.835938 0.642578 0.917188 0.642578 0.917188 0.683594 0.835938 0.683594
0 0.832812 0.599609 0.914062 0.599609 0.914062 0.642578 0.832812 0.642578
0 0.826562 0.552734 0.906250 0.552734 0.906250 0.597656 0.826562 0.597656
0 0.815625 0.458984 0.890625 0.458984 0.890625 0.505859 0.815625 0.505859
0 0.776563 0.472656 0.814063 0.472656 0.814063 0.560547 0.776563 0.560547
0 0.785937 0.576172 0.818750 0.576172 0.818750 0.667969 0.785937 0.667969
0 0.387500 0.890625 0.421875 0.890625 0.421875 0.990234 0.387500 0.990234
0 0.295312 0.865234 0.325000 0.865234 0.325000 0.955078 0.295312 0.955078
4 0.251563 0.535156 0.289062 0.535156 0.289062 0.667969 0.251563 0.667969
0 0.273438 0.455078 0.304688 0.455078 0.304688 0.552734 0.273438 0.552734
0 0.281250 0.373047 0.310937 0.373047 0.310937 0.447266 0.281250 0.447266
0 0.731250 0.208984 0.762500 0.203125 0.775000 0.285156 0.739062 0.289062
0 0.796875 0.281250 0.825000 0.275391 0.842187 0.343750 0.812500 0.355469
0 0.792188 0.187500 0.846875 0.222656 0.832812 0.251953 0.776563 0.216797
4 0.767188 0.060547 0.825000 0.103516 0.809375 0.134766 0.751563 0.083984
0 0.760938 0.015625 0.789062 0.000000 0.825000 0.066406 0.803125 0.080078
0 0.275000 0.169922 0.301563 0.152344 0.334375 0.212891 0.309375 0.226562
0 0.357812 0.113281 0.381250 0.113281 0.381250 0.173828 0.357812 0.173828
0 0.254688 0.070312 0.276562 0.066406 0.296875 0.125000 0.268750 0.134766
0 0.281250 0.050781 0.307812 0.039062 0.334375 0.097656 0.315625 0.111328
