0 0.037500 0.281250 0.082812 0.285156 0.079687 0.380859 0.034375 0.382812
0 0.531250 0.375000 0.568750 0.375000 0.571875 0.472656 0.531250 0.472656
0 0.523438 0.281250 0.565625 0.275391 0.573438 0.369141 0.529687 0.373047
0 0.579688 0.365234 0.617188 0.365234 0.621875 0.462891 0.582812 0.462891
0 0.575000 0.263672 0.612500 0.265625 0.612500 0.361328 0.576562 0.361328
0 0.620313 0.367188 0.659375 0.363281 0.662500 0.458984 0.623437 0.458984
0 0.623437 0.259766 0.659375 0.265625 0.657813 0.357422 0.618750 0.355469
0 0.664062 0.363281 0.701562 0.363281 0.706250 0.462891 0.667188 0.464844
0 0.659375 0.257812 0.698438 0.257812 0.696875 0.353516 0.656250 0.353516
0 0.710938 0.365234 0.750000 0.367188 0.756250 0.462891 0.714063 0.466797
0 0.706250 0.255859 0.745313 0.255859 0.745313 0.355469 0.706250 0.353516
0 0.754687 0.373047 0.793750 0.359375 0.806250 0.458984 0.764062 0.464844
0 0.751563 0.257812 0.789062 0.257812 0.790625 0.355469 0.751563 0.355469
0 0.803125 0.361328 0.842187 0.359375 0.850000 0.457031 0.809375 0.462891
0 0.790625 0.261719 0.829688 0.253906 0.839063 0.347656 0.796875 0.353516
0 0.851562 0.359375 0.890625 0.357422 0.896875 0.460938 0.857812 0.462891
0 0.840625 0.257812 0.881250 0.255859 0.884375 0.353516 0.843750 0.353516
0 0.898438 0.375000 0.943750 0.365234 0.953125 0.472656 0.906250 0.476562
0 0.890625 0.271484 0.932813 0.263672 0.945312 0.363281 0.900000 0.367188
0 0.948438 0.375000 0.992188 0.365234 1.000000 0.468750 0.959375 0.476562
0 0.940625 0.267578 0.982812 0.265625 0.987500 0.365234 0.945312 0.367188
0 0.985938 0.158203 1.000000 0.150391 1.000000 0.246094 0.992188 0.250000
0 0.935937 0.156250 0.975000 0.150391 0.987500 0.238281 0.943750 0.246094
0 0.887500 0.150391 0.925000 0.142578 0.932813 0.234375 0.892188 0.240234
0 0.843750 0.156250 0.884375 0.148438 0.896875 0.236328 0.853125 0.246094
0 0.793750 0.160156 0.832812 0.152344 0.842187 0.246094 0.803125 0.250000
0 0.751563 0.158203 0.792188 0.152344 0.795312 0.246094 0.757812 0.246094
0 0.707812 0.164062 0.745313 0.158203 0.750000 0.246094 0.712500 0.248047
0 0.664062 0.160156 0.701562 0.158203 0.706250 0.246094 0.667188 0.248047
0 0.617188 0.160156 0.654687 0.160156 0.659375 0.250000 0.621875 0.251953
0 0.571875 0.167969 0.612500 0.162109 0.615625 0.257812 0.575000 0.259766
0 0.521875 0.169922 0.562500 0.169922 0.562500 0.275391 0.523438 0.275391
0 0.479687 0.171875 0.517188 0.169922 0.521875 0.273438 0.479687 0.271484
0 0.428125 0.173828 0.467187 0.177734 0.467187 0.267578 0.425000 0.269531
0 0.379688 0.177734 0.415625 0.177734 0.418750 0.269531 0.381250 0.271484
0 0.975000 0.066406 1.000000 0.056641 1.000000 0.144531 0.985938 0.154297
0 0.926562 0.062500 0.967187 0.054688 0.971875 0.146484 0.932813 0.154297
0 0.879687 0.060547 0.918750 0.052734 0.929688 0.142578 0.887500 0.148438
0 0.834375 0.062500 0.875000 0.056641 0.882812 0.148438 0.842187 0.152344
0 0.792188 0.062500 0.829688 0.060547 0.834375 0.152344 0.795312 0.154297
0 0.748437 0.064453 0.787500 0.062500 0.789062 0.150391 0.751563 0.150391
0 0.706250 0.060547 0.743750 0.062500 0.743750 0.154297 0.706250 0.154297
0 0.659375 0.062500 0.698438 0.062500 0.700000 0.160156 0.662500 0.160156
0 0.612500 0.066406 0.651563 0.060547 0.654687 0.154297 0.617188 0.160156
0 0.565625 0.070312 0.604688 0.072266 0.610938 0.162109 0.568750 0.162109
0 0.520312 0.066406 0.559375 0.066406 0.562500 0.169922 0.521875 0.167969
0 0.479687 0.066406 0.518750 0.064453 0.518750 0.162109 0.476562 0.160156
0 0.432812 0.062500 0.471875 0.060547 0.471875 0.166016 0.431250 0.166016
0 0.375000 0.062500 0.414062 0.064453 0.410938 0.171875 0.368750 0.167969
0 0.325000 0.076172 0.365625 0.076172 0.365625 0.175781 0.325000 0.177734
0 0.264062 0.921875 0.310937 0.923828 0.303125 1.000000 0.254688 1.000000
0 0.201563 0.914062 0.250000 0.916016 0.245312 1.000000 0.193750 1.000000
0 0.268750 0.777344 0.318750 0.783203 0.314063 0.923828 0.260937 0.923828
0 0.206250 0.763672 0.254688 0.763672 0.256250 0.914062 0.203125 0.914062
0 0.148438 0.933594 0.192188 0.939453 0.184375 1.000000 0.135937 1.000000
0 0.154688 0.816406 0.203125 0.818359 0.190625 0.939453 0.142187 0.935547
0 0.156250 0.689453 0.204687 0.689453 0.195312 0.816406 0.145313 0.814453
0 0.084375 0.943359 0.134375 0.943359 0.123438 1.000000 0.073438 1.000000
0 0.092188 0.812500 0.143750 0.818359 0.131250 0.943359 0.081250 0.941406
0 0.101562 0.691406 0.148438 0.699219 0.142187 0.814453 0.092188 0.812500
0 0.037500 0.859375 0.084375 0.865234 0.068750 0.988281 0.021875 0.982422
0 0.051562 0.736328 0.092188 0.736328 0.084375 0.859375 0.040625 0.857422
0 0.000000 0.734375 0.037500 0.738281 0.026562 0.857422 0.000000 0.851562
0 0.035937 0.496094 0.081250 0.509766 0.060937 0.611328 0.018750 0.601562
0 0.190625 0.390625 0.237500 0.382812 0.245312 0.507812 0.193750 0.513672
0 0.134375 0.386719 0.179688 0.388672 0.179688 0.494141 0.134375 0.498047
0 0.087500 0.394531 0.131250 0.392578 0.129688 0.500000 0.084375 0.503906
0 0.034375 0.392578 0.081250 0.392578 0.081250 0.500000 0.029687 0.500000
0 0.000000 0.388672 0.032813 0.394531 0.021875 0.500000 0.000000 0.496094
0 0.190625 0.283203 0.232813 0.285156 0.229687 0.380859 0.185938 0.382812
0 0.139063 0.287109 0.182812 0.287109 0.178125 0.382812 0.132812 0.382812
0 0.089063 0.291016 0.131250 0.294922 0.128125 0.394531 0.082812 0.390625
0 0.000000 0.279297 0.037500 0.283203 0.026562 0.386719 0.000000 0.382812
0 0.200000 0.181641 0.242188 0.185547 0.237500 0.279297 0.195312 0.279297
0 0.139063 0.177734 0.184375 0.177734 0.182812 0.279297 0.135937 0.279297
0 0.089063 0.177734 0.134375 0.177734 0.125000 0.279297 0.081250 0.279297
0 0.043750 0.177734 0.084375 0.181641 0.078125 0.273438 0.034375 0.271484
0 0.151562 0.070312 0.189062 0.074219 0.182812 0.162109 0.139063 0.162109
0 0.100000 0.072266 0.140625 0.078125 0.131250 0.175781 0.089063 0.171875
0 0.053125 0.074219 0.092188 0.083984 0.081250 0.175781 0.035937 0.167969
