0 0.460938 0.074219 0.482812 0.074219 0.482812 0.123047 0.460938 0.123047
0 0.457813 0.128906 0.478125 0.128906 0.484375 0.173828 0.459375 0.175781
2 0.482812 0.464844 0.515625 0.462891 0.515625 0.550781 0.482812 0.550781
2 0.498437 0.228516 0.537500 0.228516 0.528125 0.431641 0.485938 0.431641
4 0.885938 0.814453 0.946875 0.812500 0.950000 0.855469 0.887500 0.857422
0 0.825000 0.898438 0.857812 0.898438 0.865625 0.976562 0.832812 0.976562
0 0.848437 0.275391 0.900000 0.255859 0.914062 0.279297 0.862500 0.300781
0 0.837500 0.246094 0.890625 0.230469 0.906250 0.250000 0.850000 0.271484
0 0.850000 0.220703 0.890625 0.199219 0.906250 0.218750 0.862500 0.238281
0 0.834375 0.197266 0.879687 0.175781 0.895312 0.191406 0.850000 0.218750
0 0.834375 0.169922 0.873437 0.140625 0.892188 0.156250 0.856250 0.185547
0 0.829688 0.109375 0.878125 0.103516 0.887500 0.132812 0.839063 0.140625
0 0.817187 0.093750 0.854688 0.064453 0.878125 0.082031 0.839063 0.111328
0 0.807813 0.033203 0.846875 0.011719 0.862500 0.029297 0.820312 0.050781
4 0.837500 0.312500 0.862500 0.310547 0.868750 0.363281 0.842187 0.361328
0 0.853125 0.375000 0.879687 0.375000 0.879687 0.425781 0.850000 0.423828
0 0.887500 0.447266 0.906250 0.458984 0.879687 0.509766 0.859375 0.496094
0 0.798438 0.537109 0.826562 0.535156 0.832812 0.599609 0.800000 0.599609
0 0.789062 0.478516 0.815625 0.478516 0.821875 0.535156 0.795312 0.535156
0 0.782813 0.410156 0.809375 0.410156 0.815625 0.468750 0.787500 0.468750
0 0.779687 0.341797 0.804688 0.341797 0.809375 0.394531 0.781250 0.394531
0 0.773438 0.279297 0.798438 0.281250 0.804688 0.324219 0.773438 0.326172
0 0.760938 0.218750 0.785937 0.216797 0.793750 0.273438 0.765625 0.273438
0 0.757812 0.158203 0.781250 0.158203 0.785937 0.208984 0.759375 0.208984
0 0.756250 0.103516 0.779687 0.103516 0.782813 0.158203 0.757812 0.158203
0 0.748437 0.058594 0.771875 0.058594 0.776563 0.099609 0.751563 0.099609
2 0.703125 0.000000 0.731250 0.000000 0.742188 0.093750 0.709375 0.095703
0 0.742188 0.005859 0.765625 0.005859 0.770312 0.048828 0.745313 0.048828
2 0.703125 0.103516 0.737500 0.101562 0.754687 0.296875 0.715625 0.296875
0 0.509375 0.566406 0.535937 0.576172 0.515625 0.646484 0.482812 0.632812
0 0.559375 0.947266 0.590625 0.947266 0.592187 1.000000 0.559375 1.000000
0 0.421875 0.933594 0.454688 0.933594 0.454688 1.000000 0.420312 1.000000
0 0.429688 0.833984 0.462500 0.833984 0.460938 0.916016 0.429688 0.917969
0 0.440625 0.490234 0.467187 0.492188 0.468750 0.562500 0.439063 0.562500
0 0.435937 0.560547 0.465625 0.560547 0.465625 0.638672 0.434375 0.636719
0 0.439063 0.662109 0.465625 0.662109 0.467187 0.736328 0.437500 0.736328
0 0.451562 0.185547 0.476562 0.187500 0.476562 0.244141 0.450000 0.244141
0 0.451562 0.246094 0.476562 0.246094 0.476562 0.306641 0.450000 0.306641
0 0.448437 0.306641 0.471875 0.306641 0.470313 0.355469 0.445312 0.355469
0 0.432812 0.755859 0.460938 0.755859 0.462500 0.833984 0.431250 0.833984
2 0.478125 0.859375 0.509375 0.845703 0.539062 0.929688 0.509375 0.943359
0 0.446875 0.373047 0.471875 0.371094 0.473438 0.431641 0.445312 0.431641
0 0.442188 0.435547 0.464062 0.435547 0.467187 0.494141 0.442188 0.494141
1 0.115625 0.091797 0.140625 0.091797 0.129688 0.162109 0.100000 0.160156
1 0.173437 0.585938 0.198437 0.587891 0.187500 0.652344 0.159375 0.652344
0 0.459375 0.025391 0.479687 0.027344 0.479687 0.068359 0.457813 0.068359
