0 0.170313 0.212891 0.204687 0.179688 0.298438 0.277344 0.262500 0.326172
0 0.656250 0.226562 0.690625 0.197266 0.757812 0.285156 0.715625 0.320312
0 0.565625 0.193359 0.606250 0.171875 0.667188 0.291016 0.620313 0.320312
0 0.392188 0.191406 0.426563 0.166016 0.492188 0.279297 0.456250 0.308594
0 0.062500 0.111328 0.182812 0.095703 0.190625 0.160156 0.068750 0.175781
0 0.009375 0.042969 0.131250 0.017578 0.142187 0.078125 0.017188 0.101562
0 0.306250 0.195312 0.350000 0.166016 0.421875 0.302734 0.382812 0.335938
4 0.718750 0.164062 0.760938 0.132812 0.817187 0.236328 0.775000 0.263672
1 0.871875 0.162109 0.917188 0.121094 1.000000 0.236328 0.967187 0.281250
0 0.792188 0.000000 0.907813 0.000000 0.909375 0.050781 0.792188 0.048828
0 0.806250 0.064453 0.923438 0.056641 0.931250 0.125000 0.807813 0.128906
0 0.101562 0.488281 0.148438 0.486328 0.140625 0.625000 0.089063 0.625000
0 0.179688 0.474609 0.228125 0.476562 0.223438 0.638672 0.171875 0.640625
0 0.251563 0.494141 0.301563 0.494141 0.293750 0.646484 0.243750 0.646484
0 0.325000 0.503906 0.371875 0.501953 0.367188 0.654297 0.315625 0.652344
0 0.393750 0.519531 0.445312 0.521484 0.440625 0.671875 0.387500 0.671875
0 0.468750 0.513672 0.512500 0.513672 0.509375 0.652344 0.462500 0.652344
0 0.573438 0.689453 0.690625 0.738281 0.678125 0.792969 0.556250 0.742188
