0 0.789062 0.566406 0.820312 0.578125 0.795312 0.667969 0.757812 0.652344
2 0.828125 0.417969 0.860938 0.429688 0.837500 0.523438 0.801562 0.507812
2 0.918750 0.000000 0.973437 0.000000 0.923438 0.150391 0.867188 0.132812
4 0.098437 0.955078 0.129688 0.974609 0.093750 1.000000 0.064062 1.000000
2 0.693750 0.845703 0.748437 0.871094 0.673438 1.000000 0.612500 1.000000
2 0.595313 0.462891 0.632812 0.478516 0.606250 0.582031 0.562500 0.562500
2 0.098437 0.472656 0.145313 0.500000 0.056250 0.724609 0.007812 0.699219
2 0.179688 0.283203 0.226562 0.302734 0.160938 0.462891 0.110937 0.437500
0 0.873437 0.179688 0.904687 0.185547 0.890625 0.269531 0.859375 0.259766
0 0.748437 0.716797 0.781250 0.726562 0.760938 0.826172 0.723437 0.812500
0 0.485938 0.781250 0.518750 0.792969 0.492188 0.890625 0.456250 0.873047
0 0.050000 0.318359 0.114062 0.285156 0.128125 0.324219 0.060937 0.355469
0 0.050000 0.187500 0.117188 0.214844 0.106250 0.251953 0.037500 0.220703
0 0.357812 0.011719 0.385937 0.017578 0.373437 0.097656 0.342187 0.089844
0 0.318750 0.015625 0.343750 0.023438 0.326562 0.097656 0.300000 0.087891
