4 0.503125 0.230469 0.567187 0.236328 0.567187 0.269531 0.503125 0.261719
0 0.390625 0.246094 0.415625 0.250000 0.407813 0.308594 0.381250 0.304688
0 0.187500 0.166016 0.243750 0.148438 0.245312 0.181641 0.190625 0.193359
0 0.200000 0.230469 0.225000 0.234375 0.215625 0.291016 0.189062 0.285156
0 0.235937 0.232422 0.256250 0.238281 0.246875 0.296875 0.225000 0.289062
0 0.275000 0.236328 0.300000 0.240234 0.290625 0.300781 0.260937 0.294922
0 0.317188 0.240234 0.337500 0.246094 0.320312 0.302734 0.295312 0.287109
0 0.426563 0.253906 0.454688 0.259766 0.435937 0.320312 0.407813 0.310547
0 0.345313 0.242188 0.373437 0.244141 0.368750 0.306641 0.337500 0.304688
0 0.562500 0.207031 0.620313 0.226562 0.612500 0.255859 0.556250 0.230469
0 0.575000 0.191406 0.632812 0.195312 0.634375 0.228516 0.578125 0.218750
0 0.560937 0.007812 0.617188 0.009766 0.617188 0.041016 0.560937 0.035156
0 0.489063 0.066406 0.510938 0.068359 0.509375 0.121094 0.487500 0.115234
0 0.453125 0.062500 0.478125 0.060547 0.473438 0.123047 0.448437 0.119141
0 0.451562 0.123047 0.473438 0.125000 0.467187 0.175781 0.440625 0.169922
0 0.426563 0.064453 0.450000 0.064453 0.440625 0.117188 0.420312 0.113281
0 0.418750 0.113281 0.439063 0.121094 0.434375 0.164062 0.412500 0.158203
0 0.382812 0.107422 0.407813 0.111328 0.396875 0.164062 0.375000 0.156250
0 0.396875 0.054688 0.418750 0.060547 0.409375 0.113281 0.387500 0.103516
0 0.359375 0.050781 0.384375 0.054688 0.373437 0.109375 0.353125 0.103516
0 0.320312 0.105469 0.342187 0.105469 0.337500 0.160156 0.314063 0.156250
0 0.331250 0.050781 0.351562 0.056641 0.339062 0.107422 0.314063 0.097656
0 0.239063 0.046875 0.260937 0.050781 0.259375 0.097656 0.237500 0.097656
