0 0.332813 0.255859 0.395313 0.259766 0.392188 0.287109 0.329688 0.281250
0 0.907813 0.837891 0.935937 0.826172 0.951562 0.904297 0.920312 0.910156
0 0.815625 0.736328 0.840625 0.724609 0.850000 0.798828 0.817187 0.796875
0 0.339062 0.658203 0.384375 0.654297 0.384375 0.699219 0.339062 0.708984
0 0.331250 0.615234 0.403125 0.623047 0.403125 0.656250 0.334375 0.662109
4 0.337500 0.576172 0.387500 0.582031 0.389062 0.619141 0.332813 0.621094
0 0.323437 0.552734 0.404687 0.556641 0.401562 0.582031 0.326562 0.582031
0 0.340625 0.513672 0.404687 0.523438 0.406250 0.552734 0.335938 0.550781
0 0.326562 0.496094 0.385937 0.488281 0.390625 0.513672 0.331250 0.519531
0 0.325000 0.455078 0.389062 0.468750 0.389062 0.496094 0.323437 0.488281
0 0.323437 0.431641 0.387500 0.437500 0.385937 0.462891 0.326562 0.457031
0 0.310937 0.402344 0.381250 0.402344 0.381250 0.435547 0.315625 0.435547
0 0.328125 0.371094 0.393750 0.373047 0.389062 0.398438 0.332813 0.398438
0 0.329688 0.339844 0.393750 0.347656 0.401562 0.369141 0.332813 0.371094
0 0.323437 0.312500 0.385937 0.316406 0.387500 0.339844 0.331250 0.337891
0 0.321875 0.287109 0.385937 0.287109 0.385937 0.316406 0.323437 0.314453
0 0.620313 0.898438 0.653125 0.880859 0.664062 0.978516 0.626563 0.982422
0 0.412500 0.236328 0.465625 0.228516 0.465625 0.257812 0.412500 0.265625
0 0.465625 0.228516 0.529687 0.207031 0.537500 0.244141 0.471875 0.259766
0 0.889062 0.373047 0.917188 0.359375 0.943750 0.429688 0.903125 0.443359
0 0.870313 0.257812 0.901563 0.253906 0.917188 0.302734 0.884375 0.312500
0 0.859375 0.208984 0.885938 0.203125 0.900000 0.250000 0.871875 0.257812
0 0.537500 0.140625 0.560937 0.132812 0.571875 0.187500 0.542188 0.189453
0 0.531250 0.091797 0.557813 0.083984 0.565625 0.138672 0.535937 0.140625
0 0.525000 0.037109 0.551562 0.029297 0.553125 0.076172 0.531250 0.082031
0 0.521875 0.000000 0.550000 0.000000 0.551562 0.027344 0.523438 0.027344
2 0.737500 0.736328 0.792188 0.728516 0.837500 1.000000 0.785937 1.000000
2 0.709375 0.460938 0.753125 0.451172 0.789062 0.718750 0.742188 0.726562
2 0.659375 0.232422 0.698438 0.216797 0.742188 0.441406 0.698438 0.455078
2 0.634375 0.039062 0.671875 0.027344 0.709375 0.208984 0.664062 0.218750
0 0.373437 0.802734 0.404687 0.806641 0.404687 0.873047 0.373437 0.876953
0 0.420312 0.900391 0.454688 0.910156 0.448437 0.986328 0.417187 0.986328
0 0.306250 0.779297 0.360938 0.722656 0.378125 0.753906 0.331250 0.796875
0 0.425000 0.679688 0.451562 0.679688 0.454688 0.748047 0.425000 0.748047
0 0.462500 0.619141 0.498437 0.611328 0.498437 0.679688 0.465625 0.683594
0 0.467187 0.576172 0.545312 0.566406 0.545312 0.611328 0.470313 0.609375
0 0.440625 0.343750 0.462500 0.332031 0.490625 0.394531 0.456250 0.406250
0 0.451562 0.316406 0.493750 0.277344 0.518750 0.302734 0.471875 0.341797
0 0.448437 0.410156 0.482812 0.406250 0.487500 0.472656 0.456250 0.480469
0 0.496875 0.464844 0.560937 0.478516 0.554688 0.517578 0.489063 0.507812
0 0.432812 0.478516 0.456250 0.462891 0.495312 0.513672 0.465625 0.533203
0 0.542188 0.302734 0.564063 0.283203 0.595313 0.349609 0.564063 0.361328
0 0.562500 0.357422 0.587500 0.349609 0.600000 0.410156 0.571875 0.416016
0 0.573438 0.421875 0.600000 0.410156 0.612500 0.474609 0.576562 0.478516
0 0.593750 0.666016 0.629687 0.664062 0.639062 0.738281 0.604688 0.740234
0 0.610938 0.783203 0.642188 0.781250 0.648438 0.865234 0.617188 0.861328
