0 0.456250 0.197266 0.507812 0.181641 0.523438 0.207031 0.465625 0.226562
0 0.089063 0.314453 0.142187 0.310547 0.151562 0.349609 0.092188 0.361328
3 0.059375 0.244141 0.237500 0.234375 0.246875 0.308594 0.068750 0.326172
0 0.617188 0.103516 0.671875 0.105469 0.679688 0.130859 0.618750 0.134766
0 0.410938 0.101562 0.471875 0.095703 0.468750 0.119141 0.410938 0.126953
0 0.385937 0.068359 0.426563 0.072266 0.426563 0.091797 0.384375 0.101562
0 0.351562 0.054688 0.373437 0.064453 0.357812 0.107422 0.334375 0.097656
0 0.237500 0.089844 0.260937 0.083984 0.270313 0.130859 0.242188 0.136719
2 0.367188 0.312500 0.576562 0.291016 0.582812 0.343750 0.375000 0.382812
2 0.687500 0.501953 0.904687 0.441406 0.921875 0.507812 0.710938 0.578125
2 0.426563 0.593750 0.643750 0.533203 0.660937 0.599609 0.450000 0.669922
0 0.303125 0.748047 0.350000 0.734375 0.362500 0.757812 0.309375 0.775391
0 0.878125 0.904297 0.898438 0.900391 0.912500 0.955078 0.890625 0.964844
