0 0.751563 0.837891 0.800000 0.833984 0.815625 0.982422 0.765625 0.992188
0 0.750000 0.423828 0.796875 0.423828 0.807813 0.582031 0.759375 0.585938
0 0.751563 0.640625 0.801562 0.632812 0.821875 0.802734 0.770312 0.810547
0 0.423438 0.882812 0.475000 0.884766 0.475000 1.000000 0.423438 1.000000
0 0.432812 0.701172 0.481250 0.705078 0.475000 0.859375 0.420312 0.849609
0 0.353125 0.718750 0.406250 0.734375 0.376563 0.896484 0.315625 0.876953
0 0.284375 0.718750 0.329688 0.736328 0.282813 0.888672 0.239063 0.863281
0 0.250000 0.482422 0.375000 0.486328 0.375000 0.560547 0.250000 0.558594
4 0.278125 0.378906 0.373437 0.425781 0.354687 0.478516 0.253125 0.431641
0 0.410938 0.263672 0.460938 0.263672 0.464062 0.412109 0.417187 0.412109
0 0.415625 0.105469 0.462500 0.105469 0.460938 0.244141 0.412500 0.244141
0 0.253125 0.218750 0.300000 0.216797 0.301563 0.343750 0.256250 0.349609
0 0.251563 0.025391 0.298438 0.027344 0.295312 0.167969 0.245312 0.167969
0 0.407813 0.000000 0.460938 0.000000 0.462500 0.070312 0.409375 0.074219
0 0.728125 0.091797 0.779687 0.083984 0.800000 0.218750 0.745313 0.228516
0 0.734375 0.250000 0.789062 0.242188 0.800000 0.404297 0.745313 0.410156
