0 0.734375 0.111328 0.787500 0.066406 0.814063 0.093750 0.759375 0.142578
0 0.879687 0.091797 0.959375 0.107422 0.950000 0.142578 0.878125 0.132812
0 0.909375 0.060547 0.982812 0.060547 0.984375 0.103516 0.915625 0.097656
0 0.846875 0.000000 0.879687 0.000000 0.879687 0.058594 0.845313 0.054688
0 0.871875 0.556641 0.906250 0.585938 0.843750 0.671875 0.810937 0.634766
0 0.921875 0.347656 0.984375 0.408203 0.956250 0.435547 0.901563 0.376953
0 0.896875 0.507812 0.921875 0.478516 0.984375 0.542969 0.956250 0.582031
0 0.731250 0.734375 0.782813 0.673828 0.812500 0.703125 0.764062 0.771484
0 0.532813 0.976562 0.585938 0.914062 0.610938 0.943359 0.559375 1.000000
0 0.785937 0.197266 0.867188 0.210938 0.860938 0.255859 0.785937 0.244141
0 0.825000 0.162109 0.898438 0.177734 0.889062 0.218750 0.820312 0.189453
0 0.854688 0.392578 0.918750 0.455078 0.890625 0.486328 0.832812 0.421875
0 0.637500 0.210938 0.667188 0.234375 0.612500 0.296875 0.587500 0.273438
0 0.664062 0.099609 0.690625 0.076172 0.731250 0.128906 0.698438 0.150391
0 0.610938 0.103516 0.665625 0.169922 0.637500 0.195312 0.589063 0.132812
0 0.857812 0.125000 0.932813 0.142578 0.925000 0.181641 0.854688 0.164062
0 0.610938 0.871094 0.654687 0.818359 0.678125 0.841797 0.634375 0.900391
0 0.417187 0.626953 0.439063 0.607422 0.475000 0.666016 0.451562 0.683594
0 0.379688 0.666016 0.404687 0.640625 0.454688 0.708984 0.431250 0.736328
0 0.307812 0.744141 0.368750 0.794922 0.353125 0.824219 0.292187 0.769531
0 0.254688 0.777344 0.285938 0.769531 0.323437 0.861328 0.290625 0.880859
0 0.220312 0.841797 0.242188 0.824219 0.293750 0.906250 0.271875 0.933594
0 0.181250 0.910156 0.204687 0.890625 0.253125 0.953125 0.225000 0.988281
0 0.140625 0.929688 0.212500 0.958984 0.198437 1.000000 0.117188 0.986328
0 0.189062 0.808594 0.225000 0.824219 0.170313 0.943359 0.135937 0.917969
0 0.001563 0.916016 0.068750 0.847656 0.096875 0.873047 0.023438 0.949219
0 0.135937 0.757812 0.198437 0.683594 0.232813 0.722656 0.164062 0.794922
0 0.203125 0.671875 0.278125 0.607422 0.304688 0.634766 0.237500 0.707031
0 0.296875 0.589844 0.351562 0.541016 0.378125 0.560547 0.318750 0.625000
0 0.446875 0.564453 0.473438 0.548828 0.518750 0.654297 0.485938 0.671875
0 0.485938 0.529297 0.509375 0.519531 0.548438 0.623047 0.512500 0.632812
0 0.512500 0.498047 0.542188 0.484375 0.576562 0.574219 0.545312 0.589844
0 0.546875 0.464844 0.571875 0.449219 0.612500 0.541016 0.578125 0.554688
0 0.434375 0.437500 0.492188 0.386719 0.520312 0.408203 0.456250 0.470703
0 0.703125 0.302734 0.731250 0.285156 0.760938 0.363281 0.732812 0.373047
0 0.662500 0.333984 0.693750 0.316406 0.732812 0.388672 0.701562 0.410156
0 0.637500 0.365234 0.665625 0.351562 0.701562 0.417969 0.675000 0.435547
0 0.606250 0.400391 0.629687 0.384766 0.673438 0.458984 0.645312 0.476562
0 0.564063 0.416016 0.598437 0.400391 0.637500 0.482422 0.606250 0.501953
0 0.710938 0.738281 0.754687 0.746094 0.729688 0.855469 0.689063 0.849609
