0 0.048438 0.208984 0.071875 0.201172 0.089063 0.255859 0.062500 0.261719
4 0.185938 0.064453 0.214062 0.072266 0.185938 0.130859 0.157812 0.123047
0 0.146875 0.031250 0.171875 0.041016 0.140625 0.085938 0.120313 0.078125
0 0.889062 0.000000 0.915625 0.000000 0.901563 0.029297 0.878125 0.021484
0 0.623437 0.177734 0.650000 0.185547 0.629687 0.238281 0.601562 0.228516
0 0.646875 0.101562 0.676562 0.111328 0.654687 0.164062 0.628125 0.156250
0 0.156250 0.021484 0.182812 0.000000 0.204687 0.000000 0.176563 0.031250
0 0.675000 0.029297 0.698438 0.033203 0.681250 0.087891 0.657813 0.082031
4 0.910937 0.582031 0.934375 0.587891 0.921875 0.650391 0.898438 0.642578
0 0.332813 0.917969 0.362500 0.933594 0.328125 1.000000 0.295312 1.000000
0 0.856250 0.087891 0.882812 0.095703 0.867188 0.152344 0.843750 0.146484
0 0.871875 0.044922 0.896875 0.048828 0.884375 0.095703 0.859375 0.087891
0 0.842187 0.164062 0.864062 0.169922 0.851562 0.222656 0.828125 0.218750
0 0.823438 0.216797 0.843750 0.224609 0.832812 0.269531 0.807813 0.263672
0 0.868750 0.251953 0.893750 0.253906 0.893750 0.310547 0.865625 0.310547
0 0.909375 0.246094 0.931250 0.251953 0.918750 0.304688 0.893750 0.298828
0 0.939063 0.263672 0.964063 0.269531 0.951562 0.328125 0.925000 0.320312
0 0.976562 0.275391 0.998437 0.279297 0.990625 0.337891 0.964063 0.328125
0 0.978125 0.177734 1.000000 0.189453 1.000000 0.220703 0.973437 0.208984
0 0.968750 0.423828 0.995313 0.429688 0.987500 0.494141 0.959375 0.488281
0 0.864062 0.505859 0.928125 0.480469 0.950000 0.511719 0.878125 0.541016
1 0.807813 0.392578 0.840625 0.412109 0.826562 0.437500 0.792188 0.416016
0 0.201563 0.314453 0.254688 0.332031 0.245312 0.355469 0.187500 0.335938
0 0.398438 0.736328 0.428125 0.748047 0.401562 0.826172 0.367188 0.818359
0 0.365625 0.824219 0.401562 0.833984 0.373437 0.919922 0.340625 0.908203
4 0.426563 0.654297 0.453125 0.664062 0.431250 0.738281 0.401562 0.732422
0 0.451562 0.583984 0.481250 0.587891 0.467187 0.662109 0.434375 0.658203
