0 0.718750 0.562500 0.814063 0.566406 0.815625 0.611328 0.720313 0.611328
0 0.000000 0.308594 0.040625 0.306641 0.045312 0.355469 0.000000 0.359375
0 0.000000 0.373047 0.054688 0.371094 0.053125 0.419922 0.000000 0.417969
0 0.000000 0.500000 0.051562 0.501953 0.051562 0.546875 0.000000 0.541016
0 0.520312 0.152344 0.620313 0.152344 0.621875 0.199219 0.521875 0.193359
0 0.529687 0.207031 0.623437 0.214844 0.621875 0.259766 0.529687 0.255859
0 0.528125 0.425781 0.609375 0.416016 0.617188 0.472656 0.528125 0.472656
0 0.529687 0.484375 0.604688 0.480469 0.604688 0.523438 0.528125 0.521484
0 0.521875 0.548828 0.610938 0.542969 0.614062 0.593750 0.523438 0.591797
0 0.523438 0.619141 0.629687 0.615234 0.631250 0.667969 0.525000 0.677734
0 0.514062 0.800781 0.609375 0.794922 0.612500 0.849609 0.512500 0.855469
0 0.507812 0.888672 0.601562 0.880859 0.609375 0.929688 0.510938 0.939453
0 0.718750 0.058594 0.814063 0.068359 0.815625 0.109375 0.717187 0.101562
0 0.728125 0.183594 0.807813 0.187500 0.807813 0.232422 0.725000 0.232422
0 0.718750 0.316406 0.806250 0.314453 0.807813 0.359375 0.720313 0.359375
0 0.726562 0.398438 0.814063 0.396484 0.815625 0.445312 0.725000 0.447266
0 0.718750 0.474609 0.818750 0.470703 0.820312 0.511719 0.718750 0.513672
0 0.721875 0.646484 0.818750 0.648438 0.818750 0.693359 0.721875 0.693359
