0 0.440625 0.013672 0.568750 0.007812 0.567187 0.066406 0.440625 0.068359
0 0.603125 0.007812 0.720313 0.007812 0.725000 0.060547 0.609375 0.068359
0 0.778125 0.013672 0.900000 0.003906 0.907813 0.062500 0.781250 0.074219
0 0.934375 0.003906 1.000000 0.001953 1.000000 0.060547 0.937500 0.060547
0 0.090625 0.000000 0.201563 0.000000 0.200000 0.033203 0.084375 0.033203
0 0.035937 0.218750 0.164062 0.220703 0.164062 0.289062 0.031250 0.281250
0 0.212500 0.226562 0.339062 0.226562 0.339062 0.292969 0.207813 0.294922
0 0.357812 0.232422 0.490625 0.236328 0.490625 0.298828 0.359375 0.291016
0 0.521875 0.242188 0.654687 0.238281 0.653125 0.310547 0.525000 0.304688
0 0.043750 0.527344 0.165625 0.531250 0.159375 0.609375 0.035937 0.597656
0 0.831250 0.244141 0.954688 0.240234 0.954688 0.304688 0.829688 0.302734
1 0.828125 0.513672 1.000000 0.521484 1.000000 0.615234 0.825000 0.605469
4 0.626563 0.544922 0.740625 0.546875 0.735938 0.609375 0.629687 0.603516
0 0.673438 0.238281 0.804688 0.230469 0.807813 0.298828 0.671875 0.306641
0 0.260937 0.000000 0.376563 0.000000 0.382812 0.048828 0.264062 0.046875
