0 0.325000 0.814453 0.353125 0.816406 0.348438 0.896484 0.318750 0.892578
0 0.215625 0.806641 0.246875 0.822266 0.235937 0.904297 0.203125 0.898438
0 0.707812 0.837891 0.739062 0.841797 0.731250 0.921875 0.703125 0.919922
0 0.614062 0.843750 0.645312 0.830078 0.640625 0.927734 0.610938 0.925781
0 0.504687 0.837891 0.537500 0.837891 0.534375 0.917969 0.504687 0.919922
0 0.457813 0.828125 0.489063 0.828125 0.484375 0.908203 0.456250 0.902344
0 0.414062 0.830078 0.446875 0.824219 0.451562 0.908203 0.412500 0.908203
0 0.360938 0.830078 0.393750 0.824219 0.392188 0.906250 0.359375 0.906250
0 0.273438 0.814453 0.312500 0.812500 0.312500 0.898438 0.273438 0.898438
0 0.175000 0.810547 0.200000 0.812500 0.196875 0.886719 0.171875 0.880859
0 0.139063 0.812500 0.165625 0.812500 0.162500 0.886719 0.126562 0.886719
0 0.100000 0.800781 0.128125 0.800781 0.114062 0.873047 0.085938 0.871094
0 0.056250 0.804688 0.085938 0.806641 0.078125 0.880859 0.046875 0.878906
0 0.015625 0.789062 0.043750 0.791016 0.028125 0.857422 0.000000 0.851562
0 0.551562 0.583984 0.618750 0.580078 0.618750 0.617188 0.550000 0.619141
2 0.085938 0.523438 0.168750 0.523438 0.160938 0.582031 0.079687 0.578125
