0 0.292187 0.433594 0.310937 0.421875 0.340625 0.478516 0.310937 0.492188
0 0.595313 0.042969 0.614062 0.031250 0.643750 0.087891 0.614062 0.101562
0 0.528125 0.136719 0.546875 0.125000 0.576562 0.181641 0.546875 0.195312
0 0.506250 0.164062 0.525000 0.152344 0.554688 0.208984 0.525000 0.222656
0 0.489063 0.189453 0.507812 0.177734 0.537500 0.234375 0.507812 0.248047
0 0.467187 0.220703 0.485938 0.208984 0.515625 0.265625 0.485938 0.279297
0 0.446875 0.246094 0.465625 0.234375 0.495312 0.291016 0.465625 0.304688
0 0.426563 0.269531 0.445312 0.257812 0.475000 0.314453 0.445312 0.328125
0 0.392188 0.312500 0.410938 0.300781 0.440625 0.357422 0.410938 0.371094
0 0.365625 0.343750 0.384375 0.332031 0.414062 0.388672 0.384375 0.402344
0 0.340625 0.373047 0.359375 0.361328 0.389062 0.417969 0.359375 0.431641
0 0.320312 0.406250 0.339062 0.394531 0.368750 0.451172 0.339062 0.464844
0 0.268750 0.462891 0.287500 0.451172 0.317188 0.507812 0.287500 0.521484
0 0.237500 0.490234 0.256250 0.478516 0.285938 0.535156 0.256250 0.548828
0 0.979688 0.423828 1.000000 0.458984 1.000000 0.490234 0.965625 0.451172
0 0.951562 0.460938 1.000000 0.496094 1.000000 0.527344 0.937500 0.488281
0 0.882812 0.564453 0.948438 0.599609 0.937500 0.630859 0.868750 0.591797
0 0.871875 0.599609 0.937500 0.634766 0.926562 0.666016 0.857812 0.626953
0 0.812500 0.755859 0.878125 0.791016 0.867188 0.822266 0.798438 0.783203
0 0.778125 0.812500 0.843750 0.847656 0.832812 0.878906 0.764062 0.839844
0 0.754687 0.853516 0.820312 0.888672 0.809375 0.919922 0.740625 0.880859
0 0.456250 0.687500 0.521875 0.722656 0.510938 0.753906 0.442188 0.714844
0 0.123438 0.544922 0.189062 0.580078 0.178125 0.611328 0.109375 0.572266
0 0.000000 0.574219 0.053125 0.609375 0.042188 0.640625 0.000000 0.601562
0 0.060937 0.613281 0.126562 0.648438 0.115625 0.679688 0.046875 0.640625
0 0.353125 0.802734 0.418750 0.837891 0.407813 0.869141 0.339062 0.830078
0 0.476562 0.873047 0.542188 0.908203 0.531250 0.939453 0.462500 0.900391
0 0.565625 0.929688 0.631250 0.964844 0.620313 0.996094 0.551562 0.957031
