0 0.539062 0.873047 0.573438 0.882812 0.551562 0.992188 0.514062 0.978516
0 0.525000 0.798828 0.554688 0.769531 0.625000 0.847656 0.593750 0.880859
0 0.345313 0.166016 0.417187 0.107422 0.437500 0.134766 0.368750 0.193359
0 0.373437 0.189453 0.445312 0.134766 0.468750 0.164062 0.400000 0.218750
0 0.035937 0.070312 0.073438 0.078125 0.054688 0.146484 0.014063 0.140625
0 0.070312 0.109375 0.107813 0.117188 0.089063 0.185547 0.048438 0.179688
0 0.103125 0.148438 0.140625 0.156250 0.121875 0.224609 0.081250 0.218750
0 0.028125 0.029297 0.095312 0.000000 0.118750 0.015625 0.054688 0.060547
0 0.054688 0.056641 0.123438 0.009766 0.145313 0.042969 0.081250 0.087891
0 0.085938 0.083984 0.154688 0.037109 0.179688 0.066406 0.112500 0.115234
0 0.110937 0.117188 0.175000 0.072266 0.201563 0.099609 0.137500 0.148438
0 0.132812 0.148438 0.200000 0.097656 0.229687 0.125000 0.159375 0.179688
0 0.215625 0.224609 0.276562 0.181641 0.306250 0.214844 0.240625 0.263672
0 0.428125 0.285156 0.504687 0.228516 0.532813 0.255859 0.456250 0.320312
0 0.459375 0.328125 0.540625 0.255859 0.568750 0.283203 0.489063 0.357422
0 0.501563 0.353516 0.570312 0.292969 0.598437 0.320312 0.528125 0.388672
0 0.573438 0.433594 0.654687 0.361328 0.685937 0.398438 0.600000 0.470703
0 0.610938 0.476562 0.692187 0.404297 0.723437 0.441406 0.637500 0.513672
0 0.653125 0.511719 0.734375 0.439453 0.765625 0.476562 0.679688 0.548828
0 0.762500 0.644531 0.850000 0.568359 0.881250 0.605469 0.790625 0.681641
0 0.809375 0.689453 0.896875 0.611328 0.928125 0.648438 0.840625 0.730469
0 0.196875 0.255859 0.232813 0.261719 0.225000 0.339844 0.187500 0.337891
0 0.292187 0.429688 0.362500 0.373047 0.392188 0.408203 0.321875 0.472656
0 0.357812 0.509766 0.432812 0.443359 0.467187 0.478516 0.389062 0.544922
0 0.396875 0.550781 0.471875 0.484375 0.503125 0.515625 0.428125 0.585938
0 0.434375 0.589844 0.509375 0.523438 0.542188 0.560547 0.467187 0.632812
0 0.476562 0.630859 0.551562 0.564453 0.584375 0.601562 0.509375 0.673828
0 0.565625 0.726562 0.637500 0.654297 0.668750 0.689453 0.595313 0.763672
0 0.609375 0.769531 0.681250 0.697266 0.712500 0.732422 0.639062 0.806641
0 0.067187 0.722656 0.156250 0.650391 0.182812 0.687500 0.095312 0.763672
0 0.118750 0.746094 0.214062 0.662109 0.245312 0.710938 0.151562 0.787109
0 0.148438 0.804688 0.243750 0.716797 0.273438 0.755859 0.173437 0.841797
0 0.257812 0.521484 0.296875 0.544922 0.253125 0.636719 0.210938 0.619141
0 0.298438 0.576172 0.331250 0.589844 0.300000 0.681641 0.260937 0.667969
0 0.375000 0.669922 0.407813 0.687500 0.371875 0.765625 0.339062 0.750000
0 0.290625 0.109375 0.360938 0.052734 0.381250 0.080078 0.312500 0.138672
0 0.431250 0.748047 0.471875 0.751953 0.464062 0.865234 0.423438 0.865234
0 0.934375 0.220703 0.996875 0.160156 1.000000 0.187500 0.964063 0.248047
0 0.835938 0.136719 0.898438 0.076172 0.925000 0.103516 0.865625 0.164062
0 0.746875 0.070312 0.809375 0.009766 0.835938 0.037109 0.776563 0.097656
0 0.923438 0.378906 1.000000 0.304688 1.000000 0.332031 0.954688 0.412109
0 0.868750 0.335938 0.946875 0.261719 0.975000 0.289062 0.900000 0.369141
0 0.828125 0.302734 0.906250 0.228516 0.934375 0.255859 0.859375 0.335938
0 0.779687 0.269531 0.857812 0.195312 0.885938 0.222656 0.810937 0.302734
0 0.740625 0.242188 0.814063 0.166016 0.842187 0.193359 0.768750 0.267578
0 0.673438 0.171875 0.745313 0.101562 0.773438 0.128906 0.704688 0.199219
0 0.642188 0.134766 0.703125 0.074219 0.731250 0.101562 0.671875 0.160156
0 0.609375 0.109375 0.670312 0.048828 0.698438 0.076172 0.639062 0.134766
0 0.553125 0.060547 0.614062 0.000000 0.642188 0.027344 0.582812 0.085938
0 0.378125 0.068359 0.439063 0.019531 0.467187 0.044922 0.407813 0.097656
0 0.407813 0.091797 0.468750 0.042969 0.501563 0.072266 0.437500 0.121094
0 0.439063 0.125000 0.500000 0.076172 0.532813 0.105469 0.468750 0.154297
0 0.540625 0.253906 0.612500 0.195312 0.645312 0.228516 0.575000 0.289062
0 0.576562 0.291016 0.648438 0.232422 0.681250 0.265625 0.610938 0.326172
0 0.614062 0.326172 0.685937 0.267578 0.718750 0.300781 0.648438 0.361328
0 0.657813 0.365234 0.729688 0.306641 0.762500 0.339844 0.692187 0.400391
0 0.695312 0.400391 0.767188 0.341797 0.800000 0.375000 0.729688 0.435547
0 0.740625 0.433594 0.812500 0.375000 0.845313 0.408203 0.775000 0.468750
0 0.776563 0.480469 0.853125 0.414062 0.882812 0.449219 0.810937 0.515625
0 0.814063 0.519531 0.890625 0.453125 0.920312 0.488281 0.848437 0.554688
0 0.854688 0.562500 0.928125 0.496094 0.962500 0.527344 0.889062 0.597656
0 0.901563 0.607422 0.973437 0.535156 1.000000 0.564453 0.935937 0.642578
0 0.239063 0.052734 0.303125 0.000000 0.323437 0.027344 0.257812 0.080078
0 0.262500 0.080078 0.331250 0.027344 0.351562 0.054688 0.282813 0.109375
0 0.318750 0.138672 0.384375 0.076172 0.404687 0.103516 0.337500 0.169922
