0 0.123438 0.226562 0.178125 0.187500 0.189062 0.214844 0.137500 0.246094
0 0.060937 0.142578 0.110937 0.117188 0.125000 0.144531 0.073438 0.175781
0 0.017188 0.072266 0.070312 0.052734 0.082812 0.080078 0.029687 0.101562
0 0.937500 0.408203 0.990625 0.367188 1.000000 0.392578 0.954688 0.433594
0 0.918750 0.375000 0.981250 0.345703 0.995313 0.369141 0.929688 0.408203
0 0.507812 0.687500 0.560937 0.648438 0.578125 0.671875 0.526563 0.714844
0 0.715625 0.167969 0.756250 0.148438 0.770312 0.167969 0.726562 0.187500
0 0.704688 0.148438 0.745313 0.126953 0.750000 0.150391 0.709375 0.167969
0 0.682813 0.123047 0.720313 0.097656 0.734375 0.117188 0.703125 0.146484
0 0.465625 0.646484 0.518750 0.603516 0.539062 0.628906 0.484375 0.675781
0 0.440625 0.613281 0.500000 0.574219 0.515625 0.599609 0.453125 0.638672
0 0.304688 0.445312 0.356250 0.414062 0.373437 0.431641 0.320312 0.474609
0 0.525000 0.724609 0.579688 0.675781 0.600000 0.703125 0.543750 0.748047
0 0.257812 0.394531 0.315625 0.351562 0.328125 0.378906 0.273438 0.423828
0 0.226562 0.365234 0.287500 0.328125 0.304688 0.351562 0.251563 0.394531
0 0.143750 0.253906 0.192188 0.210938 0.209375 0.234375 0.159375 0.271484
0 0.103125 0.195312 0.160938 0.166016 0.168750 0.193359 0.115625 0.228516
