0 0.581250 0.033203 0.609375 0.064453 0.546875 0.150391 0.520312 0.115234
0 0.596875 0.087891 0.629687 0.121094 0.568750 0.220703 0.531250 0.193359
0 0.628125 0.244141 0.660937 0.269531 0.612500 0.351562 0.581250 0.314453
0 0.696875 0.439453 0.734375 0.472656 0.668750 0.560547 0.634375 0.523438
0 0.709375 0.511719 0.742188 0.542969 0.675000 0.625000 0.648438 0.591797
0 0.676562 0.650391 0.753125 0.564453 0.787500 0.599609 0.712500 0.693359
0 0.696875 0.722656 0.762500 0.646484 0.795312 0.683594 0.728125 0.765625
0 0.754687 0.962891 0.832812 0.869141 0.865625 0.910156 0.782813 1.000000
0 0.635938 0.914062 0.676562 0.894531 0.715625 1.000000 0.667188 1.000000
0 0.587500 0.753906 0.626563 0.740234 0.662500 0.869141 0.623437 0.880859
0 0.554688 0.619141 0.592187 0.597656 0.635938 0.714844 0.595313 0.732422
0 0.518750 0.472656 0.553125 0.457031 0.592187 0.576172 0.553125 0.595703
0 0.476562 0.337891 0.514062 0.320312 0.553125 0.439453 0.518750 0.458984
0 0.437500 0.201172 0.475000 0.181641 0.509375 0.287109 0.470313 0.304688
0 0.003125 0.312500 0.039062 0.298828 0.076563 0.412109 0.032813 0.429688
0 0.065625 0.558594 0.103125 0.539062 0.137500 0.664062 0.095312 0.687500
0 0.126562 0.853516 0.167187 0.839844 0.196875 0.962891 0.150000 0.984375
0 0.548438 0.863281 0.589063 0.853516 0.621875 0.972656 0.571875 0.986328
3 0.265625 0.736328 0.321875 0.708984 0.426563 0.984375 0.370312 1.000000
