0 0.632812 0.654297 0.667188 0.652344 0.671875 0.753906 0.637500 0.751953
0 0.381250 0.373047 0.415625 0.376953 0.410938 0.453125 0.378125 0.453125
0 0.003125 0.669922 0.040625 0.677734 0.025000 0.781250 0.000000 0.769531
0 0.137500 0.656250 0.167187 0.660156 0.159375 0.748047 0.126562 0.748047
0 0.196875 0.654297 0.221875 0.656250 0.220312 0.748047 0.184375 0.746094
0 0.493750 0.666016 0.526563 0.666016 0.521875 0.746094 0.489063 0.744141
0 0.126562 0.904297 0.168750 0.906250 0.157812 1.000000 0.121875 1.000000
0 0.935937 0.669922 0.965625 0.660156 0.981250 0.748047 0.942187 0.748047
0 0.803125 0.658203 0.839063 0.654297 0.851562 0.753906 0.812500 0.751953
0 0.748437 0.644531 0.782813 0.644531 0.790625 0.761719 0.753125 0.759766
