0 0.731250 0.029297 0.773438 0.031250 0.770312 0.109375 0.740625 0.121094
0 0.851562 0.568359 0.887500 0.562500 0.907813 0.671875 0.870313 0.685547
0 0.771875 0.550781 0.815625 0.546875 0.826562 0.666016 0.781250 0.666016
0 0.825000 0.457031 0.923438 0.445312 0.931250 0.484375 0.843750 0.505859
0 0.762500 0.445312 0.803125 0.447266 0.804688 0.533203 0.773438 0.533203
0 0.742188 0.132812 0.773438 0.126953 0.773438 0.222656 0.742188 0.220703
2 0.809375 0.230469 0.934375 0.216797 0.937500 0.267578 0.820312 0.289062
0 0.368750 0.517578 0.404687 0.509766 0.418750 0.628906 0.375000 0.638672
0 0.360938 0.011719 0.403125 0.009766 0.403125 0.109375 0.365625 0.101562
2 0.353125 0.189453 0.414062 0.187500 0.418750 0.484375 0.360938 0.484375
3 0.360938 0.662109 0.410938 0.656250 0.418750 0.968750 0.359375 0.978516
0 0.787500 0.691406 0.829688 0.685547 0.837500 0.802734 0.792188 0.806641
0 0.868750 0.708984 0.900000 0.708984 0.907813 0.828125 0.865625 0.824219
0 0.365625 0.113281 0.403125 0.107422 0.401562 0.212891 0.370312 0.205078
