0 0.959375 0.230469 0.982812 0.222656 0.995313 0.285156 0.975000 0.287109
0 0.935937 0.117188 0.959375 0.107422 0.970313 0.169922 0.946875 0.173828
0 0.820312 0.808594 0.892188 0.808594 0.896875 0.851562 0.825000 0.855469
0 0.906250 0.625000 0.934375 0.623047 0.948438 0.695312 0.920312 0.697266
0 0.851562 0.638672 0.876563 0.632812 0.890625 0.705078 0.860938 0.707031
0 0.812500 0.644531 0.837500 0.640625 0.846875 0.701172 0.820312 0.707031
0 0.773438 0.634766 0.803125 0.632812 0.807813 0.699219 0.778125 0.701172
0 0.732812 0.634766 0.762500 0.632812 0.767188 0.701172 0.735938 0.705078
0 0.682813 0.623047 0.715625 0.623047 0.721875 0.701172 0.687500 0.701172
2 0.529687 0.837891 0.806250 0.835938 0.814063 0.921875 0.525000 0.923828
2 0.651563 0.509766 0.751563 0.507812 0.757812 0.574219 0.651563 0.572266
0 0.631250 0.621094 0.662500 0.621094 0.662500 0.695312 0.632812 0.695312
0 0.585938 0.626953 0.615625 0.626953 0.615625 0.693359 0.585938 0.695312
0 0.545312 0.626953 0.576562 0.625000 0.575000 0.697266 0.545312 0.697266
0 0.506250 0.623047 0.534375 0.625000 0.534375 0.687500 0.504687 0.687500
0 0.465625 0.621094 0.496875 0.623047 0.493750 0.691406 0.464062 0.689453
0 0.423438 0.623047 0.454688 0.623047 0.454688 0.697266 0.423438 0.697266
0 0.387500 0.630859 0.417187 0.630859 0.414062 0.703125 0.384375 0.699219
0 0.321875 0.623047 0.353125 0.623047 0.351562 0.683594 0.317188 0.679688
0 0.282813 0.623047 0.310937 0.625000 0.304688 0.683594 0.278125 0.683594
0 0.242188 0.625000 0.273438 0.625000 0.264062 0.705078 0.235937 0.701172
0 0.201563 0.630859 0.231250 0.634766 0.221875 0.708984 0.193750 0.708984
0 0.162500 0.630859 0.190625 0.628906 0.185938 0.695312 0.159375 0.697266
0 0.126562 0.623047 0.156250 0.623047 0.146875 0.689453 0.118750 0.689453
0 0.090625 0.619141 0.117188 0.621094 0.107813 0.687500 0.078125 0.685547
0 0.025000 0.619141 0.056250 0.621094 0.046875 0.691406 0.017188 0.689453
