0 0.576562 0.021484 0.607812 0.021484 0.615625 0.064453 0.581250 0.080078
0 0.621875 0.076172 0.675000 0.087891 0.673438 0.125000 0.617188 0.115234
0 0.642188 0.205078 0.701562 0.199219 0.703125 0.226562 0.650000 0.234375
0 0.643750 0.255859 0.671875 0.248047 0.670312 0.310547 0.639062 0.314453
0 0.612500 0.384766 0.643750 0.380859 0.648438 0.445312 0.617188 0.449219
0 0.562500 0.369141 0.590625 0.373047 0.593750 0.435547 0.567187 0.431641
0 0.626563 0.458984 0.657813 0.455078 0.662500 0.519531 0.628125 0.527344
0 0.632812 0.550781 0.664062 0.544922 0.678125 0.607422 0.637500 0.619141
0 0.640625 0.632812 0.671875 0.634766 0.676562 0.708984 0.645312 0.710938
0 0.648438 0.728516 0.684375 0.716797 0.690625 0.802734 0.654687 0.812500
0 0.732812 0.865234 0.806250 0.849609 0.817187 0.896484 0.742188 0.919922
2 0.489063 0.556641 0.565625 0.537109 0.565625 0.828125 0.503125 0.830078
2 0.465625 0.000000 0.525000 0.000000 0.518750 0.113281 0.462500 0.125000
2 0.514062 0.845703 0.573438 0.832031 0.590625 1.000000 0.520312 1.000000
1 0.589063 0.167969 0.626563 0.177734 0.601562 0.273438 0.568750 0.265625
2 0.482812 0.275391 0.535937 0.271484 0.542188 0.527344 0.487500 0.529297
