2 0.442188 0.000000 0.490625 0.017578 0.387500 0.365234 0.321875 0.335938
2 0.251563 0.640625 0.317188 0.681641 0.170313 1.000000 0.095312 1.000000
2 0.173437 0.652344 0.225000 0.683594 0.071875 1.000000 0.007812 1.000000
0 0.551562 0.773438 0.587500 0.791016 0.560937 0.898438 0.525000 0.878906
0 0.584375 0.638672 0.620313 0.656250 0.595313 0.750000 0.557813 0.744141
0 0.621875 0.509766 0.657813 0.527344 0.632812 0.621094 0.595313 0.615234
0 0.650000 0.382812 0.685937 0.400391 0.671875 0.500000 0.631250 0.480469
0 0.682813 0.265625 0.718750 0.283203 0.701562 0.371094 0.667188 0.357422
0 0.707812 0.181641 0.745313 0.193359 0.723437 0.279297 0.689063 0.265625
0 0.737500 0.078125 0.771875 0.087891 0.754687 0.175781 0.720313 0.162109
0 0.760938 0.000000 0.795312 0.000000 0.775000 0.048828 0.743750 0.039062
4 0.048438 0.697266 0.084375 0.714844 0.045312 0.826172 0.004687 0.816406
