0 0.000000 0.324219 0.040625 0.328125 0.032813 0.472656 0.000000 0.472656
0 0.068750 0.312500 0.120313 0.308594 0.112500 0.466797 0.062500 0.464844
0 0.143750 0.322266 0.196875 0.318359 0.207813 0.470703 0.146875 0.472656
0 0.235937 0.333984 0.279687 0.332031 0.276562 0.457031 0.231250 0.455078
0 0.296875 0.316406 0.345313 0.316406 0.337500 0.455078 0.292187 0.457031
0 0.376563 0.314453 0.425000 0.308594 0.439063 0.449219 0.387500 0.460938
0 0.456250 0.316406 0.510938 0.306641 0.510938 0.462891 0.456250 0.462891
0 0.532813 0.320312 0.579688 0.308594 0.593750 0.460938 0.546875 0.472656
0 0.609375 0.310547 0.660937 0.294922 0.687500 0.435547 0.626563 0.451172
0 0.701562 0.300781 0.754687 0.300781 0.760938 0.460938 0.701562 0.458984
0 0.778125 0.316406 0.825000 0.316406 0.829688 0.449219 0.775000 0.453125
0 0.845313 0.304688 0.910937 0.300781 0.912500 0.453125 0.850000 0.457031
0 0.931250 0.310547 0.989062 0.306641 0.995313 0.457031 0.937500 0.453125
