4 0.853125 0.761719 0.912500 0.812500 0.890625 0.847656 0.831250 0.794922
0 0.781250 0.964844 0.850000 0.964844 0.850000 1.000000 0.781250 1.000000
0 0.785937 0.921875 0.864062 0.919922 0.862500 0.962891 0.789062 0.970703
0 0.773438 0.867188 0.846875 0.880859 0.850000 0.921875 0.770312 0.912109
0 0.473438 0.914062 0.503125 0.912109 0.501563 0.992188 0.473438 0.994141
0 0.395313 0.880859 0.428125 0.882812 0.423438 0.953125 0.400000 0.955078
0 0.320312 0.902344 0.356250 0.906250 0.346875 0.994141 0.309375 0.992188
0 0.325000 0.810547 0.356250 0.808594 0.354687 0.882812 0.321875 0.882812
0 0.473438 0.830078 0.501563 0.830078 0.498437 0.898438 0.470313 0.898438
0 0.475000 0.718750 0.503125 0.714844 0.503125 0.789062 0.475000 0.791016
0 0.326562 0.708984 0.357812 0.708984 0.354687 0.785156 0.328125 0.785156
0 0.470313 0.619141 0.504687 0.617188 0.509375 0.693359 0.470313 0.693359
0 0.468750 0.529297 0.503125 0.527344 0.504687 0.595703 0.471875 0.597656
0 0.340625 0.621094 0.370312 0.623047 0.370312 0.695312 0.339062 0.695312
0 0.346875 0.509766 0.370312 0.509766 0.365625 0.582031 0.337500 0.582031
0 0.846875 0.751953 0.862500 0.732422 0.906250 0.779297 0.892188 0.798828
0 0.826562 0.681641 0.854688 0.656250 0.882812 0.707031 0.854688 0.732422
0 0.823438 0.646484 0.846875 0.619141 0.898438 0.660156 0.878125 0.689453
0 0.831250 0.558594 0.870313 0.582031 0.857812 0.611328 0.815625 0.589844
0 0.818750 0.529297 0.837500 0.505859 0.878125 0.544922 0.857812 0.562500
0 0.810937 0.460938 0.829688 0.441406 0.867188 0.492188 0.842187 0.513672
0 0.932813 0.392578 0.979688 0.361328 0.995313 0.390625 0.946875 0.425781
0 0.790625 0.300781 0.806250 0.283203 0.829688 0.312500 0.815625 0.328125
0 0.481250 0.423828 0.501563 0.421875 0.501563 0.468750 0.482812 0.468750
0 0.479687 0.345703 0.501563 0.343750 0.504687 0.404297 0.478125 0.404297
0 0.346875 0.353516 0.376563 0.349609 0.378125 0.414062 0.345313 0.416016
0 0.351562 0.281250 0.381250 0.275391 0.379688 0.347656 0.350000 0.347656
0 0.478125 0.289062 0.504687 0.291016 0.506250 0.343750 0.478125 0.345703
0 0.476562 0.226562 0.500000 0.226562 0.503125 0.279297 0.478125 0.283203
0 0.796875 0.226562 0.837500 0.263672 0.826562 0.287109 0.779687 0.253906
0 0.789062 0.138672 0.835938 0.173828 0.817187 0.197266 0.773438 0.166016
0 0.481250 0.173828 0.501563 0.175781 0.501563 0.220703 0.479687 0.222656
0 0.485938 0.125000 0.504687 0.125000 0.506250 0.169922 0.482812 0.169922
0 0.481250 0.078125 0.506250 0.076172 0.507812 0.126953 0.482812 0.125000
0 0.367188 0.126953 0.392188 0.119141 0.392188 0.173828 0.364063 0.169922
