3 0.753125 0.689453 0.828125 0.675781 0.879687 1.000000 0.806250 1.000000
3 0.934375 0.253906 1.000000 0.246094 1.000000 0.626953 0.976562 0.652344
3 0.821875 0.250000 0.896875 0.234375 0.950000 0.621094 0.862500 0.638672
3 0.718750 0.273438 0.784375 0.259766 0.818750 0.630859 0.754687 0.644531
3 0.604688 0.347656 0.678125 0.337891 0.715625 0.710938 0.654687 0.724609
0 0.271875 0.923828 0.331250 0.902344 0.342187 1.000000 0.293750 1.000000
0 0.442188 0.763672 0.506250 0.742188 0.529687 0.896484 0.475000 0.917969
0 0.207813 0.328125 0.256250 0.308594 0.281250 0.464844 0.234375 0.480469
0 0.306250 0.261719 0.357812 0.261719 0.360938 0.423828 0.310937 0.425781
0 0.400000 0.251953 0.464062 0.244141 0.464062 0.410156 0.409375 0.423828
0 0.618750 0.000000 0.778125 0.015625 0.773438 0.078125 0.614062 0.054688
