2 0.078125 0.611328 0.175000 0.689453 0.156250 0.730469 0.056250 0.650391
0 0.156250 0.890625 0.217188 0.935547 0.196875 0.974609 0.137500 0.927734
1 0.000000 0.720703 0.121875 0.847656 0.087500 0.906250 0.000000 0.781250
0 0.495312 0.876953 0.576562 0.947266 0.556250 0.982422 0.481250 0.914062
0 0.393750 0.791016 0.456250 0.853516 0.426563 0.890625 0.368750 0.828125
0 0.237500 0.664062 0.318750 0.722656 0.298438 0.765625 0.217188 0.705078
1 0.012500 0.476562 0.179688 0.617188 0.154688 0.658203 0.000000 0.519531
0 0.915625 0.789062 1.000000 0.685547 1.000000 0.728516 0.950000 0.835938
0 0.854688 0.748047 0.950000 0.673828 0.975000 0.710938 0.881250 0.794922
0 0.814063 0.701172 0.893750 0.632812 0.912500 0.671875 0.832812 0.742188
4 0.750000 0.660156 0.842187 0.582031 0.867188 0.632812 0.768750 0.705078
4 0.687500 0.632812 0.787500 0.546875 0.809375 0.582031 0.710938 0.669922
0 0.709375 0.509766 0.737500 0.541016 0.681250 0.617188 0.654687 0.585938
0 0.662500 0.468750 0.693750 0.498047 0.631250 0.593750 0.601562 0.560547
0 0.534375 0.375000 0.573438 0.390625 0.532813 0.500000 0.489063 0.476562
0 0.423438 0.404297 0.514062 0.326172 0.537500 0.359375 0.443750 0.439453
0 0.434375 0.294922 0.464062 0.320312 0.400000 0.414062 0.371875 0.386719
0 0.365625 0.263672 0.392188 0.296875 0.337500 0.378906 0.304688 0.345703
0 0.360938 0.199219 0.464062 0.232422 0.451562 0.292969 0.343750 0.250000
0 0.306250 0.203125 0.348438 0.210938 0.329688 0.328125 0.285938 0.314453
0 0.237500 0.173828 0.276562 0.166016 0.293750 0.289062 0.256250 0.306641
0 0.203125 0.115234 0.242188 0.126953 0.223438 0.242188 0.179688 0.236328
0 0.093750 0.156250 0.159375 0.093750 0.185938 0.132812 0.123438 0.201172
0 0.043750 0.078125 0.134375 0.042969 0.145313 0.093750 0.050000 0.126953
0 0.937500 0.494141 1.000000 0.558594 1.000000 0.601562 0.918750 0.539062
0 0.693750 0.353516 0.720313 0.320312 0.803125 0.390625 0.775000 0.429688
0 0.598437 0.220703 0.698438 0.298828 0.668750 0.345703 0.578125 0.265625
0 0.498437 0.156250 0.579688 0.210938 0.553125 0.263672 0.475000 0.203125
0 0.251563 0.000000 0.325000 0.000000 0.320312 0.044922 0.250000 0.041016
0 0.332813 0.033203 0.410938 0.093750 0.393750 0.130859 0.312500 0.070312
