0 0.676562 0.876953 0.706250 0.873047 0.712500 0.998047 0.679688 0.998047
0 0.621875 0.859375 0.656250 0.863281 0.657813 0.982422 0.625000 0.978516
0 0.387500 0.994141 0.456250 0.953125 0.479687 0.986328 0.406250 1.000000
0 0.375000 0.929688 0.460938 0.880859 0.475000 0.921875 0.395313 0.974609
0 0.559375 0.888672 0.592187 0.876953 0.609375 0.994141 0.578125 1.000000
0 0.690625 0.765625 0.731250 0.767578 0.728125 0.875000 0.690625 0.875000
0 0.639062 0.750000 0.678125 0.765625 0.640625 0.865234 0.606250 0.845703
0 0.368750 0.867188 0.456250 0.824219 0.470313 0.863281 0.376563 0.912109
0 0.410938 0.728516 0.501563 0.728516 0.501563 0.775391 0.410938 0.773438
0 0.432812 0.650391 0.503125 0.660156 0.500000 0.701172 0.431250 0.695312
0 0.342187 0.660156 0.423438 0.664062 0.425000 0.710938 0.342187 0.708984
0 0.168750 0.669922 0.257812 0.669922 0.259375 0.712891 0.168750 0.714844
0 0.000000 0.687500 0.051562 0.640625 0.070312 0.673828 0.000000 0.726562
0 0.071875 0.693359 0.142187 0.632812 0.165625 0.669922 0.095312 0.728516
0 0.300000 0.490234 0.335938 0.490234 0.335938 0.593750 0.303125 0.595703
1 0.850000 0.640625 0.937500 0.621094 0.943750 0.660156 0.857812 0.679688
0 0.731250 0.546875 0.812500 0.541016 0.815625 0.585938 0.732812 0.593750
0 0.617188 0.597656 0.693750 0.595703 0.693750 0.640625 0.615625 0.638672
0 0.614062 0.546875 0.682813 0.531250 0.690625 0.572266 0.618750 0.583984
0 0.495312 0.574219 0.559375 0.623047 0.543750 0.656250 0.471875 0.609375
0 0.487500 0.476562 0.512500 0.460938 0.543750 0.552734 0.512500 0.564453
0 0.487500 0.310547 0.556250 0.378906 0.531250 0.414062 0.462500 0.343750
0 0.481250 0.244141 0.543750 0.292969 0.523438 0.328125 0.464062 0.281250
0 0.484375 0.185547 0.554688 0.242188 0.531250 0.271484 0.462500 0.218750
0 0.464062 0.142578 0.489063 0.111328 0.551562 0.175781 0.529687 0.207031
0 0.490625 0.041016 0.546875 0.095703 0.525000 0.125000 0.468750 0.072266
