0 0.232813 0.673828 0.270313 0.679688 0.257812 0.792969 0.218750 0.787109
0 0.170313 0.669922 0.206250 0.673828 0.195312 0.783203 0.157812 0.775391
0 0.132812 0.640625 0.168750 0.650391 0.143750 0.767578 0.106250 0.755859
0 0.295312 0.691406 0.329688 0.699219 0.304688 0.802734 0.270313 0.792969
0 0.442188 0.599609 0.476562 0.601562 0.475000 0.693359 0.437500 0.691406
0 0.371875 0.574219 0.410938 0.582031 0.398438 0.695312 0.357812 0.689453
0 0.317188 0.572266 0.350000 0.574219 0.342187 0.675781 0.303125 0.671875
0 0.250000 0.552734 0.290625 0.554688 0.282813 0.667969 0.242188 0.664062
0 0.210938 0.535156 0.248438 0.542969 0.229687 0.654297 0.192188 0.648438
0 0.506250 0.609375 0.540625 0.617188 0.526563 0.730469 0.490625 0.720703
4 0.568750 0.628906 0.600000 0.642578 0.578125 0.732422 0.546875 0.722656
0 0.432812 0.804688 0.500000 0.722656 0.526563 0.753906 0.459375 0.835938
0 0.521875 0.767578 0.610938 0.789062 0.604688 0.833984 0.515625 0.814453
0 0.610938 0.656250 0.646875 0.666016 0.632812 0.763672 0.596875 0.753906
0 0.665625 0.667969 0.700000 0.673828 0.690625 0.787109 0.654687 0.781250
0 0.650000 0.824219 0.735938 0.789062 0.751563 0.837891 0.662500 0.873047
0 0.717187 0.855469 0.803125 0.826172 0.814063 0.871094 0.726562 0.902344
0 0.862500 0.728516 0.901563 0.728516 0.907813 0.847656 0.865625 0.849609
0 0.925000 0.744141 0.959375 0.746094 0.960938 0.847656 0.923438 0.845703
0 0.964063 0.750000 1.000000 0.732422 1.000000 0.835938 0.996875 0.857422
0 0.890625 0.591797 0.975000 0.572266 0.987500 0.617188 0.900000 0.640625
0 0.807813 0.494141 0.840625 0.484375 0.871875 0.589844 0.835938 0.603516
0 0.665625 0.537109 0.746875 0.511719 0.757812 0.552734 0.675000 0.578125
0 0.564063 0.488281 0.654687 0.488281 0.657813 0.537109 0.565625 0.533203
0 0.290625 0.416016 0.370312 0.412109 0.373437 0.451172 0.292187 0.457031
0 0.076563 0.367188 0.156250 0.388672 0.148438 0.427734 0.068750 0.404297
0 0.012500 0.285156 0.051562 0.281250 0.053125 0.396484 0.012500 0.396484
