1 0.000000 0.000000 0.126562 0.091797 0.087500 0.162109 0.000000 0.042969
1 0.446875 0.464844 0.612500 0.587891 0.575000 0.664062 0.404687 0.535156
1 0.487500 0.388672 0.660937 0.523438 0.625000 0.580078 0.453125 0.449219
1 0.706250 0.562500 0.800000 0.634766 0.771875 0.699219 0.675000 0.621094
1 0.856250 0.613281 1.000000 0.748047 0.995313 0.818359 0.820312 0.683594
1 0.700000 0.681641 0.820312 0.759766 0.790625 0.828125 0.668750 0.746094
0 0.862500 0.828125 0.942187 0.888672 0.917188 0.939453 0.837500 0.882812
0 0.770312 0.000000 0.807813 0.000000 0.862500 0.031250 0.823438 0.058594
0 0.898438 0.015625 0.995313 0.082031 0.971875 0.130859 0.875000 0.066406
0 0.615625 0.019531 0.693750 0.083984 0.670312 0.132812 0.584375 0.064453
0 0.710938 0.091797 0.785937 0.148438 0.762500 0.191406 0.687500 0.140625
0 0.801562 0.167969 0.885938 0.222656 0.864062 0.275391 0.779687 0.214844
0 0.901563 0.244141 0.982812 0.296875 0.962500 0.343750 0.879687 0.291016
1 0.237500 0.339844 0.346875 0.412109 0.318750 0.472656 0.210938 0.392578
1 0.135937 0.232422 0.232813 0.330078 0.200000 0.376953 0.100000 0.279297
1 0.159375 0.134766 0.325000 0.255859 0.300000 0.316406 0.128125 0.191406
