0 0.487500 0.029297 0.525000 0.000000 0.557813 0.000000 0.518750 0.046875
0 0.726562 0.121094 0.798438 0.158203 0.778125 0.195312 0.707812 0.160156
0 0.462500 0.898438 0.496875 0.919922 0.451562 0.998047 0.420312 0.974609
0 0.426563 0.878906 0.454688 0.902344 0.410938 0.974609 0.381250 0.951172
4 0.000000 0.429688 0.035937 0.388672 0.053125 0.431641 0.000000 0.472656
0 0.060937 0.486328 0.146875 0.501953 0.140625 0.544922 0.053125 0.527344
0 0.143750 0.542969 0.225000 0.599609 0.196875 0.644531 0.117188 0.585938
0 0.225000 0.634766 0.296875 0.570312 0.323437 0.603516 0.248438 0.671875
0 0.334375 0.615234 0.370312 0.625000 0.350000 0.714844 0.314063 0.707031
0 0.459375 0.607422 0.531250 0.650391 0.507812 0.687500 0.439063 0.642578
0 0.421875 0.650391 0.490625 0.695312 0.470313 0.728516 0.401562 0.683594
0 0.367188 0.722656 0.390625 0.693359 0.456250 0.748047 0.434375 0.781250
0 0.612500 0.724609 0.651563 0.750000 0.606250 0.843750 0.568750 0.818359
0 0.664062 0.628906 0.701562 0.654297 0.654687 0.744141 0.623437 0.722656
0 0.795312 0.398438 0.834375 0.423828 0.787500 0.515625 0.746875 0.488281
0 0.709375 0.527344 0.746875 0.550781 0.701562 0.638672 0.664062 0.613281
0 0.492188 0.533203 0.562500 0.580078 0.542188 0.617188 0.471875 0.568359
2 0.532813 0.490234 0.607812 0.539062 0.584375 0.578125 0.514062 0.531250
0 0.557813 0.451172 0.631250 0.494141 0.610938 0.527344 0.542188 0.484375
4 0.590625 0.396484 0.657813 0.427734 0.639062 0.472656 0.573438 0.439453
4 0.615625 0.341797 0.676562 0.378906 0.660937 0.408203 0.600000 0.367188
0 0.637500 0.306641 0.715625 0.355469 0.695312 0.396484 0.617188 0.341797
0 0.639062 0.248047 0.729688 0.302734 0.709375 0.347656 0.614062 0.287109
0 0.856250 0.275391 0.890625 0.296875 0.854688 0.375000 0.817187 0.351562
0 0.914062 0.181641 0.945312 0.201172 0.909375 0.275391 0.876563 0.255859
0 0.968750 0.085938 1.000000 0.105469 0.954688 0.185547 0.925000 0.164062
0 0.798438 0.000000 0.882812 0.000000 0.881250 0.037109 0.795312 0.025391
0 0.790625 0.029297 0.854688 0.060547 0.839063 0.091797 0.775000 0.064453
0 0.760938 0.068359 0.834375 0.103516 0.817187 0.140625 0.742188 0.103516
0 0.696875 0.048828 0.725000 0.066406 0.684375 0.138672 0.654687 0.121094
0 0.656250 0.025391 0.692187 0.044922 0.648438 0.115234 0.614062 0.093750
0 0.571875 0.000000 0.606250 0.005859 0.567187 0.076172 0.534375 0.058594
