0 0.717187 0.386719 0.734375 0.386719 0.734375 0.443359 0.717187 0.443359
0 0.639062 0.343750 0.660937 0.343750 0.660937 0.398438 0.639062 0.398438
0 0.642188 0.287109 0.662500 0.287109 0.662500 0.337891 0.642188 0.337891
0 0.631250 0.162109 0.659375 0.162109 0.659375 0.216797 0.631250 0.216797
0 0.635938 0.117188 0.657813 0.117188 0.657813 0.162109 0.635938 0.162109
4 0.639062 0.224609 0.664062 0.224609 0.664062 0.277344 0.639062 0.277344
0 0.640625 0.070312 0.657813 0.070312 0.657813 0.115234 0.640625 0.115234
0 0.637500 0.019531 0.657813 0.019531 0.657813 0.064453 0.637500 0.064453
0 0.393750 0.000000 0.417187 0.000000 0.417187 0.039062 0.393750 0.039062
0 0.393750 0.044922 0.414062 0.044922 0.414062 0.093750 0.393750 0.093750
0 0.390625 0.093750 0.412500 0.093750 0.412500 0.148438 0.390625 0.148438
0 0.296875 0.099609 0.335938 0.130859 0.321875 0.148438 0.284375 0.119141
0 0.300000 0.140625 0.331250 0.160156 0.321875 0.175781 0.287500 0.158203
0 0.278125 0.169922 0.342187 0.169922 0.342187 0.201172 0.278125 0.201172
0 0.271875 0.199219 0.328125 0.199219 0.328125 0.228516 0.271875 0.228516
0 0.270313 0.226562 0.328125 0.226562 0.328125 0.253906 0.270313 0.253906
0 0.276562 0.251953 0.332813 0.251953 0.332813 0.275391 0.276562 0.275391
0 0.282813 0.277344 0.343750 0.277344 0.343750 0.304688 0.282813 0.304688
0 0.370312 0.316406 0.395313 0.322266 0.389062 0.386719 0.362500 0.382812
0 0.265625 0.335938 0.323437 0.347656 0.318750 0.378906 0.262500 0.367188
0 0.254688 0.373047 0.320312 0.373047 0.320312 0.412109 0.254688 0.412109
0 0.604688 0.238281 0.634375 0.238281 0.634375 0.300781 0.604688 0.300781
0 0.634375 0.000000 0.654687 0.000000 0.654687 0.015625 0.634375 0.015625
0 0.256250 0.447266 0.309375 0.447266 0.309375 0.480469 0.256250 0.480469
0 0.242188 0.482422 0.307812 0.482422 0.307812 0.519531 0.242188 0.519531
0 0.243750 0.533203 0.307812 0.533203 0.307812 0.560547 0.243750 0.560547
0 0.242188 0.566406 0.306250 0.564453 0.306250 0.591797 0.242188 0.597656
0 0.239063 0.603516 0.304688 0.605469 0.304688 0.634766 0.237500 0.634766
0 0.015625 0.759766 0.035937 0.736328 0.070312 0.779297 0.048438 0.800781
0 0.039062 0.734375 0.059375 0.714844 0.092188 0.757812 0.073438 0.781250
0 0.071875 0.705078 0.095312 0.685547 0.135937 0.736328 0.117188 0.761719
0 0.198437 0.607422 0.218750 0.609375 0.207813 0.679688 0.187500 0.675781
0 0.220312 0.673828 0.289062 0.673828 0.289062 0.718750 0.220312 0.718750
0 0.207813 0.787109 0.290625 0.787109 0.290625 0.828125 0.207813 0.828125
0 0.218750 0.826172 0.287500 0.833984 0.285938 0.871094 0.217188 0.863281
0 0.915625 0.896484 0.937500 0.912109 0.915625 0.974609 0.889062 0.957031
0 0.829688 0.923828 0.873437 0.878906 0.890625 0.900391 0.851562 0.949219
0 0.779687 0.861328 0.804688 0.871094 0.795312 0.937500 0.767188 0.929688
0 0.653125 0.816406 0.676562 0.816406 0.676562 0.896484 0.653125 0.896484
0 0.648438 0.628906 0.675000 0.628906 0.675000 0.693359 0.648438 0.693359
0 0.642188 0.552734 0.671875 0.552734 0.671875 0.625000 0.642188 0.625000
0 0.717187 0.537109 0.742188 0.537109 0.742188 0.607422 0.717187 0.607422
0 0.790625 0.000000 0.809375 0.000000 0.809375 0.035156 0.790625 0.035156
0 0.698438 0.000000 0.746875 0.000000 0.746875 0.017578 0.698438 0.017578
0 0.690625 0.019531 0.745313 0.019531 0.745313 0.046875 0.690625 0.046875
0 0.696875 0.050781 0.753125 0.050781 0.753125 0.082031 0.696875 0.082031
0 0.806250 0.068359 0.823438 0.070312 0.821875 0.123047 0.804688 0.123047
0 0.701562 0.095703 0.754687 0.095703 0.754687 0.117188 0.701562 0.117188
0 0.703125 0.119141 0.753125 0.119141 0.753125 0.148438 0.703125 0.148438
0 0.695312 0.150391 0.745313 0.150391 0.746875 0.175781 0.698438 0.175781
0 0.698438 0.175781 0.751563 0.173828 0.753125 0.201172 0.700000 0.201172
0 0.701562 0.201172 0.762500 0.203125 0.762500 0.232422 0.703125 0.234375
0 0.707812 0.236328 0.757812 0.240234 0.757812 0.263672 0.707812 0.259766
0 0.700000 0.259766 0.748437 0.261719 0.748437 0.287109 0.700000 0.285156
0 0.709375 0.285156 0.762500 0.291016 0.760938 0.326172 0.704688 0.316406
0 0.703125 0.316406 0.759375 0.322266 0.760938 0.351562 0.704688 0.355469
0 0.815625 0.162109 0.837500 0.162109 0.837500 0.214844 0.815625 0.214844
0 0.820312 0.316406 0.842187 0.316406 0.842187 0.369141 0.820312 0.369141
0 0.745313 0.375000 0.771875 0.375000 0.771875 0.429688 0.745313 0.429688
0 0.637500 0.406250 0.657813 0.406250 0.657813 0.464844 0.637500 0.464844
