0 0.656250 0.798828 0.692187 0.791016 0.717187 0.910156 0.681250 0.917969
0 0.814063 0.964844 0.843750 0.951172 0.870313 1.000000 0.843750 1.000000
0 0.953125 0.246094 1.000000 0.281250 1.000000 0.324219 0.943750 0.289062
0 0.962500 0.193359 1.000000 0.224609 1.000000 0.267578 0.951562 0.234375
0 0.600000 0.546875 0.667188 0.482422 0.693750 0.517578 0.623437 0.578125
0 0.645312 0.574219 0.731250 0.542969 0.742188 0.578125 0.659375 0.613281
0 0.856250 0.498047 0.935937 0.468750 0.948438 0.513672 0.868750 0.539062
0 0.946875 0.470703 1.000000 0.429688 1.000000 0.468750 0.962500 0.507812
0 0.543750 0.740234 0.626563 0.716797 0.637500 0.757812 0.551562 0.779297
0 0.690625 0.941406 0.720313 0.925781 0.753125 1.000000 0.720313 1.000000
0 0.301563 0.007812 0.385937 0.007812 0.387500 0.048828 0.300000 0.048828
0 0.482812 0.058594 0.535937 0.000000 0.562500 0.015625 0.503125 0.080078
0 0.482812 0.119141 0.540625 0.054688 0.565625 0.082031 0.510938 0.138672
0 0.493750 0.164062 0.557813 0.099609 0.584375 0.126953 0.521875 0.197266
0 0.584375 0.205078 0.612500 0.230469 0.562500 0.302734 0.531250 0.277344
0 0.564063 0.443359 0.631250 0.378906 0.651563 0.412109 0.584375 0.478516
0 0.010937 0.771484 0.039062 0.875000 0.003125 0.892578 0.000000 0.794922
0 0.029687 0.773438 0.062500 0.748047 0.092188 0.843750 0.051562 0.867188
0 0.064062 0.740234 0.095312 0.720703 0.125000 0.810547 0.090625 0.833984
0 0.234375 0.851562 0.320312 0.824219 0.331250 0.865234 0.243750 0.896484
0 0.406250 0.595703 0.437500 0.615234 0.392188 0.701172 0.360938 0.675781
0 0.318750 0.619141 0.353125 0.634766 0.310937 0.734375 0.282813 0.716797
0 0.176563 0.656250 0.259375 0.695312 0.243750 0.736328 0.165625 0.697266
0 0.581250 0.505859 0.650000 0.441406 0.671875 0.468750 0.604688 0.535156
