1 0.951562 0.000000 1.000000 0.000000 0.939063 0.207031 0.881250 0.183594
2 0.848437 0.427734 0.915625 0.390625 1.000000 0.638672 1.000000 0.693359
2 0.832812 0.000000 0.887500 0.000000 0.801562 0.261719 0.729688 0.232422
1 0.610938 0.021484 0.681250 0.060547 0.507812 0.308594 0.429688 0.250000
2 0.303125 0.486328 0.629687 0.375000 0.656250 0.443359 0.318750 0.574219
2 0.467187 0.550781 0.531250 0.521484 0.653125 0.816406 0.575000 0.853516
2 0.400000 0.583984 0.456250 0.558594 0.585938 0.859375 0.517188 0.890625
2 0.334375 0.599609 0.392188 0.587891 0.507812 0.904297 0.434375 0.929688
2 0.289062 0.771484 0.353125 0.744141 0.435937 1.000000 0.368750 1.000000
0 0.270313 0.617188 0.318750 0.597656 0.351562 0.707031 0.301563 0.726562
0 0.265625 0.441406 0.362500 0.419922 0.376563 0.474609 0.278125 0.503906
