0 0.184375 0.578125 0.253125 0.574219 0.248438 0.615234 0.181250 0.611328
4 0.432812 0.826172 0.459375 0.830078 0.459375 0.917969 0.421875 0.916016
0 0.931250 0.849609 0.959375 0.849609 0.962500 0.939453 0.926562 0.937500
0 0.832812 0.853516 0.862500 0.849609 0.864062 0.941406 0.831250 0.941406
0 0.723437 0.851562 0.751563 0.851562 0.754687 0.931641 0.717187 0.931641
0 0.679688 0.849609 0.710938 0.845703 0.714063 0.921875 0.681250 0.919922
0 0.637500 0.843750 0.667188 0.837891 0.679688 0.923828 0.640625 0.929688
0 0.585938 0.839844 0.617188 0.841797 0.621875 0.917969 0.585938 0.917969
0 0.546875 0.835938 0.570312 0.835938 0.571875 0.912109 0.542188 0.916016
0 0.500000 0.835938 0.531250 0.832031 0.529687 0.914062 0.495312 0.914062
0 0.389062 0.832031 0.417187 0.826172 0.417187 0.904297 0.389062 0.904297
0 0.348438 0.830078 0.379688 0.830078 0.375000 0.908203 0.342187 0.906250
0 0.310937 0.820312 0.339062 0.820312 0.328125 0.898438 0.300000 0.898438
0 0.267188 0.820312 0.296875 0.822266 0.292187 0.904297 0.260937 0.908203
0 0.223438 0.812500 0.254688 0.814453 0.246875 0.884766 0.214062 0.884766
0 0.182812 0.806641 0.218750 0.806641 0.204687 0.882812 0.171875 0.884766
0 0.078125 0.845703 0.143750 0.851562 0.131250 0.892578 0.067187 0.880859
