4 0.460938 0.123047 0.557813 0.115234 0.562500 0.173828 0.453125 0.179688
0 0.520312 0.902344 0.679688 0.923828 0.675000 1.000000 0.523438 0.980469
4 0.404687 0.900391 0.512500 0.890625 0.517188 0.958984 0.404687 0.970703
4 0.415625 0.820312 0.523438 0.824219 0.520312 0.890625 0.410938 0.888672
0 0.606250 0.634766 0.656250 0.634766 0.667188 0.796875 0.615625 0.802734
0 0.540625 0.677734 0.587500 0.677734 0.587500 0.820312 0.535937 0.818359
0 0.395313 0.662109 0.453125 0.664062 0.454688 0.792969 0.400000 0.794922
0 0.457813 0.570312 0.568750 0.558594 0.576562 0.632812 0.460938 0.646484
0 0.456250 0.500000 0.562500 0.484375 0.567187 0.541016 0.462500 0.560547
0 0.448437 0.429688 0.553125 0.419922 0.560937 0.478516 0.448437 0.484375
0 0.614062 0.330078 0.671875 0.328125 0.675000 0.447266 0.629687 0.457031
0 0.053125 0.550781 0.104688 0.544922 0.109375 0.710938 0.046875 0.710938
0 0.040625 0.710938 0.095312 0.714844 0.095312 0.884766 0.026562 0.882812
4 0.454688 0.300781 0.575000 0.302734 0.571875 0.386719 0.448437 0.376953
0 0.457813 0.236328 0.562500 0.240234 0.567187 0.296875 0.454688 0.296875
0 0.457813 0.179688 0.564063 0.177734 0.560937 0.242188 0.457813 0.232422
0 0.632812 0.087891 0.681250 0.082031 0.679688 0.218750 0.628125 0.216797
0 0.457813 0.000000 0.560937 0.000000 0.559375 0.070312 0.460938 0.076172
4 0.060937 0.216797 0.110937 0.210938 0.114062 0.375000 0.054688 0.375000
3 0.146875 0.710938 0.229687 0.710938 0.218750 1.000000 0.135937 1.000000
