0 0.035937 0.515625 0.126562 0.513672 0.126562 0.570312 0.034375 0.564453
0 0.160938 0.000000 0.234375 0.000000 0.229687 0.035156 0.153125 0.035156
0 0.151562 0.044922 0.226562 0.042969 0.223438 0.082031 0.148438 0.082031
0 0.148438 0.089844 0.226562 0.091797 0.223438 0.134766 0.140625 0.134766
0 0.150000 0.138672 0.220312 0.144531 0.220312 0.181641 0.142187 0.173828
0 0.134375 0.181641 0.210938 0.187500 0.209375 0.234375 0.129688 0.230469
0 0.034375 0.572266 0.117188 0.572266 0.117188 0.621094 0.032813 0.619141
0 0.021875 0.626953 0.103125 0.626953 0.107813 0.673828 0.015625 0.671875
0 0.054688 0.701172 0.126562 0.664062 0.145313 0.703125 0.071875 0.744141
0 0.067187 0.810547 0.104688 0.781250 0.167187 0.865234 0.132812 0.900391
0 0.081250 0.892578 0.162500 0.927734 0.148438 0.972656 0.067187 0.931641
0 0.417187 0.191406 0.445312 0.189453 0.442188 0.277344 0.410938 0.277344
0 0.815625 0.000000 0.846875 0.000000 0.850000 0.062500 0.820312 0.062500
2 0.862500 0.517578 0.901563 0.517578 0.900000 0.625000 0.859375 0.623047
0 0.878125 0.796875 0.912500 0.798828 0.917188 0.916016 0.881250 0.916016
1 0.835938 0.248047 0.881250 0.246094 0.889062 0.359375 0.845313 0.359375
4 0.851562 0.396484 0.890625 0.394531 0.896875 0.496094 0.859375 0.496094
4 0.701562 0.652344 0.732812 0.648438 0.734375 0.740234 0.703125 0.740234
2 0.276562 0.000000 0.320312 0.000000 0.300000 0.250000 0.246875 0.248047
2 0.365625 0.025391 0.403125 0.027344 0.395313 0.164062 0.357812 0.160156
