0 0.273438 0.296875 0.356250 0.195312 0.392188 0.242188 0.310937 0.341797
0 0.662500 0.546875 0.703125 0.582031 0.618750 0.703125 0.579688 0.667969
0 0.718750 0.601562 0.760938 0.648438 0.687500 0.757812 0.642188 0.710938
0 0.776563 0.640625 0.820312 0.687500 0.734375 0.820312 0.684375 0.775391
0 0.835938 0.710938 0.878125 0.763672 0.789062 0.882812 0.748437 0.843750
0 0.892188 0.775391 0.934375 0.826172 0.842187 0.945312 0.801562 0.904297
0 0.925000 0.503906 1.000000 0.628906 1.000000 0.691406 0.887500 0.570312
4 0.960938 0.814453 1.000000 0.859375 0.906250 1.000000 0.859375 0.978516
0 0.529687 0.595703 0.635938 0.474609 0.675000 0.517578 0.568750 0.650391
0 0.564063 0.406250 0.610938 0.457031 0.518750 0.572266 0.468750 0.535156
0 0.425000 0.466797 0.514062 0.365234 0.551562 0.406250 0.457813 0.509766
0 0.457813 0.296875 0.498437 0.333984 0.404687 0.451172 0.373437 0.417969
0 0.464062 0.261719 0.506250 0.208984 0.603125 0.314453 0.556250 0.371094
1 0.418750 0.207031 0.468750 0.250000 0.368750 0.416016 0.314063 0.365234
0 0.295312 0.109375 0.342187 0.058594 0.439063 0.171875 0.396875 0.220703
0 0.298438 0.123047 0.343750 0.158203 0.267188 0.279297 0.218750 0.238281
0 0.239063 0.054688 0.273438 0.101562 0.179688 0.218750 0.146875 0.173828
0 0.107813 0.107422 0.193750 0.009766 0.232813 0.056641 0.140625 0.150391
0 0.051562 0.058594 0.137500 0.000000 0.178125 0.000000 0.085938 0.101562
