0 0.390625 0.666016 0.443750 0.671875 0.420312 0.810547 0.367188 0.802734
0 0.464062 0.009766 0.560937 0.017578 0.553125 0.087891 0.453125 0.060547
0 0.578125 0.000000 0.617188 0.000000 0.610938 0.066406 0.573438 0.060547
0 0.614062 0.039062 0.659375 0.041016 0.654687 0.156250 0.615625 0.150391
0 0.564063 0.062500 0.606250 0.068359 0.603125 0.181641 0.559375 0.173828
0 0.729688 0.021484 0.778125 0.015625 0.779687 0.140625 0.732812 0.144531
0 0.801562 0.054688 0.843750 0.068359 0.828125 0.164062 0.785937 0.162109
0 0.853125 0.062500 0.893750 0.066406 0.884375 0.171875 0.842187 0.167969
0 0.895312 0.039062 0.943750 0.041016 0.945312 0.160156 0.898438 0.156250
0 0.954688 0.019531 1.000000 0.003906 1.000000 0.119141 0.978125 0.125000
0 0.559375 0.242188 0.596875 0.234375 0.598437 0.347656 0.560937 0.353516
0 0.610938 0.210938 0.659375 0.205078 0.662500 0.330078 0.617188 0.339844
0 0.759375 0.265625 0.873437 0.302734 0.856250 0.367188 0.742188 0.330078
0 0.554688 0.365234 0.607812 0.349609 0.626563 0.470703 0.578125 0.486328
0 0.639062 0.445312 0.692187 0.445312 0.692187 0.585938 0.639062 0.585938
0 0.570312 0.488281 0.621875 0.484375 0.623437 0.623047 0.573438 0.625000
0 0.303125 0.562500 0.337500 0.523438 0.410938 0.621094 0.370312 0.656250
0 0.312500 0.658203 0.365625 0.656250 0.367188 0.796875 0.307812 0.794922
0 0.300000 0.812500 0.353125 0.820312 0.350000 0.957031 0.298438 0.958984
0 0.437500 0.650391 0.529687 0.617188 0.548438 0.662109 0.453125 0.699219
0 0.560937 0.632812 0.615625 0.632812 0.615625 0.765625 0.564063 0.765625
0 0.554688 0.773438 0.621875 0.771484 0.618750 0.929688 0.562500 0.931641
4 0.431250 0.724609 0.543750 0.705078 0.545312 0.761719 0.432812 0.775391
4 0.410938 0.814453 0.523438 0.757812 0.540625 0.816406 0.429688 0.869141
0 0.567187 0.947266 0.610938 0.939453 0.623437 1.000000 0.573438 1.000000
0 0.707812 0.951172 0.756250 0.955078 0.759375 1.000000 0.706250 1.000000
0 0.867188 0.947266 0.985938 0.982422 0.992188 1.000000 0.860938 1.000000
0 0.767188 0.849609 0.823438 0.847656 0.825000 0.994141 0.773438 0.992188
0 0.770312 0.701172 0.821875 0.707031 0.818750 0.824219 0.768750 0.826172
4 0.751563 0.652344 0.835938 0.601562 0.859375 0.652344 0.773438 0.701172
4 0.846875 0.617188 0.954688 0.617188 0.960938 0.671875 0.856250 0.679688
0 0.968750 0.646484 1.000000 0.632812 1.000000 0.775391 0.998437 0.787109
4 0.860938 0.705078 0.962500 0.710938 0.960938 0.773438 0.860938 0.773438
0 0.831250 0.796875 0.975000 0.796875 0.964063 0.859375 0.826562 0.861328
0 0.829688 0.869141 0.982812 0.865234 0.985938 0.941406 0.843750 0.937500
0 0.785937 0.021484 0.885938 0.000000 0.893750 0.041016 0.804688 0.058594
0 0.415625 0.607422 0.496875 0.515625 0.534375 0.558594 0.442188 0.640625
