0 0.134375 0.656250 0.214062 0.591797 0.240625 0.630859 0.157812 0.697266
0 0.673438 0.822266 0.750000 0.753906 0.778125 0.789062 0.704688 0.863281
0 0.767188 0.734375 0.837500 0.679688 0.859375 0.716797 0.795312 0.771484
0 0.843750 0.669922 0.906250 0.615234 0.934375 0.650391 0.870313 0.703125
0 0.725000 0.580078 0.792188 0.523438 0.821875 0.562500 0.753125 0.626953
4 0.809375 0.109375 0.884375 0.052734 0.906250 0.082031 0.842187 0.144531
0 0.021875 0.730469 0.104688 0.664062 0.131250 0.705078 0.051562 0.763672
0 0.573438 0.906250 0.642188 0.847656 0.673438 0.880859 0.596875 0.943359
0 0.432812 0.416016 0.492188 0.371094 0.517188 0.402344 0.456250 0.451172
0 0.360938 0.474609 0.420312 0.416016 0.443750 0.447266 0.381250 0.501953
0 0.229687 0.583984 0.306250 0.533203 0.325000 0.570312 0.250000 0.621094
0 0.900000 0.048828 0.957812 0.000000 0.982812 0.017578 0.923438 0.076172
1 0.512500 0.302734 0.746875 0.130859 0.798438 0.197266 0.557813 0.373047
0 0.539062 0.906250 0.621875 0.945312 0.607812 0.996094 0.521875 0.962891
