0 0.492188 0.451172 0.575000 0.429688 0.584375 0.472656 0.498437 0.501953
0 0.487500 0.755859 0.584375 0.750000 0.587500 0.800781 0.487500 0.804688
0 0.920312 0.847656 0.962500 0.843750 0.978125 0.970703 0.931250 0.980469
0 0.826562 0.853516 0.865625 0.849609 0.889062 0.968750 0.846875 0.978516
0 0.731250 0.849609 0.778125 0.845703 0.776563 0.984375 0.732812 0.986328
0 0.617188 0.859375 0.656250 0.855469 0.671875 0.974609 0.631250 0.984375
0 0.545312 0.828125 0.585938 0.822266 0.603125 0.960938 0.560937 0.968750
0 0.487500 0.843750 0.525000 0.837891 0.545312 0.966797 0.504687 0.976562
0 0.359375 0.855469 0.400000 0.857422 0.393750 0.996094 0.356250 0.996094
0 0.300000 0.859375 0.337500 0.865234 0.335938 0.990234 0.296875 0.992188
0 0.223438 0.859375 0.262500 0.859375 0.259375 0.992188 0.218750 0.994141
0 0.156250 0.867188 0.193750 0.867188 0.189062 1.000000 0.145313 1.000000
0 0.089063 0.859375 0.125000 0.861328 0.117188 0.996094 0.075000 0.988281
0 0.028125 0.843750 0.070312 0.843750 0.067187 0.994141 0.020313 0.992188
0 0.481250 0.000000 0.568750 0.000000 0.570312 0.039062 0.481250 0.044922
0 0.482812 0.068359 0.573438 0.054688 0.578125 0.109375 0.487500 0.113281
