0 0.237500 0.955078 0.265625 0.935547 0.287500 1.000000 0.257812 1.000000
0 0.168750 0.742188 0.231250 0.726562 0.235937 0.765625 0.171875 0.781250
0 0.182812 0.789062 0.229687 0.767578 0.237500 0.798828 0.189062 0.818359
0 0.315625 0.664062 0.339062 0.654297 0.353125 0.699219 0.331250 0.714844
0 0.467187 0.638672 0.518750 0.605469 0.528125 0.648438 0.476562 0.679688
0 0.676562 0.628906 0.748437 0.591797 0.762500 0.636719 0.687500 0.667969
0 0.907813 0.468750 0.932813 0.484375 0.907813 0.566406 0.876563 0.554688
0 0.481250 0.015625 0.531250 0.046875 0.512500 0.076172 0.465625 0.048828
0 0.418750 0.031250 0.448437 0.015625 0.475000 0.085938 0.443750 0.101562
0 0.379688 0.046875 0.409375 0.033203 0.431250 0.101562 0.400000 0.111328
0 0.179688 0.117188 0.212500 0.103516 0.228125 0.181641 0.190625 0.191406
0 0.125000 0.126953 0.151562 0.111328 0.168750 0.195312 0.139063 0.203125
0 0.926562 0.681641 0.956250 0.666016 0.987500 0.761719 0.951562 0.779297
0 0.873437 0.703125 0.906250 0.687500 0.937500 0.789062 0.900000 0.804688
0 0.812500 0.714844 0.848437 0.703125 0.864062 0.804688 0.825000 0.808594
0 0.756250 0.738281 0.787500 0.722656 0.814063 0.808594 0.782813 0.818359
0 0.725000 0.767578 0.751563 0.753906 0.771875 0.835938 0.743750 0.845703
0 0.665625 0.771484 0.700000 0.757812 0.720313 0.835938 0.682813 0.851562
0 0.606250 0.810547 0.635938 0.798828 0.662500 0.875000 0.628125 0.890625
0 0.450000 0.855469 0.481250 0.843750 0.503125 0.937500 0.468750 0.947266
0 0.403125 0.875000 0.432812 0.861328 0.450000 0.953125 0.420312 0.962891
0 0.332813 0.902344 0.362500 0.892578 0.379688 0.970703 0.348438 0.984375
0 0.284375 0.902344 0.321875 0.886719 0.337500 0.988281 0.300000 0.998047
