0 0.650000 0.914062 0.770312 0.910156 0.770312 0.978516 0.650000 0.982422
4 0.817187 0.425781 0.929688 0.466797 0.918750 0.519531 0.809375 0.480469
4 0.884375 0.902344 0.928125 0.873047 0.990625 0.980469 0.942187 1.000000
4 0.876563 0.613281 0.968750 0.685547 0.937500 0.742188 0.851562 0.660156
0 0.648438 0.808594 0.765625 0.808594 0.764062 0.869141 0.650000 0.867188
0 0.843750 0.501953 0.960938 0.576172 0.943750 0.628906 0.818750 0.564453
0 0.606250 0.019531 0.643750 0.023438 0.643750 0.146484 0.601562 0.140625
0 0.604688 0.175781 0.643750 0.171875 0.656250 0.308594 0.609375 0.312500
0 0.760938 0.242188 0.792188 0.203125 0.900000 0.279297 0.873437 0.330078
0 0.637500 0.423828 0.687500 0.417969 0.700000 0.568359 0.650000 0.572266
0 0.634375 0.611328 0.742188 0.613281 0.740625 0.667969 0.631250 0.664062
0 0.623437 0.732422 0.751563 0.703125 0.762500 0.765625 0.634375 0.785156
