0 0.771875 0.000000 0.806250 0.000000 0.814063 0.064453 0.779687 0.064453
0 0.971875 0.466797 1.000000 0.458984 1.000000 0.560547 0.984375 0.566406
0 0.953125 0.833984 0.998437 0.832031 1.000000 0.960938 0.968750 0.960938
0 0.942187 0.695312 0.984375 0.695312 0.995313 0.822266 0.953125 0.824219
0 0.925000 0.583984 0.964063 0.580078 0.981250 0.695312 0.939063 0.695312
0 0.892188 0.818359 0.934375 0.816406 0.953125 0.943359 0.910937 0.945312
0 0.879687 0.695312 0.917188 0.691406 0.932813 0.814453 0.893750 0.812500
0 0.867188 0.578125 0.904687 0.572266 0.921875 0.679688 0.881250 0.685547
0 0.839063 0.820312 0.882812 0.816406 0.889062 0.943359 0.846875 0.945312
0 0.821875 0.701172 0.859375 0.695312 0.871875 0.814453 0.831250 0.820312
0 0.812500 0.582031 0.850000 0.578125 0.859375 0.683594 0.820312 0.687500
0 0.796875 0.462891 0.831250 0.458984 0.846875 0.558594 0.812500 0.564453
0 0.778125 0.830078 0.817187 0.828125 0.828125 0.947266 0.787500 0.949219
0 0.762500 0.695312 0.801562 0.691406 0.817187 0.818359 0.778125 0.818359
0 0.751563 0.578125 0.787500 0.578125 0.796875 0.683594 0.759375 0.685547
0 0.746875 0.466797 0.784375 0.462891 0.795312 0.568359 0.753125 0.568359
0 0.684375 0.472656 0.725000 0.466797 0.731250 0.576172 0.690625 0.576172
0 0.695312 0.587891 0.729688 0.583984 0.742188 0.691406 0.703125 0.695312
0 0.710938 0.701172 0.750000 0.697266 0.760938 0.824219 0.718750 0.830078
0 0.720313 0.832031 0.757812 0.826172 0.775000 0.951172 0.732812 0.955078
0 0.667188 0.847656 0.707812 0.843750 0.720313 0.970703 0.679688 0.972656
0 0.654687 0.718750 0.696875 0.716797 0.700000 0.833984 0.657813 0.833984
0 0.640625 0.591797 0.678125 0.587891 0.684375 0.697266 0.648438 0.701172
0 0.631250 0.468750 0.667188 0.462891 0.673438 0.574219 0.637500 0.576172
0 0.607812 0.847656 0.650000 0.845703 0.654687 0.976562 0.612500 0.978516
0 0.601562 0.718750 0.635938 0.716797 0.643750 0.837891 0.604688 0.837891
0 0.578125 0.597656 0.617188 0.597656 0.623437 0.701172 0.585938 0.701172
0 0.581250 0.492188 0.618750 0.492188 0.618750 0.591797 0.581250 0.591797
0 0.537500 0.714844 0.573438 0.712891 0.582812 0.833984 0.543750 0.833984
0 0.523438 0.601562 0.562500 0.603516 0.565625 0.705078 0.528125 0.707031
0 0.526563 0.486328 0.562500 0.482422 0.565625 0.583984 0.528125 0.583984
0 0.487500 0.843750 0.528125 0.843750 0.529687 0.964844 0.489063 0.964844
0 0.479687 0.707031 0.515625 0.703125 0.518750 0.828125 0.478125 0.828125
0 0.471875 0.589844 0.510938 0.585938 0.515625 0.695312 0.479687 0.695312
0 0.473438 0.472656 0.509375 0.472656 0.509375 0.582031 0.471875 0.582031
0 0.428125 0.839844 0.465625 0.835938 0.468750 0.968750 0.432812 0.964844
0 0.421875 0.707031 0.459375 0.707031 0.465625 0.832031 0.426563 0.832031
0 0.417187 0.591797 0.456250 0.589844 0.457813 0.701172 0.421875 0.701172
0 0.421875 0.466797 0.454688 0.462891 0.453125 0.568359 0.418750 0.568359
0 0.948438 0.154297 0.984375 0.150391 0.992188 0.257812 0.953125 0.259766
0 0.906250 0.271484 0.940625 0.265625 0.953125 0.369141 0.914062 0.369141
0 0.895312 0.173828 0.929688 0.169922 0.939063 0.265625 0.901563 0.269531
0 0.885938 0.082031 0.921875 0.080078 0.932813 0.169922 0.896875 0.169922
0 0.868750 0.000000 0.910937 0.000000 0.920312 0.062500 0.882812 0.066406
0 0.851562 0.267578 0.885938 0.265625 0.896875 0.369141 0.857812 0.371094
0 0.846875 0.167969 0.876563 0.164062 0.885938 0.265625 0.854688 0.267578
0 0.798438 0.265625 0.835938 0.261719 0.850000 0.373047 0.807813 0.375000
0 0.792188 0.167969 0.825000 0.166016 0.834375 0.267578 0.796875 0.271484
0 0.776563 0.076172 0.817187 0.070312 0.823438 0.162109 0.787500 0.166016
0 0.745313 0.261719 0.779687 0.259766 0.789062 0.365234 0.753125 0.365234
0 0.740625 0.154297 0.773438 0.154297 0.781250 0.251953 0.742188 0.251953
0 0.725000 0.064453 0.762500 0.056641 0.773438 0.150391 0.734375 0.154297
0 0.714063 0.000000 0.751563 0.000000 0.760938 0.054688 0.720313 0.056641
0 0.692187 0.261719 0.729688 0.257812 0.742188 0.369141 0.700000 0.371094
0 0.684375 0.156250 0.721875 0.154297 0.734375 0.253906 0.693750 0.257812
0 0.673438 0.066406 0.709375 0.060547 0.720313 0.150391 0.682813 0.154297
0 0.670312 0.000000 0.701562 0.000000 0.707812 0.060547 0.675000 0.060547
0 0.640625 0.261719 0.681250 0.261719 0.684375 0.369141 0.646875 0.369141
0 0.629687 0.162109 0.667188 0.160156 0.671875 0.257812 0.635938 0.261719
0 0.625000 0.066406 0.656250 0.066406 0.667188 0.152344 0.634375 0.156250
0 0.617188 0.000000 0.653125 0.000000 0.662500 0.054688 0.626563 0.056641
0 0.595313 0.269531 0.631250 0.267578 0.635938 0.376953 0.596875 0.375000
0 0.579688 0.171875 0.617188 0.169922 0.620313 0.267578 0.581250 0.269531
0 0.573438 0.078125 0.609375 0.076172 0.617188 0.167969 0.579688 0.169922
0 0.573438 0.000000 0.604688 0.000000 0.612500 0.064453 0.578125 0.064453
0 0.542188 0.267578 0.576562 0.269531 0.579688 0.375000 0.543750 0.373047
0 0.532813 0.164062 0.564063 0.164062 0.568750 0.267578 0.534375 0.267578
0 0.528125 0.070312 0.560937 0.068359 0.562500 0.164062 0.531250 0.166016
0 0.518750 0.000000 0.554688 0.000000 0.568750 0.060547 0.529687 0.064453
0 0.492188 0.279297 0.526563 0.277344 0.528125 0.378906 0.492188 0.375000
0 0.484375 0.169922 0.518750 0.173828 0.523438 0.271484 0.484375 0.277344
0 0.479687 0.087891 0.515625 0.083984 0.517188 0.173828 0.484375 0.173828
0 0.481250 0.000000 0.510938 0.000000 0.517188 0.076172 0.484375 0.076172
0 0.437500 0.273438 0.471875 0.271484 0.475000 0.382812 0.439063 0.380859
0 0.437500 0.179688 0.471875 0.175781 0.471875 0.271484 0.434375 0.271484
0 0.428125 0.095703 0.464062 0.089844 0.470313 0.173828 0.435937 0.177734
0 0.439063 0.000000 0.471875 0.000000 0.468750 0.085938 0.429688 0.082031
0 0.381250 0.275391 0.418750 0.273438 0.417187 0.375000 0.382812 0.375000
0 0.379688 0.179688 0.415625 0.173828 0.417187 0.271484 0.381250 0.273438
0 0.379688 0.083984 0.412500 0.085938 0.414062 0.173828 0.379688 0.175781
0 0.382812 0.000000 0.417187 0.000000 0.417187 0.070312 0.385937 0.068359
0 0.370312 0.837891 0.407813 0.837891 0.407813 0.960938 0.368750 0.960938
0 0.367188 0.705078 0.407813 0.707031 0.409375 0.826172 0.367188 0.828125
0 0.367188 0.583984 0.403125 0.583984 0.398438 0.693359 0.364063 0.691406
0 0.370312 0.464844 0.407813 0.462891 0.404687 0.562500 0.370312 0.562500
0 0.312500 0.843750 0.351562 0.843750 0.350000 0.970703 0.312500 0.970703
0 0.312500 0.714844 0.351562 0.710938 0.351562 0.830078 0.310937 0.832031
0 0.315625 0.591797 0.354687 0.595703 0.350000 0.707031 0.312500 0.705078
0 0.320312 0.480469 0.354687 0.480469 0.353125 0.582031 0.315625 0.582031
0 0.331250 0.267578 0.367188 0.271484 0.367188 0.375000 0.331250 0.375000
0 0.331250 0.169922 0.370312 0.167969 0.368750 0.267578 0.331250 0.267578
0 0.328125 0.074219 0.368750 0.074219 0.367188 0.164062 0.328125 0.164062
0 0.332813 0.000000 0.370312 0.000000 0.367188 0.066406 0.332813 0.066406
0 0.282813 0.000000 0.320312 0.000000 0.317188 0.076172 0.284375 0.076172
0 0.254688 0.843750 0.296875 0.843750 0.292187 0.972656 0.251563 0.974609
0 0.257812 0.712891 0.295312 0.710938 0.292187 0.826172 0.256250 0.826172
0 0.260937 0.597656 0.300000 0.597656 0.296875 0.701172 0.256250 0.701172
0 0.265625 0.472656 0.304688 0.474609 0.301563 0.582031 0.260937 0.580078
0 0.284375 0.271484 0.315625 0.267578 0.326562 0.369141 0.289062 0.375000
0 0.110937 0.808594 0.151562 0.808594 0.139063 0.931641 0.100000 0.931641
0 0.128125 0.681641 0.167187 0.681641 0.154688 0.802734 0.117188 0.800781
0 0.135937 0.564453 0.171875 0.566406 0.168750 0.673828 0.128125 0.673828
0 0.060937 0.693359 0.104688 0.693359 0.095312 0.810547 0.053125 0.808594
0 0.073438 0.574219 0.109375 0.578125 0.104688 0.683594 0.064062 0.685547
0 0.000000 0.826172 0.032813 0.824219 0.018750 0.960938 0.000000 0.951172
0 0.010937 0.691406 0.045312 0.695312 0.032813 0.804688 0.000000 0.802734
0 0.017188 0.558594 0.054688 0.558594 0.050000 0.666016 0.010937 0.667969
0 0.076563 0.457031 0.115625 0.453125 0.109375 0.552734 0.070312 0.552734
0 0.162500 0.218750 0.193750 0.218750 0.190625 0.314453 0.156250 0.312500
0 0.170313 0.115234 0.206250 0.111328 0.207813 0.222656 0.170313 0.222656
0 0.170313 0.025391 0.207813 0.023438 0.206250 0.113281 0.168750 0.113281
0 0.112500 0.210938 0.146875 0.212891 0.143750 0.316406 0.107813 0.316406
0 0.118750 0.107422 0.153125 0.109375 0.153125 0.208984 0.117188 0.208984
0 0.118750 0.011719 0.157812 0.011719 0.154688 0.105469 0.117188 0.105469
0 0.064062 0.109375 0.096875 0.113281 0.095312 0.212891 0.057813 0.212891
0 0.068750 0.021484 0.104688 0.019531 0.104688 0.111328 0.065625 0.109375
0 0.020313 0.017578 0.057813 0.017578 0.053125 0.107422 0.015625 0.107422
0 0.014063 0.105469 0.043750 0.105469 0.042188 0.199219 0.010937 0.195312
0 0.009375 0.201172 0.050000 0.207031 0.042188 0.312500 0.000000 0.308594
