4 0.032813 0.212891 0.107813 0.296875 0.081250 0.330078 0.009375 0.246094
0 0.928125 0.914062 1.000000 0.966797 0.976562 1.000000 0.909375 0.945312
0 0.798438 0.339844 0.865625 0.402344 0.839063 0.437500 0.773438 0.380859
0 0.971875 0.500000 1.000000 0.548828 1.000000 0.583984 0.951562 0.537109
0 0.879687 0.423828 0.951562 0.474609 0.928125 0.523438 0.856250 0.468750
0 0.712500 0.261719 0.770312 0.314453 0.750000 0.355469 0.689063 0.292969
0 0.603125 0.226562 0.631250 0.191406 0.696875 0.250000 0.667188 0.287109
0 0.539062 0.160156 0.565625 0.126953 0.617188 0.185547 0.593750 0.218750
0 0.451562 0.087891 0.475000 0.064453 0.540625 0.119141 0.514062 0.152344
0 0.714063 0.896484 0.779687 0.962891 0.750000 1.000000 0.690625 0.931641
0 0.598437 0.769531 0.671875 0.833984 0.637500 0.884766 0.570312 0.810547
0 0.520312 0.705078 0.595313 0.771484 0.567187 0.806641 0.498437 0.738281
0 0.440625 0.652344 0.464062 0.625000 0.520312 0.703125 0.490625 0.730469
0 0.300000 0.546875 0.335938 0.507812 0.404687 0.578125 0.368750 0.613281
0 0.228125 0.474609 0.253125 0.445312 0.312500 0.513672 0.290625 0.541016
0 0.182812 0.353516 0.242188 0.429688 0.215625 0.464844 0.151562 0.400391
4 0.393750 0.603516 0.429688 0.611328 0.392188 0.705078 0.356250 0.687500
4 0.121875 0.285156 0.181250 0.355469 0.157812 0.380859 0.095312 0.322266
