0 0.560937 0.000000 0.645312 0.000000 0.651563 0.035156 0.570312 0.044922
4 0.735938 0.509766 0.762500 0.511719 0.759375 0.589844 0.723437 0.585938
0 0.460938 0.703125 0.498437 0.707031 0.476562 0.820312 0.432812 0.808594
0 0.706250 0.839844 0.742188 0.845703 0.731250 0.937500 0.692187 0.929688
0 0.715625 0.701172 0.753125 0.705078 0.740625 0.826172 0.692187 0.820312
0 0.750000 0.425781 0.787500 0.435547 0.771875 0.509766 0.729688 0.498047
0 0.762500 0.273438 0.792188 0.269531 0.793750 0.343750 0.764062 0.345703
0 0.775000 0.128906 0.806250 0.128906 0.804688 0.197266 0.776563 0.199219
0 0.854688 0.333984 0.882812 0.345703 0.864062 0.427734 0.828125 0.412109
0 0.878125 0.093750 0.906250 0.093750 0.906250 0.167969 0.873437 0.166016
4 0.846875 0.591797 0.882812 0.591797 0.879687 0.683594 0.843750 0.683594
