0 0.621875 0.207031 0.648438 0.191406 0.676562 0.279297 0.645312 0.289062
0 0.601562 0.412109 0.631250 0.396484 0.660937 0.480469 0.628125 0.496094
0 0.635938 0.500000 0.667188 0.486328 0.696875 0.570312 0.665625 0.587891
0 0.679688 0.484375 0.710938 0.470703 0.740625 0.554688 0.709375 0.572266
0 0.717187 0.476562 0.748437 0.462891 0.778125 0.546875 0.746875 0.564453
0 0.757812 0.462891 0.789062 0.449219 0.818750 0.533203 0.787500 0.550781
0 0.804688 0.451172 0.835938 0.437500 0.865625 0.521484 0.834375 0.539062
0 0.843750 0.439453 0.875000 0.425781 0.904687 0.509766 0.873437 0.527344
0 0.882812 0.419922 0.914062 0.406250 0.943750 0.490234 0.912500 0.507812
0 0.929688 0.400391 0.960938 0.386719 0.990625 0.470703 0.959375 0.488281
0 0.814063 0.351562 0.845313 0.337891 0.875000 0.421875 0.843750 0.433594
0 0.771875 0.361328 0.803125 0.347656 0.832812 0.431641 0.801562 0.443359
0 0.885938 0.314453 0.917188 0.300781 0.954688 0.384766 0.920312 0.400391
0 0.932813 0.298828 0.964063 0.285156 1.000000 0.369141 0.967187 0.384766
0 0.929688 0.507812 0.960938 0.494141 1.000000 0.582031 0.968750 0.603516
0 0.884375 0.527344 0.915625 0.513672 0.960938 0.607422 0.923438 0.623047
0 0.839063 0.546875 0.870313 0.533203 0.915625 0.626953 0.878125 0.642578
0 0.790625 0.558594 0.821875 0.544922 0.860938 0.634766 0.829688 0.654297
0 0.756250 0.568359 0.787500 0.554688 0.826562 0.656250 0.787500 0.669922
0 0.709375 0.580078 0.740625 0.566406 0.779687 0.667969 0.740625 0.681641
0 0.671875 0.589844 0.703125 0.576172 0.734375 0.675781 0.703125 0.691406
0 0.700000 0.693359 0.731250 0.679688 0.762500 0.779297 0.731250 0.794922
0 0.751563 0.683594 0.782813 0.669922 0.818750 0.769531 0.787500 0.785156
0 0.796875 0.671875 0.828125 0.658203 0.864062 0.757812 0.832812 0.773438
0 0.839063 0.652344 0.870313 0.638672 0.906250 0.738281 0.875000 0.753906
0 0.885938 0.644531 0.917188 0.630859 0.953125 0.730469 0.921875 0.746094
0 0.929688 0.625000 0.960938 0.611328 0.995313 0.720703 0.960938 0.728516
0 0.851562 0.876953 0.892188 0.863281 0.928125 0.966797 0.887500 0.978516
0 0.893750 0.851562 0.934375 0.837891 0.970313 0.941406 0.929688 0.953125
0 0.940625 0.833984 0.981250 0.820312 1.000000 0.923828 0.976562 0.935547
0 0.762500 0.896484 0.803125 0.882812 0.835938 0.998047 0.798438 1.000000
0 0.512500 0.773438 0.550000 0.755859 0.579688 0.865234 0.540625 0.878906
0 0.465625 0.796875 0.503125 0.779297 0.532813 0.888672 0.493750 0.902344
0 0.418750 0.812500 0.456250 0.794922 0.485938 0.904297 0.446875 0.917969
0 0.275000 0.875000 0.310937 0.861328 0.332813 0.972656 0.292187 0.986328
0 0.251563 0.763672 0.287500 0.750000 0.306250 0.851562 0.271875 0.867188
0 0.204687 0.789062 0.240625 0.775391 0.259375 0.876953 0.225000 0.892578
0 0.346875 0.738281 0.382812 0.724609 0.401562 0.826172 0.367188 0.841797
0 0.387500 0.716797 0.417187 0.703125 0.450000 0.798828 0.412500 0.810547
0 0.426563 0.695312 0.456250 0.681641 0.489063 0.777344 0.451562 0.789062
0 0.509375 0.642578 0.539062 0.628906 0.575000 0.738281 0.539062 0.748047
0 0.553125 0.634766 0.582812 0.621094 0.617188 0.716797 0.579688 0.734375
0 0.521875 0.541016 0.551562 0.527344 0.579688 0.617188 0.545312 0.630859
0 0.490625 0.453125 0.520312 0.439453 0.548438 0.529297 0.514062 0.542969
0 0.451562 0.464844 0.481250 0.451172 0.509375 0.541016 0.475000 0.554688
0 0.481250 0.560547 0.510938 0.546875 0.537500 0.626953 0.506250 0.640625
0 0.437500 0.568359 0.467187 0.554688 0.500000 0.644531 0.464062 0.660156
0 0.404687 0.482422 0.437500 0.472656 0.462500 0.554688 0.425000 0.564453
0 0.364063 0.507812 0.396875 0.498047 0.421875 0.580078 0.384375 0.589844
0 0.393750 0.591797 0.426563 0.582031 0.456250 0.681641 0.421875 0.695312
0 0.356250 0.617188 0.389062 0.607422 0.418750 0.693359 0.385937 0.707031
0 0.314063 0.644531 0.345313 0.626953 0.371875 0.716797 0.340625 0.734375
0 0.285938 0.544922 0.317188 0.527344 0.343750 0.617188 0.312500 0.630859
0 0.240625 0.566406 0.271875 0.548828 0.298438 0.638672 0.267188 0.652344
0 0.271875 0.660156 0.303125 0.642578 0.329688 0.732422 0.298438 0.746094
0 0.215625 0.671875 0.254688 0.656250 0.279687 0.751953 0.242188 0.765625
0 0.190625 0.578125 0.229687 0.562500 0.251563 0.652344 0.215625 0.669922
0 0.146875 0.591797 0.179688 0.582031 0.196875 0.679688 0.160938 0.683594
0 0.057813 0.609375 0.098437 0.597656 0.118750 0.697266 0.079687 0.712891
0 0.078125 0.716797 0.118750 0.705078 0.139063 0.804688 0.100000 0.820312
0 0.103125 0.826172 0.143750 0.814453 0.164062 0.914062 0.125000 0.929688
0 0.126562 0.939453 0.167187 0.927734 0.187500 1.000000 0.148438 1.000000
0 0.056250 0.835938 0.093750 0.826172 0.114062 0.935547 0.075000 0.951172
0 0.000000 0.779297 0.025000 0.769531 0.045312 0.878906 0.006250 0.894531
0 0.035937 0.738281 0.073438 0.728516 0.089063 0.818359 0.050000 0.833984
0 0.062500 0.382812 0.098437 0.373047 0.120313 0.451172 0.079687 0.464844
0 0.103125 0.357422 0.139063 0.347656 0.160938 0.445312 0.132812 0.457031
0 0.184375 0.330078 0.220312 0.320312 0.250000 0.414062 0.214062 0.429688
0 0.231250 0.324219 0.260937 0.316406 0.289062 0.406250 0.257812 0.417969
0 0.268750 0.308594 0.298438 0.300781 0.326562 0.378906 0.296875 0.394531
0 0.309375 0.292969 0.339062 0.285156 0.367188 0.365234 0.337500 0.378906
0 0.354687 0.289062 0.384375 0.281250 0.409375 0.367188 0.381250 0.386719
0 0.434375 0.248047 0.464062 0.240234 0.489063 0.326172 0.462500 0.337891
0 0.410938 0.164062 0.440625 0.156250 0.464062 0.236328 0.432812 0.248047
0 0.387500 0.083984 0.417187 0.076172 0.440625 0.156250 0.409375 0.167969
0 0.314063 0.031250 0.343750 0.023438 0.375000 0.103516 0.340625 0.115234
0 0.345313 0.119141 0.375000 0.111328 0.398438 0.177734 0.370312 0.191406
0 0.368750 0.187500 0.398438 0.179688 0.423438 0.261719 0.395313 0.275391
0 0.329688 0.201172 0.359375 0.193359 0.384375 0.275391 0.356250 0.289062
0 0.300000 0.111328 0.329688 0.103516 0.354687 0.185547 0.326562 0.199219
0 0.228125 0.046875 0.257812 0.039062 0.281250 0.107422 0.251563 0.121094
0 0.251563 0.117188 0.281250 0.109375 0.307812 0.191406 0.275000 0.203125
0 0.281250 0.201172 0.310937 0.193359 0.337500 0.275391 0.304688 0.287109
0 0.242188 0.230469 0.271875 0.222656 0.295312 0.292969 0.264062 0.310547
0 0.217188 0.154297 0.246875 0.146484 0.270313 0.216797 0.239063 0.234375
0 0.189062 0.072266 0.218750 0.064453 0.242188 0.134766 0.210938 0.152344
0 0.134375 0.173828 0.164062 0.166016 0.187500 0.246094 0.157812 0.251953
0 0.110937 0.089844 0.140625 0.082031 0.164062 0.162109 0.134375 0.167969
0 0.160938 0.251953 0.190625 0.244141 0.214062 0.324219 0.184375 0.330078
0 0.204687 0.238281 0.234375 0.230469 0.259375 0.316406 0.228125 0.324219
0 0.115625 0.263672 0.145313 0.255859 0.170313 0.341797 0.139063 0.349609
0 0.073438 0.271484 0.103125 0.263672 0.128125 0.349609 0.096875 0.357422
0 0.035937 0.291016 0.065625 0.283203 0.090625 0.369141 0.059375 0.376953
0 0.000000 0.296875 0.021875 0.289062 0.045312 0.382812 0.010937 0.400391
0 0.020313 0.214844 0.050000 0.203125 0.071875 0.277344 0.040625 0.292969
0 0.057813 0.197266 0.087500 0.185547 0.103125 0.265625 0.071875 0.275391
0 0.096875 0.185547 0.126562 0.173828 0.142187 0.253906 0.110937 0.263672
0 0.076563 0.105469 0.106250 0.093750 0.121875 0.173828 0.090625 0.183594
0 0.034375 0.109375 0.064062 0.097656 0.079687 0.177734 0.048438 0.187500
0 0.000000 0.130859 0.023438 0.119141 0.039062 0.199219 0.007812 0.208984
0 0.545312 0.238281 0.571875 0.222656 0.600000 0.310547 0.567187 0.326172
0 0.585938 0.226562 0.612500 0.210938 0.640625 0.298828 0.607812 0.314453
0 0.662500 0.197266 0.689063 0.181641 0.723437 0.265625 0.693750 0.279297
0 0.706250 0.183594 0.732812 0.167969 0.767188 0.251953 0.737500 0.265625
0 0.793750 0.152344 0.820312 0.136719 0.854688 0.220703 0.825000 0.234375
0 0.834375 0.132812 0.860938 0.117188 0.895312 0.201172 0.865625 0.214844
0 0.870313 0.109375 0.896875 0.093750 0.931250 0.177734 0.901563 0.191406
0 0.906250 0.093750 0.932813 0.078125 0.967187 0.162109 0.937500 0.175781
0 0.945312 0.072266 0.971875 0.056641 1.000000 0.140625 0.976562 0.154297
0 0.910937 0.000000 0.937500 0.000000 0.968750 0.054688 0.939063 0.076172
0 0.868750 0.013672 0.895312 0.000000 0.932813 0.072266 0.904687 0.089844
0 0.832812 0.027344 0.859375 0.011719 0.900000 0.093750 0.865625 0.109375
0 0.790625 0.056641 0.817187 0.041016 0.854688 0.115234 0.825000 0.136719
0 0.753125 0.076172 0.779687 0.060547 0.817187 0.134766 0.787500 0.156250
0 0.710938 0.085938 0.737500 0.070312 0.778125 0.152344 0.743750 0.167969
0 0.665625 0.097656 0.692187 0.082031 0.728125 0.166016 0.698438 0.179688
0 0.626563 0.113281 0.653125 0.097656 0.689063 0.181641 0.659375 0.195312
0 0.584375 0.126953 0.610938 0.111328 0.646875 0.195312 0.617188 0.208984
0 0.550000 0.146484 0.576562 0.130859 0.606250 0.212891 0.578125 0.222656
0 0.509375 0.158203 0.535937 0.142578 0.565625 0.224609 0.537500 0.234375
0 0.484375 0.080078 0.510938 0.064453 0.535937 0.142578 0.507812 0.146484
0 0.523438 0.070312 0.550000 0.054688 0.575000 0.132812 0.546875 0.136719
0 0.559375 0.052734 0.585938 0.037109 0.610938 0.105469 0.582812 0.119141
0 0.600000 0.041016 0.626563 0.025391 0.651563 0.093750 0.623437 0.107422
0 0.639062 0.027344 0.665625 0.011719 0.690625 0.080078 0.662500 0.093750
0 0.675000 0.017578 0.701562 0.001953 0.726562 0.070312 0.698438 0.083984
0 0.714063 0.000000 0.740625 0.000000 0.765625 0.052734 0.737500 0.066406
0 0.456250 0.005859 0.482812 0.000000 0.507812 0.058594 0.479687 0.072266
0 0.496875 0.000000 0.523438 0.000000 0.548438 0.044922 0.520312 0.058594
