0 0.057813 0.042969 0.148438 0.039062 0.150000 0.083984 0.064062 0.093750
0 0.504687 0.775391 0.604688 0.757812 0.609375 0.818359 0.506250 0.832031
0 0.639062 0.771484 0.740625 0.753906 0.742188 0.794922 0.653125 0.808594
0 0.851562 0.744141 0.956250 0.726562 0.965625 0.773438 0.865625 0.794922
0 0.459375 0.609375 0.504687 0.615234 0.484375 0.730469 0.439063 0.720703
0 0.351562 0.687500 0.429688 0.669922 0.435937 0.724609 0.351562 0.730469
0 0.348438 0.605469 0.442188 0.621094 0.431250 0.667969 0.331250 0.646484
0 0.275000 0.093750 0.360938 0.074219 0.362500 0.121094 0.292187 0.126953
0 0.275000 0.199219 0.362500 0.175781 0.375000 0.222656 0.284375 0.250000
0 0.301563 0.291016 0.373437 0.306641 0.371875 0.363281 0.295312 0.330078
0 0.301563 0.332031 0.371875 0.361328 0.357812 0.414062 0.287500 0.375000
0 0.290625 0.449219 0.320312 0.417969 0.379688 0.466797 0.348438 0.513672
0 0.298438 0.542969 0.403125 0.535156 0.398438 0.574219 0.307812 0.589844
0 0.265625 0.910156 0.298438 0.902344 0.304688 1.000000 0.267188 1.000000
0 0.168750 0.917969 0.209375 0.892578 0.239063 1.000000 0.198437 1.000000
0 0.146875 0.851562 0.218750 0.777344 0.245312 0.812500 0.168750 0.888672
0 0.137500 0.783203 0.221875 0.701172 0.237500 0.740234 0.160938 0.818359
0 0.146875 0.714844 0.218750 0.658203 0.240625 0.693359 0.171875 0.753906
0 0.142187 0.656250 0.218750 0.585938 0.242188 0.625000 0.168750 0.705078
0 0.131250 0.595703 0.215625 0.529297 0.243750 0.560547 0.162500 0.636719
0 0.126562 0.519531 0.207813 0.476562 0.225000 0.517578 0.148438 0.562500
0 0.139063 0.466797 0.220312 0.416016 0.237500 0.447266 0.160938 0.511719
0 0.137500 0.421875 0.203125 0.349609 0.228125 0.380859 0.159375 0.455078
0 0.139063 0.343750 0.212500 0.269531 0.240625 0.300781 0.176563 0.380859
0 0.192188 0.171875 0.225000 0.193359 0.195312 0.289062 0.156250 0.273438
0 0.098437 0.150391 0.187500 0.148438 0.187500 0.199219 0.093750 0.199219
0 0.390625 0.880859 0.421875 0.916016 0.357812 1.000000 0.328125 0.990234
