0 0.715625 0.339844 0.750000 0.343750 0.745313 0.445312 0.707812 0.439453
0 0.157812 0.908203 0.248438 0.898438 0.250000 0.957031 0.154688 0.960938
0 0.157812 0.826172 0.235937 0.822266 0.237500 0.865234 0.153125 0.873047
0 0.150000 0.732422 0.240625 0.726562 0.242188 0.777344 0.145313 0.779297
0 0.056250 0.664062 0.145313 0.638672 0.157812 0.673828 0.068750 0.708984
0 0.040625 0.521484 0.126562 0.531250 0.121875 0.578125 0.037500 0.576172
0 0.771875 0.705078 0.837500 0.630859 0.864062 0.654297 0.801562 0.728516
0 0.760938 0.634766 0.815625 0.570312 0.842187 0.593750 0.785937 0.671875
0 0.750000 0.574219 0.804688 0.509766 0.831250 0.533203 0.775000 0.611328
0 0.803125 0.390625 0.831250 0.417969 0.782813 0.496094 0.753125 0.466797
