0 0.614062 0.142578 0.673438 0.142578 0.673438 0.181641 0.614062 0.177734
0 0.771875 0.144531 0.834375 0.148438 0.835938 0.191406 0.768750 0.183594
0 0.851562 0.152344 0.912500 0.152344 0.915625 0.191406 0.850000 0.189453
0 0.917188 0.148438 0.981250 0.152344 0.982812 0.195312 0.917188 0.195312
0 0.917188 0.029297 0.948438 0.023438 0.954688 0.076172 0.925000 0.076172
0 0.878125 0.025391 0.906250 0.015625 0.915625 0.060547 0.889062 0.060547
0 0.846875 0.007812 0.873437 0.005859 0.882812 0.052734 0.857812 0.054688
0 0.812500 0.000000 0.835938 0.000000 0.846875 0.029297 0.821875 0.033203
0 0.773438 0.000000 0.803125 0.000000 0.809375 0.033203 0.781250 0.039062
0 0.737500 0.000000 0.762500 0.000000 0.776563 0.035156 0.743750 0.039062
0 0.706250 0.001953 0.735938 0.000000 0.735938 0.042969 0.709375 0.044922
0 0.671875 0.000000 0.700000 0.000000 0.707812 0.031250 0.682813 0.039062
0 0.606250 0.001953 0.642188 0.005859 0.640625 0.062500 0.606250 0.064453
0 0.437500 0.019531 0.496875 0.015625 0.496875 0.046875 0.439063 0.050781
0 0.685937 0.150391 0.750000 0.146484 0.751563 0.185547 0.687500 0.185547
0 0.537500 0.140625 0.601562 0.142578 0.603125 0.183594 0.535937 0.177734
0 0.467187 0.142578 0.528125 0.142578 0.531250 0.175781 0.467187 0.175781
0 0.381250 0.142578 0.448437 0.142578 0.448437 0.177734 0.381250 0.173828
0 0.306250 0.138672 0.360938 0.134766 0.360938 0.177734 0.301563 0.179688
0 0.395313 0.052734 0.450000 0.050781 0.454688 0.082031 0.396875 0.082031
0 0.318750 0.052734 0.376563 0.050781 0.376563 0.083984 0.314063 0.083984
0 0.231250 0.136719 0.293750 0.138672 0.289062 0.177734 0.225000 0.171875
0 0.240625 0.054688 0.298438 0.046875 0.298438 0.089844 0.239063 0.083984
0 0.165625 0.054688 0.221875 0.048828 0.221875 0.083984 0.162500 0.085938
0 0.150000 0.140625 0.206250 0.138672 0.204687 0.177734 0.146875 0.179688
0 0.054688 0.134766 0.118750 0.134766 0.120313 0.173828 0.053125 0.173828
0 0.000000 0.134766 0.029687 0.138672 0.025000 0.171875 0.000000 0.171875
0 0.123438 0.015625 0.148438 0.023438 0.139063 0.074219 0.112500 0.068359
0 0.031250 0.033203 0.059375 0.031250 0.064062 0.072266 0.035937 0.080078
0 0.035937 0.000000 0.068750 0.000000 0.064062 0.033203 0.034375 0.029297
0 0.000000 0.046875 0.028125 0.050781 0.028125 0.083984 0.000000 0.080078
