2 0.493750 0.781250 0.598437 0.906250 0.557813 0.960938 0.450000 0.839844
0 0.562500 0.964844 0.600000 0.921875 0.692187 1.000000 0.656250 1.000000
0 0.978125 0.847656 1.000000 0.898438 0.940625 1.000000 0.889062 0.982422
0 0.926562 0.794922 0.975000 0.837891 0.881250 0.968750 0.835938 0.908203
0 0.862500 0.619141 0.975000 0.742188 0.925000 0.796875 0.826562 0.675781
1 0.878125 0.558594 0.990625 0.662109 0.953125 0.710938 0.848437 0.615234
2 0.606250 0.587891 0.651563 0.537109 0.810937 0.697266 0.757812 0.751953
2 0.510938 0.785156 0.559375 0.728516 0.721875 0.888672 0.675000 0.962891
0 0.942187 0.072266 0.992188 0.126953 0.904687 0.232422 0.854688 0.187500
0 0.373437 0.644531 0.482812 0.527344 0.525000 0.585938 0.418750 0.703125
0 0.251563 0.470703 0.342187 0.375000 0.387500 0.417969 0.289062 0.523438
