4 0.481250 0.687500 0.543750 0.658203 0.554688 0.691406 0.496875 0.720703
0 0.415625 0.980469 0.470313 0.955078 0.487500 0.992188 0.423438 1.000000
0 0.550000 0.812500 0.604688 0.785156 0.620313 0.816406 0.567187 0.841797
0 0.596875 0.933594 0.667188 0.892578 0.681250 0.929688 0.607812 0.962891
3 0.264062 0.080078 0.365625 0.042969 0.376563 0.085938 0.278125 0.126953
0 0.117188 0.154297 0.170313 0.138672 0.176563 0.171875 0.118750 0.183594
0 0.193750 0.125000 0.248438 0.111328 0.251563 0.140625 0.195312 0.150391
0 0.912500 0.742188 0.971875 0.714844 0.985938 0.746094 0.923438 0.779297
0 0.907813 0.441406 0.957812 0.414062 0.982812 0.443359 0.918750 0.466797
0 0.864062 0.386719 0.923438 0.355469 0.935937 0.386719 0.876563 0.408203
0 0.845313 0.359375 0.898438 0.332031 0.918750 0.353516 0.859375 0.384766
0 0.798438 0.291016 0.842187 0.257812 0.864062 0.283203 0.809375 0.308594
0 0.715625 0.160156 0.762500 0.130859 0.778125 0.154297 0.731250 0.181641
1 0.404687 0.511719 0.457813 0.478516 0.470313 0.500000 0.415625 0.535156
0 0.381250 0.482422 0.435937 0.441406 0.450000 0.474609 0.393750 0.509766
0 0.329688 0.392578 0.387500 0.361328 0.396875 0.394531 0.339062 0.419922
0 0.314063 0.359375 0.378125 0.332031 0.387500 0.361328 0.321875 0.390625
0 0.290625 0.300781 0.346875 0.283203 0.353125 0.312500 0.298438 0.332031
0 0.587500 0.875000 0.643750 0.841797 0.660937 0.882812 0.600000 0.910156
1 0.746875 0.214844 0.809375 0.185547 0.829688 0.228516 0.767188 0.248047
1 0.739062 0.962891 0.825000 0.910156 0.843750 0.949219 0.751563 1.000000
1 0.425000 0.560547 0.484375 0.533203 0.496875 0.568359 0.434375 0.591797
0 0.440625 0.599609 0.506250 0.570312 0.517188 0.603516 0.454688 0.632812
