0 0.471875 0.777344 0.507812 0.794922 0.475000 0.908203 0.442188 0.894531
0 0.390625 0.667969 0.473438 0.666016 0.473438 0.714844 0.390625 0.714844
0 0.581250 0.740234 0.617188 0.757812 0.582812 0.871094 0.546875 0.857422
0 0.784375 0.906250 0.814063 0.871094 0.893750 0.978516 0.864062 1.000000
0 0.704688 0.789062 0.739062 0.761719 0.796875 0.865234 0.765625 0.892578
0 0.390625 0.558594 0.465625 0.593750 0.454688 0.632812 0.378125 0.595703
0 0.951562 0.716797 0.987500 0.742188 0.945312 0.847656 0.904687 0.822266
0 0.601562 0.625000 0.681250 0.708984 0.656250 0.744141 0.576562 0.664062
0 0.367188 0.416016 0.456250 0.460938 0.439063 0.509766 0.348438 0.464844
0 0.384375 0.349609 0.479687 0.388672 0.464062 0.439453 0.365625 0.398438
0 0.384375 0.253906 0.478125 0.298828 0.462500 0.345703 0.368750 0.302734
0 0.462500 0.070312 0.554688 0.107422 0.540625 0.158203 0.448437 0.121094
0 0.504687 0.023438 0.584375 0.046875 0.571875 0.101562 0.490625 0.070312
0 0.696875 0.171875 0.773438 0.148438 0.785937 0.189453 0.706250 0.216797
4 0.082812 0.419922 0.160938 0.466797 0.145313 0.503906 0.067187 0.462891
0 0.790625 0.017578 0.893750 0.000000 0.906250 0.048828 0.800000 0.068359
0 0.551562 0.875000 0.584375 0.888672 0.556250 0.986328 0.520312 0.974609
