0 0.335938 0.003906 0.426563 0.000000 0.432812 0.019531 0.353125 0.048828
0 0.154688 0.019531 0.253125 0.000000 0.264062 0.044922 0.167187 0.076172
0 0.392188 0.402344 0.504687 0.363281 0.517188 0.427734 0.410938 0.468750
0 0.401562 0.521484 0.492188 0.443359 0.523438 0.482422 0.429688 0.564453
0 0.375000 0.310547 0.460938 0.261719 0.482812 0.318359 0.392188 0.365234
0 0.362500 0.089844 0.445312 0.058594 0.460938 0.121094 0.371875 0.148438
0 0.228125 0.123047 0.273438 0.093750 0.310937 0.212891 0.268750 0.238281
0 0.954688 0.740234 1.000000 0.736328 1.000000 0.796875 0.953125 0.791016
0 0.514062 0.673828 0.601562 0.589844 0.634375 0.628906 0.554688 0.718750
0 0.481250 0.642578 0.560937 0.554688 0.593750 0.599609 0.507812 0.687500
0 0.514062 0.503906 0.554688 0.558594 0.473438 0.646484 0.442188 0.597656
4 0.567187 0.761719 0.668750 0.753906 0.671875 0.802734 0.575000 0.822266
