0 0.265625 0.703125 0.295312 0.679688 0.332813 0.763672 0.303125 0.783203
0 0.367188 0.886719 0.400000 0.861328 0.448437 0.953125 0.418750 0.974609
0 0.818750 0.072266 0.873437 0.035156 0.900000 0.056641 0.837500 0.101562
0 0.839063 0.099609 0.900000 0.062500 0.923438 0.097656 0.864062 0.132812
0 0.082812 0.033203 0.157812 0.005859 0.165625 0.041016 0.085938 0.068359
0 0.096875 0.064453 0.162500 0.044922 0.179688 0.076172 0.106250 0.089844
0 0.110937 0.093750 0.189062 0.072266 0.193750 0.097656 0.123438 0.136719
0 0.132812 0.121094 0.204687 0.095703 0.214062 0.123047 0.150000 0.160156
0 0.160938 0.152344 0.232813 0.125000 0.248438 0.166016 0.175000 0.193359
0 0.182812 0.207031 0.248438 0.167969 0.273438 0.207031 0.198437 0.250000
0 0.210938 0.228516 0.271875 0.207031 0.287500 0.238281 0.223438 0.257812
0 0.228125 0.261719 0.296875 0.230469 0.306250 0.261719 0.240625 0.289062
0 0.243750 0.292969 0.303125 0.265625 0.328125 0.291016 0.265625 0.333984
0 0.265625 0.332031 0.335938 0.285156 0.357812 0.320312 0.285938 0.369141
0 0.303125 0.386719 0.368750 0.341797 0.390625 0.376953 0.318750 0.425781
0 0.281250 0.361328 0.346875 0.316406 0.368750 0.351562 0.296875 0.400391
0 0.325000 0.427734 0.390625 0.382812 0.412500 0.417969 0.340625 0.466797
0 0.345313 0.462891 0.421875 0.414062 0.446875 0.455078 0.373437 0.505859
0 0.365625 0.496094 0.442188 0.447266 0.467187 0.488281 0.393750 0.539062
0 0.395313 0.564453 0.471875 0.515625 0.496875 0.556641 0.423438 0.607422
0 0.418750 0.611328 0.495312 0.562500 0.520312 0.603516 0.446875 0.654297
0 0.470313 0.664062 0.550000 0.615234 0.571875 0.644531 0.487500 0.701172
0 0.501563 0.707031 0.571875 0.656250 0.596875 0.685547 0.521875 0.736328
0 0.523438 0.736328 0.606250 0.695312 0.623437 0.726562 0.550000 0.777344
0 0.553125 0.792969 0.640625 0.736328 0.659375 0.775391 0.575000 0.830078
0 0.596875 0.826172 0.664062 0.777344 0.682813 0.816406 0.612500 0.863281
0 0.621875 0.882812 0.692187 0.841797 0.717187 0.878906 0.639062 0.923828
0 0.640625 0.923828 0.731250 0.882812 0.753125 0.929688 0.667188 0.980469
0 0.692187 0.994141 0.770312 0.939453 0.803125 0.982422 0.725000 1.000000
1 0.045312 0.306641 0.089063 0.283203 0.143750 0.390625 0.100000 0.414062
1 0.000000 0.201172 0.037500 0.169922 0.082812 0.255859 0.037500 0.283203
