0 0.751563 0.281250 0.835938 0.279297 0.839063 0.326172 0.748437 0.328125
0 0.178125 0.966797 0.256250 0.964844 0.254688 1.000000 0.179688 1.000000
0 0.398438 0.964844 0.485938 0.964844 0.485938 1.000000 0.396875 1.000000
0 0.509375 0.878906 0.540625 0.880859 0.542188 0.982422 0.509375 0.986328
0 0.271875 0.224609 0.348438 0.222656 0.350000 0.263672 0.271875 0.263672
0 0.184375 0.835938 0.270313 0.837891 0.270313 0.878906 0.181250 0.876953
0 0.095312 0.748047 0.137500 0.746094 0.134375 0.867188 0.093750 0.867188
0 0.371875 0.810547 0.434375 0.759766 0.453125 0.787109 0.389062 0.841797
0 0.679688 0.667969 0.760938 0.671875 0.760938 0.708984 0.682813 0.707031
0 0.660937 0.611328 0.742188 0.611328 0.743750 0.652344 0.662500 0.652344
0 0.175000 0.902344 0.265625 0.904297 0.267188 0.951172 0.178125 0.949219
0 0.401562 0.902344 0.481250 0.896484 0.482812 0.947266 0.401562 0.951172
0 0.923438 0.880859 0.954688 0.898438 0.923438 0.986328 0.892188 0.970703
