0 0.828125 0.257812 0.853125 0.257812 0.853125 0.306641 0.828125 0.306641
0 0.193750 0.062500 0.246875 0.062500 0.246875 0.087891 0.193750 0.087891
0 0.260937 0.064453 0.315625 0.064453 0.315625 0.087891 0.260937 0.087891
0 0.184375 0.105469 0.239063 0.105469 0.239063 0.132812 0.184375 0.132812
0 0.176563 0.146484 0.226562 0.146484 0.226562 0.167969 0.176563 0.167969
0 0.171875 0.164062 0.226562 0.164062 0.226562 0.189453 0.171875 0.189453
0 0.164062 0.189453 0.220312 0.189453 0.220312 0.210938 0.164062 0.210938
0 0.159375 0.214844 0.217188 0.214844 0.217188 0.240234 0.159375 0.240234
0 0.154688 0.236328 0.210938 0.236328 0.210938 0.261719 0.154688 0.261719
0 0.148438 0.251953 0.198437 0.251953 0.198437 0.281250 0.148438 0.281250
0 0.139063 0.308594 0.193750 0.308594 0.193750 0.335938 0.139063 0.335938
0 0.129688 0.333984 0.189062 0.333984 0.189062 0.359375 0.129688 0.359375
0 0.292187 0.130859 0.340625 0.130859 0.340625 0.150391 0.292187 0.150391
0 0.298438 0.154297 0.339062 0.154297 0.339062 0.169922 0.298438 0.169922
0 0.279687 0.195312 0.331250 0.195312 0.331250 0.214844 0.279687 0.214844
0 0.278125 0.218750 0.326562 0.218750 0.326562 0.240234 0.278125 0.240234
0 0.271875 0.242188 0.326562 0.242188 0.326562 0.265625 0.271875 0.265625
0 0.270313 0.263672 0.325000 0.263672 0.325000 0.289062 0.270313 0.289062
0 0.271875 0.289062 0.318750 0.289062 0.318750 0.308594 0.271875 0.308594
0 0.271875 0.310547 0.318750 0.310547 0.318750 0.335938 0.271875 0.335938
0 0.260937 0.335938 0.315625 0.335938 0.315625 0.359375 0.260937 0.359375
0 0.254688 0.365234 0.310937 0.365234 0.310937 0.388672 0.254688 0.388672
0 0.417187 0.070312 0.467187 0.070312 0.467187 0.097656 0.417187 0.097656
0 0.482812 0.068359 0.523438 0.068359 0.523438 0.097656 0.482812 0.097656
0 0.354687 0.126953 0.404687 0.126953 0.404687 0.148438 0.354687 0.148438
0 0.356250 0.150391 0.407813 0.150391 0.407813 0.175781 0.356250 0.175781
0 0.348438 0.173828 0.406250 0.173828 0.406250 0.197266 0.348438 0.197266
0 0.345313 0.195312 0.392188 0.195312 0.392188 0.216797 0.345313 0.216797
0 0.340625 0.238281 0.393750 0.238281 0.393750 0.263672 0.340625 0.263672
0 0.335938 0.265625 0.390625 0.265625 0.390625 0.291016 0.335938 0.291016
0 0.337500 0.289062 0.385937 0.289062 0.385937 0.318359 0.337500 0.318359
0 0.334375 0.326172 0.381250 0.326172 0.381250 0.351562 0.334375 0.351562
0 0.317188 0.392578 0.375000 0.392578 0.375000 0.417969 0.317188 0.417969
0 0.243750 0.412109 0.304688 0.412109 0.304688 0.439453 0.243750 0.439453
0 0.223438 0.492188 0.289062 0.492188 0.289062 0.523438 0.223438 0.523438
0 0.303125 0.443359 0.365625 0.443359 0.365625 0.474609 0.303125 0.474609
0 0.296875 0.525391 0.360938 0.525391 0.360938 0.558594 0.296875 0.558594
0 0.292187 0.580078 0.340625 0.580078 0.340625 0.607422 0.292187 0.607422
0 0.281250 0.615234 0.337500 0.615234 0.337500 0.642578 0.281250 0.642578
0 0.210938 0.644531 0.260937 0.644531 0.260937 0.671875 0.210938 0.671875
0 0.062500 0.617188 0.121875 0.617188 0.121875 0.646484 0.062500 0.646484
0 0.051562 0.675781 0.123438 0.675781 0.123438 0.708984 0.051562 0.708984
0 0.040625 0.736328 0.107813 0.736328 0.107813 0.769531 0.040625 0.769531
0 0.407813 0.712891 0.476562 0.712891 0.476562 0.746094 0.407813 0.746094
0 0.440625 0.531250 0.500000 0.531250 0.500000 0.562500 0.440625 0.562500
0 0.439063 0.500000 0.495312 0.500000 0.495312 0.529297 0.439063 0.529297
0 0.443750 0.445312 0.500000 0.445312 0.500000 0.472656 0.443750 0.472656
0 0.446875 0.398438 0.504687 0.398438 0.504687 0.429688 0.446875 0.429688
0 0.457813 0.371094 0.509375 0.371094 0.509375 0.394531 0.457813 0.394531
0 0.464062 0.341797 0.514062 0.341797 0.514062 0.369141 0.464062 0.369141
0 0.456250 0.265625 0.509375 0.265625 0.509375 0.294922 0.456250 0.294922
0 0.464062 0.242188 0.514062 0.242188 0.514062 0.265625 0.464062 0.265625
0 0.470313 0.220703 0.520312 0.220703 0.520312 0.246094 0.470313 0.246094
0 0.468750 0.197266 0.518750 0.197266 0.518750 0.222656 0.468750 0.222656
0 0.476562 0.173828 0.528125 0.173828 0.528125 0.203125 0.476562 0.203125
0 0.476562 0.152344 0.523438 0.152344 0.523438 0.179688 0.476562 0.179688
0 0.567187 0.072266 0.618750 0.072266 0.618750 0.097656 0.567187 0.097656
0 0.539062 0.107422 0.595313 0.107422 0.595313 0.136719 0.539062 0.136719
0 0.539062 0.152344 0.590625 0.152344 0.590625 0.179688 0.539062 0.179688
0 0.532813 0.179688 0.587500 0.179688 0.587500 0.203125 0.532813 0.203125
0 0.529687 0.205078 0.587500 0.205078 0.587500 0.228516 0.529687 0.228516
0 0.525000 0.222656 0.578125 0.222656 0.578125 0.246094 0.525000 0.246094
0 0.525000 0.246094 0.578125 0.246094 0.578125 0.269531 0.525000 0.269531
0 0.521875 0.271484 0.578125 0.271484 0.578125 0.291016 0.521875 0.291016
0 0.521875 0.294922 0.578125 0.294922 0.578125 0.320312 0.521875 0.320312
0 0.518750 0.322266 0.579688 0.322266 0.579688 0.343750 0.518750 0.343750
0 0.518750 0.345703 0.575000 0.345703 0.575000 0.371094 0.518750 0.371094
0 0.517188 0.375000 0.579688 0.375000 0.579688 0.402344 0.517188 0.402344
0 0.517188 0.419922 0.573438 0.419922 0.573438 0.451172 0.517188 0.451172
0 0.514062 0.451172 0.568750 0.451172 0.568750 0.478516 0.514062 0.478516
0 0.015625 0.847656 0.085938 0.847656 0.085938 0.884766 0.015625 0.884766
0 0.179688 0.777344 0.240625 0.777344 0.240625 0.808594 0.179688 0.808594
0 0.267188 0.785156 0.325000 0.785156 0.325000 0.818359 0.267188 0.818359
0 0.146875 0.964844 0.220312 0.964844 0.220312 0.996094 0.146875 0.996094
0 0.248438 0.890625 0.312500 0.890625 0.312500 0.927734 0.248438 0.927734
0 0.634375 0.796875 0.698438 0.796875 0.698438 0.833984 0.634375 0.833984
0 0.723437 0.875000 0.784375 0.875000 0.784375 0.910156 0.723437 0.910156
0 0.801562 0.796875 0.832812 0.796875 0.832812 0.865234 0.801562 0.865234
0 0.871875 0.902344 0.907813 0.902344 0.907813 0.978516 0.871875 0.978516
0 0.720313 0.699219 0.785937 0.699219 0.785937 0.734375 0.720313 0.734375
0 0.714063 0.660156 0.779687 0.660156 0.779687 0.699219 0.714063 0.699219
0 0.720313 0.626953 0.781250 0.626953 0.781250 0.662109 0.720313 0.662109
0 0.635938 0.570312 0.701562 0.570312 0.701562 0.603516 0.635938 0.603516
0 0.709375 0.568359 0.773438 0.568359 0.773438 0.607422 0.709375 0.607422
0 0.709375 0.539062 0.771875 0.539062 0.771875 0.566406 0.709375 0.566406
0 0.712500 0.513672 0.770312 0.513672 0.770312 0.541016 0.712500 0.541016
0 0.717187 0.484375 0.778125 0.484375 0.778125 0.519531 0.717187 0.519531
0 0.648438 0.455078 0.709375 0.455078 0.709375 0.486328 0.648438 0.486328
0 0.714063 0.455078 0.778125 0.455078 0.778125 0.484375 0.714063 0.484375
0 0.720313 0.427734 0.776563 0.427734 0.776563 0.457031 0.720313 0.457031
0 0.646875 0.427734 0.709375 0.427734 0.709375 0.457031 0.646875 0.457031
0 0.643750 0.373047 0.703125 0.373047 0.703125 0.402344 0.643750 0.402344
0 0.712500 0.400391 0.776563 0.400391 0.776563 0.427734 0.712500 0.427734
0 0.715625 0.373047 0.775000 0.373047 0.775000 0.404297 0.715625 0.404297
0 0.714063 0.343750 0.773438 0.343750 0.773438 0.375000 0.714063 0.375000
0 0.645312 0.292969 0.703125 0.292969 0.703125 0.324219 0.645312 0.324219
0 0.714063 0.298828 0.771875 0.298828 0.771875 0.326172 0.714063 0.326172
0 0.710938 0.277344 0.768750 0.277344 0.768750 0.302734 0.710938 0.302734
0 0.712500 0.250000 0.764062 0.250000 0.764062 0.275391 0.712500 0.275391
0 0.712500 0.224609 0.762500 0.224609 0.762500 0.250000 0.712500 0.250000
0 0.645312 0.224609 0.701562 0.224609 0.701562 0.255859 0.645312 0.255859
0 0.646875 0.199219 0.704688 0.199219 0.704688 0.224609 0.646875 0.224609
0 0.651563 0.171875 0.707812 0.171875 0.707812 0.199219 0.651563 0.199219
0 0.642188 0.146484 0.700000 0.146484 0.700000 0.171875 0.642188 0.171875
0 0.709375 0.189453 0.759375 0.189453 0.759375 0.218750 0.709375 0.218750
0 0.710938 0.160156 0.765625 0.160156 0.765625 0.187500 0.710938 0.187500
0 0.701562 0.138672 0.760938 0.138672 0.760938 0.164062 0.701562 0.164062
0 0.853125 0.652344 0.884375 0.652344 0.884375 0.710938 0.853125 0.710938
0 0.848437 0.580078 0.876563 0.580078 0.876563 0.648438 0.848437 0.648438
0 0.843750 0.511719 0.873437 0.511719 0.873437 0.568359 0.843750 0.568359
0 0.842187 0.445312 0.871875 0.445312 0.871875 0.505859 0.842187 0.505859
0 0.835938 0.376953 0.865625 0.376953 0.865625 0.435547 0.835938 0.435547
0 0.832812 0.310547 0.859375 0.310547 0.859375 0.367188 0.832812 0.367188
0 0.825000 0.199219 0.851562 0.199219 0.851562 0.248047 0.825000 0.248047
0 0.770312 0.078125 0.821875 0.078125 0.821875 0.105469 0.770312 0.105469
0 0.857812 0.023438 1.000000 0.023438 1.000000 0.095703 0.857812 0.095703
0 0.964063 0.097656 1.000000 0.097656 1.000000 0.132812 0.964063 0.132812
