4 0.021875 0.042969 0.068750 0.060547 0.059375 0.091797 0.012500 0.076172
2 0.448437 0.628906 0.718750 0.632812 0.718750 0.707031 0.448437 0.703125
2 0.035937 0.394531 0.240625 0.429688 0.234375 0.480469 0.023438 0.457031
2 0.310937 0.378906 0.554688 0.376953 0.560937 0.449219 0.315625 0.457031
2 0.303125 0.337891 0.537500 0.335938 0.534375 0.382812 0.303125 0.378906
2 0.814063 0.373047 1.000000 0.378906 1.000000 0.437500 0.810937 0.433594
0 0.814063 0.203125 0.867188 0.201172 0.867188 0.238281 0.815625 0.238281
0 0.789062 0.126953 0.843750 0.156250 0.831250 0.185547 0.778125 0.160156
0 0.790625 0.066406 0.831250 0.060547 0.828125 0.089844 0.792188 0.089844
0 0.778125 0.031250 0.825000 0.041016 0.815625 0.070312 0.768750 0.064453
0 0.640625 0.017578 0.693750 0.011719 0.696875 0.046875 0.639062 0.042969
4 0.334375 0.013672 0.353125 0.015625 0.353125 0.072266 0.334375 0.070312
4 0.056250 0.265625 0.096875 0.265625 0.095312 0.302734 0.054688 0.300781
0 0.034375 0.238281 0.090625 0.242188 0.087500 0.265625 0.029687 0.265625
2 0.784375 0.271484 0.864062 0.275391 0.864062 0.312500 0.782813 0.308594
0 0.182812 0.292969 0.237500 0.283203 0.232813 0.316406 0.181250 0.316406
0 0.320312 0.189453 0.340625 0.187500 0.337500 0.242188 0.320312 0.242188
0 0.328125 0.117188 0.348438 0.117188 0.346875 0.171875 0.326562 0.169922
0 0.417187 0.101562 0.464062 0.097656 0.464062 0.126953 0.417187 0.123047
0 0.407813 0.128906 0.464062 0.128906 0.465625 0.154297 0.406250 0.154297
0 0.409375 0.158203 0.462500 0.164062 0.459375 0.191406 0.412500 0.191406
0 0.479687 0.212891 0.514062 0.218750 0.509375 0.281250 0.478125 0.277344
0 0.525000 0.216797 0.553125 0.218750 0.551562 0.273438 0.521875 0.275391
0 0.615625 0.218750 0.639062 0.214844 0.637500 0.267578 0.617188 0.269531
0 0.634375 0.068359 0.684375 0.062500 0.685937 0.093750 0.637500 0.097656
0 0.640625 0.095703 0.693750 0.095703 0.696875 0.121094 0.642188 0.125000
0 0.642188 0.128906 0.707812 0.121094 0.712500 0.144531 0.646875 0.156250
0 0.654687 0.156250 0.709375 0.152344 0.710938 0.179688 0.654687 0.185547
0 0.651563 0.187500 0.712500 0.183594 0.712500 0.210938 0.653125 0.214844
4 0.414062 0.070312 0.473438 0.066406 0.475000 0.099609 0.415625 0.099609
