0 0.792188 0.566406 0.893750 0.548828 0.903125 0.605469 0.807813 0.626953
0 0.317188 0.011719 0.367188 0.000000 0.385937 0.126953 0.331250 0.134766
0 0.564063 0.009766 0.615625 0.001953 0.628125 0.132812 0.579688 0.138672
0 0.718750 0.017578 0.825000 0.003906 0.829688 0.064453 0.729688 0.078125
0 0.723437 0.160156 0.823438 0.130859 0.837500 0.185547 0.743750 0.216797
0 0.746875 0.230469 0.848437 0.214844 0.848437 0.267578 0.754687 0.285156
0 0.748437 0.296875 0.853125 0.283203 0.851562 0.339844 0.748437 0.349609
0 0.765625 0.367188 0.868750 0.341797 0.876563 0.402344 0.779687 0.425781
0 0.764062 0.423828 0.871875 0.404297 0.881250 0.464844 0.781250 0.486328
0 0.787500 0.492188 0.889062 0.480469 0.887500 0.537109 0.792188 0.552734
0 0.810937 0.664062 0.917188 0.660156 0.910937 0.714844 0.814063 0.718750
0 0.843750 0.769531 0.951562 0.761719 0.951562 0.816406 0.848437 0.832031
0 0.821875 0.847656 0.935937 0.830078 0.942187 0.886719 0.831250 0.902344
0 0.829688 0.925781 0.948438 0.925781 0.950000 0.988281 0.832812 0.988281
0 0.667188 0.800781 0.701562 0.800781 0.720313 0.929688 0.676562 0.935547
0 0.620313 0.492188 0.667188 0.476562 0.689063 0.613281 0.635938 0.621094
0 0.398438 0.765625 0.445312 0.757812 0.457813 0.894531 0.412500 0.898438
0 0.354687 0.941406 0.398438 0.941406 0.404687 1.000000 0.365625 1.000000
1 0.207813 0.880859 0.271875 0.869141 0.287500 1.000000 0.226562 1.000000
3 0.176563 0.472656 0.246875 0.464844 0.265625 0.769531 0.184375 0.779297
