0 0.375000 0.601562 0.434375 0.593750 0.460938 0.734375 0.406250 0.742188
0 0.953125 0.236328 1.000000 0.208984 1.000000 0.345703 0.990625 0.373047
0 0.854688 0.044922 0.904687 0.025391 0.932813 0.156250 0.881250 0.171875
0 0.640625 0.035156 0.754687 0.017578 0.760938 0.070312 0.646875 0.095703
0 0.657813 0.091797 0.770312 0.052734 0.785937 0.132812 0.675000 0.156250
0 0.279687 0.015625 0.331250 0.005859 0.350000 0.144531 0.295312 0.150391
0 0.323437 0.195312 0.367188 0.187500 0.395313 0.310547 0.340625 0.316406
0 0.348438 0.337891 0.392188 0.328125 0.409375 0.449219 0.357812 0.453125
0 0.700000 0.335938 0.823438 0.300781 0.835938 0.382812 0.709375 0.404297
0 0.742188 0.404297 0.845313 0.375000 0.857812 0.437500 0.750000 0.468750
0 0.748437 0.474609 0.873437 0.439453 0.884375 0.507812 0.778125 0.539062
0 0.804688 0.757812 0.932813 0.716797 0.948438 0.798828 0.828125 0.828125
0 0.823438 0.843750 0.959375 0.804688 0.975000 0.886719 0.842187 0.919922
0 0.442188 0.955078 0.496875 0.937500 0.520312 1.000000 0.460938 1.000000
