0 0.618750 0.445312 0.651563 0.480469 0.585938 0.570312 0.550000 0.535156
0 0.656250 0.484375 0.698438 0.521484 0.631250 0.609375 0.595313 0.570312
0 0.701562 0.523438 0.745313 0.556641 0.675000 0.650391 0.640625 0.617188
0 0.743750 0.552734 0.782813 0.591797 0.720313 0.687500 0.681250 0.656250
0 0.801562 0.470703 0.840625 0.505859 0.785937 0.599609 0.745313 0.554688
0 0.756250 0.431641 0.796875 0.466797 0.737500 0.558594 0.700000 0.527344
0 0.725000 0.398438 0.757812 0.429688 0.695312 0.521484 0.662500 0.488281
0 0.629687 0.328125 0.668750 0.369141 0.607812 0.451172 0.568750 0.421875
0 0.593750 0.302734 0.626563 0.337891 0.565625 0.412109 0.534375 0.382812
0 0.554688 0.267578 0.590625 0.300781 0.529687 0.378906 0.492188 0.345703
0 0.517188 0.222656 0.556250 0.265625 0.493750 0.335938 0.462500 0.312500
0 0.575000 0.148438 0.614062 0.187500 0.550000 0.259766 0.517188 0.224609
0 0.620313 0.185547 0.653125 0.226562 0.593750 0.291016 0.556250 0.265625
0 0.656250 0.230469 0.692187 0.261719 0.631250 0.330078 0.601562 0.298828
0 0.706250 0.250000 0.739062 0.294922 0.670312 0.365234 0.637500 0.335938
0 0.782813 0.320312 0.825000 0.353516 0.756250 0.431641 0.725000 0.400391
0 0.817187 0.355469 0.856250 0.386719 0.798438 0.468750 0.765625 0.437500
0 0.857812 0.382812 0.898438 0.423828 0.840625 0.511719 0.800000 0.470703
0 0.917188 0.304688 0.959375 0.341797 0.896875 0.421875 0.867188 0.390625
0 0.876563 0.271484 0.915625 0.306641 0.853125 0.390625 0.821875 0.361328
0 0.840625 0.236328 0.881250 0.267578 0.821875 0.357422 0.789062 0.326172
0 0.656250 0.222656 0.721875 0.152344 0.753125 0.191406 0.687500 0.257812
0 0.621875 0.187500 0.682813 0.117188 0.718750 0.150391 0.654687 0.218750
0 0.579688 0.148438 0.645312 0.078125 0.681250 0.113281 0.614062 0.185547
0 0.759375 0.085938 0.835938 0.148438 0.803125 0.193359 0.731250 0.134766
0 0.673438 0.031250 0.750000 0.089844 0.718750 0.130859 0.643750 0.074219
0 0.751563 0.039062 0.807813 0.000000 0.846875 0.000000 0.787500 0.068359
0 0.792188 0.068359 0.864062 0.000000 0.900000 0.000000 0.831250 0.097656
0 0.895312 0.007812 0.939063 0.035156 0.864062 0.132812 0.831250 0.111328
0 0.934375 0.044922 0.968750 0.078125 0.907813 0.162109 0.868750 0.132812
0 0.937500 0.046875 0.990625 0.000000 1.000000 0.001953 0.973437 0.076172
0 0.979688 0.082031 1.000000 0.117188 0.943750 0.210938 0.907813 0.175781
0 1.000000 0.144531 1.000000 0.171875 0.985938 0.257812 0.950000 0.216797
0 0.973437 0.330078 1.000000 0.375000 0.943750 0.458984 0.907813 0.414062
0 0.906250 0.421875 0.945312 0.457031 0.887500 0.546875 0.851562 0.509766
0 0.943750 0.468750 0.984375 0.501953 0.926562 0.593750 0.895312 0.552734
0 1.000000 0.490234 1.000000 0.519531 0.992188 0.623047 0.950000 0.593750
0 0.889062 0.560547 0.928125 0.593750 0.873437 0.697266 0.828125 0.664062
0 0.756250 0.748047 0.832812 0.654297 0.865625 0.691406 0.795312 0.789062
0 0.950000 0.585938 0.990625 0.623047 0.937500 0.716797 0.893750 0.693359
0 0.907813 0.703125 0.946875 0.744141 0.879687 0.843750 0.843750 0.806641
0 0.951562 0.726562 0.995313 0.767578 0.929688 0.882812 0.882812 0.849609
0 0.998437 0.779297 1.000000 0.824219 0.979688 0.933594 0.934375 0.894531
0 0.756250 0.890625 0.803125 0.941406 0.728125 1.000000 0.689063 1.000000
0 0.703125 0.857422 0.750000 0.898438 0.678125 1.000000 0.635938 0.974609
0 0.526563 1.000000 0.596875 0.914062 0.637500 0.957031 0.575000 1.000000
0 0.668750 0.816406 0.709375 0.851562 0.637500 0.955078 0.603125 0.914062
0 0.617188 0.779297 0.656250 0.812500 0.590625 0.919922 0.556250 0.875000
0 0.540625 0.875000 0.579688 0.914062 0.510938 1.000000 0.475000 0.974609
0 0.576562 0.736328 0.610938 0.767578 0.546875 0.875000 0.509375 0.835938
0 0.496875 0.832031 0.534375 0.867188 0.465625 0.976562 0.421875 0.939453
0 0.537500 0.685547 0.581250 0.730469 0.506250 0.828125 0.470313 0.789062
0 0.368750 0.867188 0.456250 0.773438 0.487500 0.820312 0.407813 0.914062
0 0.373437 0.884766 0.412500 0.921875 0.342187 1.000000 0.293750 0.990234
0 0.334375 0.833984 0.371875 0.880859 0.287500 0.980469 0.253125 0.935547
0 0.406250 0.728516 0.443750 0.775391 0.368750 0.875000 0.331250 0.828125
0 0.473438 0.636719 0.515625 0.679688 0.443750 0.771484 0.403125 0.730469
0 0.431250 0.599609 0.467187 0.648438 0.393750 0.734375 0.351562 0.703125
0 0.343750 0.708984 0.385937 0.750000 0.309375 0.849609 0.271875 0.810547
0 0.273438 0.812500 0.310937 0.853516 0.237500 0.953125 0.193750 0.914062
0 0.190625 0.914062 0.232813 0.953125 0.159375 1.000000 0.121875 1.000000
0 0.250000 0.742188 0.325000 0.650391 0.359375 0.691406 0.281250 0.779297
0 0.240625 0.751953 0.281250 0.794922 0.201563 0.890625 0.168750 0.851562
0 0.085938 0.951172 0.168750 0.851562 0.207813 0.898438 0.120313 0.992188
0 0.270313 0.609375 0.348438 0.529297 0.385937 0.574219 0.314063 0.650391
0 0.271875 0.617188 0.312500 0.652344 0.235937 0.744141 0.198437 0.708984
0 0.128125 0.806641 0.168750 0.847656 0.078125 0.951172 0.042188 0.914062
0 0.240625 0.562500 0.318750 0.476562 0.356250 0.519531 0.281250 0.595703
0 0.248438 0.558594 0.281250 0.593750 0.203125 0.687500 0.175000 0.656250
0 0.162500 0.658203 0.201563 0.699219 0.131250 0.798828 0.089063 0.765625
0 0.014063 0.859375 0.085938 0.773438 0.126562 0.804688 0.050000 0.898438
0 0.037500 0.603516 0.071875 0.640625 0.001563 0.730469 0.000000 0.687500
0 0.256250 0.039062 0.307812 0.000000 0.350000 0.001953 0.285938 0.070312
0 0.232813 0.048828 0.273438 0.080078 0.209375 0.152344 0.176563 0.123047
0 0.081250 0.234375 0.134375 0.171875 0.167187 0.195312 0.106250 0.263672
0 0.000000 0.326172 0.062500 0.250000 0.092188 0.285156 0.015625 0.357422
0 0.570312 0.414062 0.603125 0.455078 0.539062 0.539062 0.506250 0.500000
0 0.462500 0.460938 0.531250 0.376953 0.562500 0.416016 0.498437 0.498047
0 0.425000 0.423828 0.492188 0.343750 0.529687 0.376953 0.454688 0.457031
0 0.387500 0.390625 0.453125 0.310547 0.487500 0.347656 0.421875 0.429688
