0 0.384375 0.384766 0.409375 0.371094 0.440625 0.435547 0.418750 0.447266
0 0.006250 0.314453 0.034375 0.384766 0.006250 0.402344 0.000000 0.330078
0 0.006250 0.406250 0.037500 0.384766 0.067187 0.458984 0.039062 0.480469
0 0.051562 0.498047 0.078125 0.480469 0.114062 0.550781 0.087500 0.572266
0 0.104688 0.591797 0.129688 0.574219 0.167187 0.646484 0.140625 0.666016
0 0.096875 0.765625 0.165625 0.722656 0.182812 0.755859 0.110937 0.798828
0 0.114062 0.818359 0.190625 0.781250 0.204687 0.818359 0.128125 0.855469
0 0.204687 0.884766 0.234375 0.869141 0.268750 0.958984 0.239063 0.978516
0 0.635938 0.933594 0.665625 0.919922 0.709375 1.000000 0.682813 1.000000
0 0.776563 0.947266 0.860938 0.972656 0.851562 1.000000 0.767188 0.992188
0 0.746875 0.894531 0.834375 0.916016 0.829688 0.953125 0.740625 0.937500
0 0.714063 0.839844 0.779687 0.849609 0.776563 0.888672 0.709375 0.876953
0 0.593750 0.849609 0.618750 0.828125 0.662500 0.910156 0.634375 0.929688
0 0.690625 0.781250 0.775000 0.781250 0.775000 0.833984 0.690625 0.833984
0 0.553125 0.746094 0.584375 0.720703 0.623437 0.804688 0.596875 0.822266
0 0.509375 0.660156 0.537500 0.638672 0.573438 0.708984 0.550000 0.722656
0 0.464062 0.562500 0.490625 0.544922 0.526563 0.617188 0.503125 0.632812
0 0.425000 0.472656 0.450000 0.457031 0.484375 0.527344 0.460938 0.542969
0 0.601562 0.611328 0.678125 0.621094 0.676562 0.666016 0.596875 0.654297
0 0.582812 0.562500 0.664062 0.574219 0.660937 0.615234 0.576562 0.605469
0 0.526563 0.472656 0.600000 0.472656 0.600000 0.509766 0.526563 0.509766
4 0.473438 0.406250 0.565625 0.406250 0.565625 0.455078 0.473438 0.455078
0 0.465625 0.341797 0.528125 0.341797 0.528125 0.375000 0.465625 0.375000
0 0.400000 0.230469 0.468750 0.214844 0.473438 0.253906 0.407813 0.271484
0 0.340625 0.296875 0.367188 0.275391 0.404687 0.343750 0.376563 0.363281
0 0.307812 0.230469 0.331250 0.214844 0.360938 0.271484 0.335938 0.289062
0 0.268750 0.148438 0.293750 0.136719 0.325000 0.205078 0.300000 0.218750
0 0.231250 0.076172 0.256250 0.058594 0.287500 0.123047 0.259375 0.138672
0 0.198437 0.003906 0.228125 0.000000 0.257812 0.048828 0.229687 0.064453
0 0.446875 0.068359 0.500000 0.035156 0.514062 0.068359 0.464062 0.099609
4 0.468750 0.095703 0.540625 0.042969 0.562500 0.087891 0.493750 0.138672
0 0.525000 0.169922 0.584375 0.119141 0.606250 0.152344 0.546875 0.201172
