2 0.753125 0.599609 0.890625 0.583984 0.900000 0.644531 0.765625 0.662109
2 0.518750 0.769531 0.646875 0.742188 0.657813 0.798828 0.531250 0.822266
2 0.526563 0.833984 0.657813 0.808594 0.665625 0.869141 0.535937 0.892578
2 0.537500 0.914062 0.662500 0.876953 0.678125 0.943359 0.546875 0.972656
1 0.421875 0.144531 0.473438 0.136719 0.495312 0.289062 0.450000 0.302734
1 0.529687 0.128906 0.575000 0.121094 0.607812 0.267578 0.557813 0.281250
1 0.587500 0.097656 0.632812 0.085938 0.665625 0.257812 0.618750 0.269531
1 0.632812 0.083984 0.701562 0.080078 0.725000 0.253906 0.673438 0.261719
1 0.704688 0.068359 0.753125 0.058594 0.784375 0.224609 0.725000 0.236328
2 0.500000 0.636719 0.614062 0.601562 0.631250 0.669922 0.512500 0.683594
2 0.692187 0.396484 0.825000 0.369141 0.842187 0.425781 0.707812 0.462891
4 0.703125 0.353516 0.795312 0.287109 0.826562 0.333984 0.726562 0.396484
4 0.479687 0.568359 0.595313 0.539062 0.618750 0.603516 0.490625 0.636719
0 0.421875 0.011719 0.454688 0.001953 0.467187 0.099609 0.428125 0.101562
0 0.468750 0.009766 0.506250 0.000000 0.539062 0.080078 0.500000 0.101562
0 0.535937 0.000000 0.576562 0.000000 0.590625 0.058594 0.553125 0.072266
0 0.596875 0.000000 0.632812 0.000000 0.650000 0.050781 0.615625 0.064453
0 0.725000 0.488281 0.804688 0.445312 0.837500 0.490234 0.737500 0.539062
2 0.809375 0.910156 0.942187 0.882812 0.956250 0.945312 0.823438 0.966797
2 0.793750 0.816406 0.942187 0.785156 0.957812 0.859375 0.806250 0.890625
2 0.785937 0.744141 0.912500 0.720703 0.935937 0.781250 0.798438 0.812500
2 0.740625 0.539062 0.867188 0.513672 0.889062 0.578125 0.748437 0.601562
2 0.765625 0.669922 0.898438 0.658203 0.910937 0.718750 0.773438 0.738281
