0 0.590625 0.623047 0.667188 0.617188 0.671875 0.650391 0.593750 0.667969
0 0.553125 0.000000 0.626563 0.000000 0.629687 0.029297 0.567187 0.031250
0 0.571875 0.101562 0.650000 0.097656 0.653125 0.144531 0.573438 0.144531
0 0.778125 0.093750 0.857812 0.087891 0.862500 0.136719 0.784375 0.148438
2 0.571875 0.164062 0.662500 0.162109 0.662500 0.199219 0.575000 0.207031
2 0.804688 0.343750 0.884375 0.343750 0.881250 0.386719 0.806250 0.388672
0 0.592187 0.357422 0.671875 0.355469 0.671875 0.394531 0.587500 0.398438
0 0.790625 0.164062 0.867188 0.164062 0.864062 0.195312 0.790625 0.201172
0 0.793750 0.218750 0.868750 0.212891 0.868750 0.250000 0.787500 0.261719
0 0.793750 0.281250 0.878125 0.273438 0.876563 0.304688 0.795312 0.318359
0 0.575000 0.296875 0.654687 0.296875 0.648438 0.333984 0.568750 0.341797
0 0.801562 0.416016 0.884375 0.406250 0.889062 0.443359 0.804688 0.457031
0 0.804688 0.486328 0.885938 0.468750 0.890625 0.515625 0.812500 0.527344
0 0.815625 0.546875 0.893750 0.539062 0.896875 0.583984 0.814063 0.593750
0 0.590625 0.419922 0.671875 0.414062 0.671875 0.453125 0.593750 0.460938
0 0.585938 0.474609 0.668750 0.478516 0.667188 0.519531 0.585938 0.523438
0 0.279687 0.931641 0.325000 0.929688 0.325000 1.000000 0.282813 1.000000
0 0.218750 0.623047 0.262500 0.625000 0.260937 0.742188 0.221875 0.742188
0 0.162500 0.421875 0.203125 0.417969 0.203125 0.527344 0.159375 0.529297
0 0.242188 0.109375 0.281250 0.109375 0.287500 0.228516 0.246875 0.226562
0 0.840625 0.869141 0.917188 0.867188 0.917188 0.908203 0.840625 0.914062
0 0.604688 0.750000 0.675000 0.751953 0.681250 0.789062 0.609375 0.789062
0 0.598437 0.679688 0.689063 0.679688 0.685937 0.732422 0.600000 0.726562
0 0.593750 0.550781 0.673438 0.546875 0.673438 0.593750 0.593750 0.593750
