0 0.234375 0.083984 0.260937 0.085938 0.264062 0.140625 0.234375 0.142578
0 0.265625 0.089844 0.292187 0.091797 0.295312 0.146484 0.265625 0.148438
0 0.300000 0.093750 0.326562 0.095703 0.329688 0.150391 0.300000 0.152344
0 0.328125 0.093750 0.354687 0.095703 0.357812 0.150391 0.328125 0.152344
0 0.453125 0.087891 0.479687 0.089844 0.482812 0.144531 0.453125 0.146484
0 0.354687 0.164062 0.384375 0.166016 0.385937 0.218750 0.351562 0.218750
0 0.242188 0.142578 0.298438 0.150391 0.295312 0.173828 0.240625 0.167969
0 0.851562 0.830078 0.876563 0.828125 0.882812 0.882812 0.851562 0.880859
0 0.245312 0.175781 0.301563 0.183594 0.298438 0.207031 0.243750 0.201172
4 0.273438 0.878906 0.348438 0.847656 0.359375 0.884766 0.284375 0.906250
0 0.235937 0.199219 0.292187 0.207031 0.289062 0.230469 0.234375 0.224609
0 0.234375 0.224609 0.290625 0.232422 0.287500 0.255859 0.232813 0.250000
0 0.237500 0.246094 0.293750 0.253906 0.290625 0.277344 0.235937 0.271484
0 0.231250 0.275391 0.287500 0.283203 0.284375 0.306641 0.229687 0.300781
0 0.220312 0.304688 0.276562 0.312500 0.273438 0.335938 0.218750 0.330078
0 0.225000 0.333984 0.281250 0.341797 0.278125 0.365234 0.223438 0.359375
0 0.225000 0.363281 0.281250 0.371094 0.278125 0.394531 0.223438 0.388672
0 0.226562 0.388672 0.282813 0.396484 0.279687 0.419922 0.225000 0.414062
0 0.223438 0.421875 0.279687 0.429688 0.276562 0.453125 0.221875 0.447266
0 0.228125 0.451172 0.282813 0.468750 0.276562 0.494141 0.221875 0.476562
0 0.190625 0.496094 0.257812 0.490234 0.253125 0.525391 0.189062 0.525391
0 0.367188 0.429688 0.389062 0.429688 0.390625 0.480469 0.365625 0.480469
0 0.270313 0.582031 0.329688 0.572266 0.332813 0.607422 0.278125 0.613281
0 0.351562 0.708984 0.381250 0.705078 0.385937 0.781250 0.351562 0.787109
0 0.268750 0.832031 0.332813 0.812500 0.339062 0.843750 0.275000 0.863281
0 0.270313 0.925781 0.339062 0.927734 0.339062 0.964844 0.268750 0.958984
0 0.231250 0.080078 0.257812 0.082031 0.260937 0.136719 0.231250 0.138672
0 0.935937 0.212891 1.000000 0.210938 1.000000 0.248047 0.937500 0.244141
