0 0.429688 0.109375 0.479687 0.054688 0.503125 0.082031 0.453125 0.136719
0 0.504687 0.029297 0.564063 0.072266 0.545312 0.099609 0.489063 0.050781
0 0.523438 0.041016 0.548438 0.011719 0.606250 0.044922 0.585938 0.082031
0 0.657813 0.033203 0.703125 0.000000 0.731250 0.007812 0.682813 0.058594
0 0.589063 0.097656 0.634375 0.048828 0.662500 0.072266 0.614062 0.123047
0 0.617188 0.121094 0.673438 0.068359 0.701562 0.091797 0.645312 0.152344
0 0.523438 0.228516 0.556250 0.199219 0.607812 0.257812 0.575000 0.291016
0 0.590625 0.228516 0.643750 0.175781 0.670312 0.199219 0.618750 0.255859
0 0.614062 0.265625 0.678125 0.212891 0.710938 0.232422 0.653125 0.298828
0 0.714063 0.195312 0.770312 0.136719 0.795312 0.160156 0.737500 0.216797
4 0.782813 0.384766 0.853125 0.445312 0.829688 0.486328 0.751563 0.433594
0 0.915625 0.562500 0.990625 0.503906 1.000000 0.542969 0.945312 0.607422
2 0.037500 0.771484 0.146875 0.675781 0.182812 0.714844 0.070312 0.826172
0 0.167187 0.683594 0.240625 0.607422 0.270313 0.644531 0.182812 0.716797
0 0.279687 0.570312 0.353125 0.511719 0.378125 0.541016 0.295312 0.601562
4 0.362500 0.500000 0.442188 0.423828 0.470313 0.462891 0.392188 0.541016
2 0.623437 0.337891 0.668750 0.289062 0.771875 0.375000 0.735938 0.427734
0 0.460938 0.173828 0.485938 0.152344 0.528125 0.201172 0.501563 0.228516
