0 0.523438 0.736328 0.587500 0.736328 0.587500 0.769531 0.523438 0.769531
0 0.529687 0.775391 0.600000 0.773438 0.601562 0.814453 0.529687 0.814453
0 0.531250 0.812500 0.601562 0.816406 0.603125 0.853516 0.529687 0.853516
0 0.365625 0.818359 0.440625 0.816406 0.442188 0.859375 0.365625 0.861328
0 0.518750 0.505859 0.584375 0.505859 0.582812 0.535156 0.518750 0.535156
0 0.606250 0.125000 0.662500 0.119141 0.664062 0.152344 0.607812 0.156250
0 0.604688 0.167969 0.659375 0.148438 0.668750 0.177734 0.612500 0.197266
4 0.518750 0.300781 0.562500 0.298828 0.562500 0.333984 0.518750 0.333984
0 0.523438 0.656250 0.587500 0.656250 0.587500 0.689453 0.523438 0.689453
0 0.510938 0.373047 0.570312 0.373047 0.570312 0.402344 0.510938 0.404297
0 0.509375 0.339844 0.570312 0.339844 0.570312 0.369141 0.509375 0.369141
0 0.475000 0.457031 0.503125 0.455078 0.503125 0.529297 0.475000 0.529297
0 0.471875 0.283203 0.498437 0.283203 0.500000 0.345703 0.471875 0.347656
0 0.343750 0.277344 0.406250 0.275391 0.404687 0.312500 0.342187 0.316406
0 0.498437 0.183594 0.554688 0.181641 0.554688 0.208984 0.498437 0.208984
0 0.490625 0.138672 0.554688 0.138672 0.551562 0.167969 0.489063 0.167969
0 0.082812 0.763672 0.109375 0.761719 0.107813 0.832031 0.081250 0.832031
0 0.045312 0.765625 0.062500 0.767578 0.062500 0.828125 0.042188 0.828125
0 0.020313 0.443359 0.043750 0.441406 0.042188 0.496094 0.018750 0.496094
0 0.023438 0.390625 0.048438 0.388672 0.048438 0.431641 0.023438 0.431641
0 0.034375 0.330078 0.062500 0.330078 0.050000 0.388672 0.023438 0.386719
2 0.042188 0.253906 0.071875 0.251953 0.065625 0.312500 0.034375 0.312500
4 0.337500 0.457031 0.389062 0.449219 0.393750 0.484375 0.342187 0.494141
4 0.351562 0.417969 0.401562 0.412109 0.401562 0.445312 0.353125 0.449219
4 0.007812 0.517578 0.039062 0.517578 0.034375 0.574219 0.003125 0.574219
4 0.515625 0.232422 0.562500 0.232422 0.562500 0.265625 0.515625 0.265625
0 0.629687 0.279297 0.676562 0.298828 0.668750 0.326172 0.618750 0.304688
0 0.635938 0.437500 0.682813 0.402344 0.695312 0.421875 0.653125 0.457031
0 0.639062 0.472656 0.692187 0.439453 0.703125 0.460938 0.653125 0.494141
0 0.662500 0.578125 0.717187 0.607422 0.703125 0.636719 0.648438 0.603516
0 0.662500 0.613281 0.721875 0.644531 0.709375 0.671875 0.650000 0.638672
0 0.660937 0.820312 0.710938 0.769531 0.728125 0.791016 0.682813 0.841797
0 0.534375 0.962891 0.610938 0.962891 0.610938 1.000000 0.534375 1.000000
0 0.487500 0.644531 0.510938 0.642578 0.510938 0.707031 0.487500 0.708984
0 0.515625 0.562500 0.578125 0.562500 0.578125 0.597656 0.517188 0.599609
0 0.529687 0.695312 0.595313 0.695312 0.593750 0.728516 0.529687 0.728516
