0 0.837500 0.306641 0.915625 0.339844 0.904687 0.378906 0.826562 0.339844
0 0.754687 0.267578 0.832812 0.300781 0.820312 0.335938 0.743750 0.302734
0 0.742188 0.314453 0.817187 0.347656 0.804688 0.388672 0.731250 0.355469
0 0.723437 0.365234 0.804688 0.406250 0.792188 0.439453 0.710938 0.402344
0 0.812500 0.408203 0.889062 0.447266 0.879687 0.486328 0.798438 0.447266
0 0.896875 0.453125 0.976562 0.486328 0.968750 0.521484 0.887500 0.490234
0 0.590625 0.179688 0.670312 0.226562 0.656250 0.257812 0.578125 0.212891
0 0.506250 0.130859 0.582812 0.173828 0.570312 0.208984 0.492188 0.166016
0 0.418750 0.082031 0.498437 0.125000 0.484375 0.164062 0.404687 0.121094
0 0.571875 0.228516 0.653125 0.273438 0.637500 0.308594 0.562500 0.263672
0 0.485938 0.183594 0.565625 0.224609 0.553125 0.259766 0.476562 0.218750
0 0.403125 0.134766 0.482812 0.177734 0.464062 0.212891 0.389062 0.169922
0 0.385937 0.189453 0.465625 0.236328 0.453125 0.269531 0.371875 0.226562
0 0.475000 0.238281 0.551562 0.277344 0.535937 0.314453 0.460938 0.271484
0 0.557813 0.281250 0.634375 0.326172 0.621875 0.359375 0.543750 0.314453
0 0.879687 0.505859 0.965625 0.544922 0.953125 0.582031 0.864062 0.541016
0 0.795312 0.460938 0.871875 0.500000 0.860938 0.539062 0.778125 0.500000
0 0.710938 0.410156 0.787500 0.453125 0.773438 0.488281 0.695312 0.443359
0 0.864062 0.556641 0.945312 0.603516 0.934375 0.636719 0.851562 0.593750
0 0.778125 0.513672 0.860938 0.554688 0.848437 0.591797 0.765625 0.548828
0 0.693750 0.460938 0.773438 0.507812 0.757812 0.542969 0.681250 0.501953
0 0.765625 0.560547 0.843750 0.603516 0.831250 0.638672 0.748437 0.593750
0 0.848437 0.609375 0.934375 0.650391 0.921875 0.689453 0.835938 0.642578
0 0.835938 0.662109 0.920312 0.707031 0.906250 0.746094 0.826562 0.697266
0 0.753125 0.615234 0.831250 0.660156 0.817187 0.695312 0.739062 0.654297
0 0.665625 0.570312 0.746875 0.613281 0.728125 0.650391 0.651563 0.609375
0 0.517188 0.382812 0.590625 0.429688 0.576562 0.464844 0.500000 0.414062
0 0.429688 0.335938 0.507812 0.380859 0.492188 0.414062 0.418750 0.369141
0 0.348438 0.291016 0.425000 0.335938 0.410938 0.369141 0.334375 0.330078
0 0.500000 0.453125 0.582812 0.494141 0.571875 0.529297 0.490625 0.486328
0 0.420312 0.404297 0.496875 0.453125 0.478125 0.484375 0.406250 0.435547
0 0.332813 0.349609 0.414062 0.404297 0.398438 0.437500 0.317188 0.382812
0 0.478125 0.521484 0.564063 0.564453 0.551562 0.603516 0.467187 0.558594
0 0.398438 0.466797 0.476562 0.519531 0.462500 0.550781 0.384375 0.503906
0 0.309375 0.417969 0.392188 0.462891 0.375000 0.500000 0.298438 0.449219
0 0.821875 0.714844 0.903125 0.759766 0.892188 0.794922 0.809375 0.751953
0 0.734375 0.667969 0.817187 0.710938 0.800000 0.750000 0.715625 0.710938
0 0.648438 0.628906 0.729688 0.671875 0.710938 0.710938 0.631250 0.666016
0 0.635938 0.687500 0.710938 0.728516 0.701562 0.765625 0.621875 0.718750
0 0.725000 0.726562 0.803125 0.769531 0.790625 0.808594 0.707812 0.769531
0 0.812500 0.781250 0.889062 0.822266 0.876563 0.863281 0.795312 0.814453
0 0.795312 0.835938 0.875000 0.888672 0.857812 0.929688 0.767188 0.878906
0 0.757812 0.951172 0.834375 0.990234 0.821875 1.000000 0.746875 0.992188
0 0.668750 0.900391 0.753125 0.945312 0.740625 0.990234 0.656250 0.941406
0 0.576562 0.847656 0.664062 0.896484 0.651563 0.937500 0.562500 0.892578
0 0.564063 0.914062 0.648438 0.964844 0.632812 1.000000 0.551562 0.958984
0 0.460938 0.580078 0.543750 0.626953 0.529687 0.666016 0.443750 0.613281
0 0.371875 0.525391 0.451562 0.574219 0.434375 0.611328 0.357812 0.558594
0 0.448437 0.636719 0.531250 0.681641 0.514062 0.718750 0.429688 0.671875
0 0.359375 0.583984 0.442188 0.628906 0.425000 0.664062 0.348438 0.619141
0 0.278125 0.531250 0.356250 0.576172 0.337500 0.615234 0.262500 0.566406
0 0.260937 0.591797 0.337500 0.638672 0.317188 0.671875 0.242188 0.621094
0 0.343750 0.640625 0.425000 0.691406 0.410938 0.726562 0.325000 0.679688
0 0.431250 0.691406 0.515625 0.736328 0.503125 0.781250 0.418750 0.726562
0 0.392188 0.740234 0.468750 0.779297 0.457813 0.818359 0.379688 0.783203
0 0.315625 0.691406 0.389062 0.740234 0.371875 0.773438 0.300000 0.726562
0 0.239063 0.646484 0.309375 0.689453 0.296875 0.726562 0.225000 0.683594
0 0.217188 0.701172 0.300000 0.753906 0.285938 0.791016 0.206250 0.740234
0 0.304688 0.759766 0.389062 0.808594 0.373437 0.845703 0.292187 0.794922
0 0.390625 0.814453 0.478125 0.865234 0.465625 0.902344 0.379688 0.851562
0 0.376563 0.869141 0.460938 0.925781 0.446875 0.964844 0.362500 0.910156
0 0.345313 0.927734 0.429688 0.970703 0.420312 1.000000 0.334375 0.966797
0 0.285938 0.820312 0.368750 0.871094 0.354687 0.908203 0.268750 0.857422
0 0.195312 0.767578 0.279687 0.818359 0.262500 0.851562 0.181250 0.798828
0 0.168750 0.832031 0.254688 0.873047 0.237500 0.916016 0.150000 0.876953
0 0.259375 0.878906 0.340625 0.927734 0.323437 0.962891 0.243750 0.921875
0 0.235937 0.935547 0.323437 0.984375 0.304688 1.000000 0.226562 0.976562
0 0.156250 0.892578 0.232813 0.939453 0.218750 0.980469 0.139063 0.933594
0 0.132812 0.960938 0.210938 1.000000 0.196875 1.000000 0.121875 0.994141
0 0.521875 0.082031 0.598437 0.125000 0.585938 0.160156 0.507812 0.115234
0 0.437500 0.035156 0.515625 0.072266 0.501563 0.113281 0.420312 0.070312
0 0.965625 0.195312 1.000000 0.224609 1.000000 0.271484 0.951562 0.236328
0 0.796875 0.169922 0.868750 0.205078 0.856250 0.242188 0.784375 0.205078
0 0.875000 0.205078 0.951562 0.244141 0.940625 0.281250 0.860938 0.246094
0 0.953125 0.248047 1.000000 0.279297 1.000000 0.320312 0.942187 0.287109
0 0.942187 0.296875 1.000000 0.335938 1.000000 0.373047 0.929688 0.333984
0 0.921875 0.345703 1.000000 0.386719 0.992188 0.423828 0.910937 0.384766
0 0.910937 0.394531 0.995313 0.437500 0.981250 0.472656 0.898438 0.433594
0 0.856250 0.259766 0.934375 0.294922 0.918750 0.330078 0.842187 0.292969
0 0.770312 0.212891 0.848437 0.253906 0.834375 0.291016 0.759375 0.251953
0 0.825000 0.351562 0.906250 0.392578 0.893750 0.431641 0.812500 0.388672
0 0.640625 0.009766 0.653125 0.000000 0.732812 0.017578 0.718750 0.056641
0 0.535937 0.017578 0.554688 0.000000 0.629687 0.023438 0.615625 0.056641
0 0.639062 0.027344 0.715625 0.066406 0.704688 0.101562 0.625000 0.060547
0 0.445312 0.019531 0.460938 0.000000 0.531250 0.027344 0.521875 0.060547
0 0.540625 0.031250 0.617188 0.074219 0.606250 0.111328 0.528125 0.066406
0 0.626563 0.080078 0.706250 0.125000 0.689063 0.156250 0.614062 0.113281
0 0.943750 0.003906 1.000000 0.037109 1.000000 0.068359 0.934375 0.041016
0 0.921875 0.054688 1.000000 0.093750 0.987500 0.126953 0.907813 0.091797
0 0.832812 0.013672 0.910937 0.048828 0.896875 0.085938 0.821875 0.052734
0 0.893750 0.103516 0.979688 0.144531 0.965625 0.179688 0.882812 0.144531
0 0.606250 0.125000 0.684375 0.171875 0.670312 0.203125 0.593750 0.162109
