0 0.220312 0.810547 0.325000 0.839844 0.315625 0.890625 0.210938 0.863281
0 0.584375 0.898438 0.610938 0.867188 0.684375 0.945312 0.656250 0.980469
0 0.489063 0.974609 0.521875 0.935547 0.582812 1.000000 0.553125 1.000000
0 0.437500 0.671875 0.521875 0.679688 0.518750 0.732422 0.434375 0.720703
0 0.275000 0.748047 0.378125 0.783203 0.368750 0.830078 0.262500 0.800781
0 0.228125 1.000000 0.281250 0.937500 0.310937 0.974609 0.256250 1.000000
0 0.457813 0.089844 0.526563 0.029297 0.553125 0.060547 0.481250 0.125000
0 0.614062 0.000000 0.653125 0.000000 0.684375 0.052734 0.646875 0.062500
0 0.657813 0.076172 0.695312 0.068359 0.714063 0.169922 0.675000 0.177734
0 0.714063 0.246094 0.750000 0.228516 0.793750 0.328125 0.754687 0.349609
0 0.842187 0.158203 0.873437 0.187500 0.807813 0.273438 0.778125 0.240234
0 0.848437 0.146484 0.907813 0.074219 0.934375 0.101562 0.876563 0.175781
0 0.950000 0.177734 0.976562 0.205078 0.915625 0.283203 0.890625 0.257812
0 0.896875 0.419922 0.962500 0.476562 0.937500 0.513672 0.875000 0.455078
0 0.839063 0.578125 0.867188 0.542969 0.946875 0.625000 0.918750 0.660156
0 0.800000 0.630859 0.829688 0.597656 0.903125 0.675781 0.873437 0.710938
0 0.632812 0.861328 0.664062 0.824219 0.735938 0.900391 0.704688 0.939453
