0 0.726562 0.353516 0.806250 0.339844 0.812500 0.367188 0.734375 0.380859
0 0.728125 0.322266 0.792188 0.312500 0.800000 0.335938 0.734375 0.345703
0 0.703125 0.115234 0.767188 0.109375 0.767188 0.138672 0.707812 0.144531
0 0.729688 0.287109 0.798438 0.271484 0.809375 0.304688 0.743750 0.318359
0 0.718750 0.160156 0.784375 0.160156 0.781250 0.199219 0.717187 0.203125
0 0.718750 0.220703 0.778125 0.210938 0.787500 0.244141 0.725000 0.257812
0 0.089063 0.318359 0.156250 0.318359 0.150000 0.351562 0.084375 0.349609
0 0.087500 0.220703 0.154688 0.210938 0.157812 0.244141 0.092188 0.251953
0 0.559375 0.218750 0.618750 0.222656 0.618750 0.257812 0.559375 0.251953
0 0.101562 0.056641 0.162500 0.056641 0.160938 0.087891 0.103125 0.087891
0 0.245312 0.412109 0.307812 0.412109 0.307812 0.455078 0.245312 0.453125
0 0.243750 0.349609 0.314063 0.355469 0.310937 0.398438 0.243750 0.396484
0 0.250000 0.277344 0.309375 0.285156 0.309375 0.328125 0.251563 0.320312
0 0.262500 0.009766 0.321875 0.009766 0.321875 0.041016 0.260937 0.039062
0 0.568750 0.412109 0.632812 0.414062 0.637500 0.455078 0.568750 0.455078
0 0.560937 0.355469 0.614062 0.355469 0.618750 0.392578 0.556250 0.388672
0 0.550000 0.291016 0.615625 0.289062 0.617188 0.326172 0.550000 0.328125
0 0.090625 0.191406 0.150000 0.181641 0.150000 0.208984 0.095312 0.216797
0 0.540625 0.119141 0.600000 0.113281 0.601562 0.148438 0.540625 0.148438
0 0.540625 0.091797 0.601562 0.083984 0.601562 0.111328 0.542188 0.111328
0 0.740625 0.445312 0.807813 0.431641 0.818750 0.464844 0.753125 0.482422
