0 0.403125 0.197266 0.456250 0.226562 0.445312 0.257812 0.390625 0.230469
0 0.418750 0.154297 0.471875 0.183594 0.460938 0.214844 0.406250 0.187500
0 0.078125 0.636719 0.100000 0.652344 0.085938 0.701172 0.059375 0.691406
0 0.365625 0.355469 0.387500 0.371094 0.373437 0.419922 0.346875 0.410156
0 0.267188 0.255859 0.289062 0.267578 0.271875 0.326172 0.254688 0.322266
0 0.228125 0.929688 0.250000 0.945312 0.234375 0.994141 0.209375 0.984375
0 0.487500 0.855469 0.509375 0.861328 0.492188 0.923828 0.475000 0.908203
0 0.810937 0.587891 0.857812 0.574219 0.865625 0.611328 0.818750 0.626953
0 0.829688 0.498047 0.854688 0.505859 0.850000 0.552734 0.828125 0.544922
0 0.270313 0.835938 0.323437 0.865234 0.312500 0.896484 0.256250 0.861328
0 0.762500 0.236328 0.801562 0.253906 0.803125 0.279297 0.754687 0.261719
0 0.753125 0.289062 0.809375 0.304688 0.804688 0.326172 0.756250 0.322266
0 0.731250 0.369141 0.776563 0.378906 0.773438 0.414062 0.729688 0.394531
0 0.757812 0.320312 0.803125 0.330078 0.800000 0.365234 0.756250 0.345703
0 0.706250 0.416016 0.751563 0.425781 0.748437 0.460938 0.704688 0.441406
0 0.695312 0.462891 0.740625 0.472656 0.737500 0.507812 0.693750 0.488281
0 0.689063 0.505859 0.734375 0.515625 0.731250 0.550781 0.687500 0.531250
0 0.693750 0.542969 0.739062 0.552734 0.735938 0.587891 0.692187 0.568359
0 0.664062 0.587891 0.709375 0.597656 0.706250 0.632812 0.662500 0.613281
0 0.651563 0.638672 0.696875 0.648438 0.693750 0.683594 0.650000 0.664062
0 0.615625 0.679688 0.660937 0.689453 0.657813 0.724609 0.614062 0.705078
0 0.606250 0.716797 0.651563 0.726562 0.648438 0.761719 0.604688 0.742188
0 0.601562 0.761719 0.646875 0.771484 0.643750 0.806641 0.600000 0.787109
0 0.568750 0.794922 0.639062 0.808594 0.629687 0.835938 0.567187 0.820312
0 0.564063 0.832031 0.634375 0.845703 0.625000 0.873047 0.562500 0.857422
0 0.589063 0.890625 0.659375 0.904297 0.650000 0.931641 0.587500 0.916016
0 0.746875 0.923828 0.817187 0.937500 0.807813 0.964844 0.745313 0.949219
0 0.756250 0.849609 0.826562 0.863281 0.817187 0.890625 0.754687 0.875000
0 0.781250 0.734375 0.851562 0.748047 0.842187 0.775391 0.779687 0.759766
0 0.793750 0.677734 0.864062 0.691406 0.854688 0.718750 0.792188 0.703125
0 0.254688 0.878906 0.307812 0.908203 0.296875 0.939453 0.240625 0.904297
0 0.064062 0.812500 0.117188 0.841797 0.106250 0.873047 0.050000 0.837891
0 0.095312 0.783203 0.148438 0.812500 0.137500 0.843750 0.081250 0.808594
0 0.123438 0.748047 0.176563 0.777344 0.165625 0.808594 0.109375 0.773438
0 0.145313 0.714844 0.198437 0.744141 0.187500 0.775391 0.131250 0.740234
0 0.164062 0.675781 0.217188 0.705078 0.206250 0.736328 0.150000 0.701172
0 0.185938 0.593750 0.239063 0.623047 0.228125 0.654297 0.171875 0.619141
0 0.242188 0.570312 0.295312 0.599609 0.284375 0.630859 0.228125 0.595703
0 0.228125 0.525391 0.281250 0.554688 0.270313 0.585938 0.214062 0.550781
0 0.243750 0.486328 0.296875 0.515625 0.285938 0.546875 0.229687 0.511719
0 0.265625 0.453125 0.318750 0.482422 0.307812 0.513672 0.251563 0.478516
0 0.260937 0.408203 0.314063 0.437500 0.303125 0.468750 0.246875 0.433594
0 0.273438 0.371094 0.326562 0.400391 0.315625 0.431641 0.259375 0.396484
0 0.300000 0.328125 0.353125 0.357422 0.342187 0.388672 0.285938 0.353516
0 0.318750 0.294922 0.371875 0.324219 0.360938 0.355469 0.304688 0.320312
0 0.343750 0.267578 0.396875 0.296875 0.385937 0.328125 0.329688 0.292969
0 0.389062 0.236328 0.442188 0.265625 0.431250 0.296875 0.376563 0.269531
