0 0.690625 0.998047 0.768750 0.945312 0.789062 0.982422 0.710938 1.000000
0 0.515625 0.894531 0.593750 0.841797 0.614062 0.878906 0.535937 0.933594
0 0.431250 0.968750 0.509375 0.916016 0.529687 0.953125 0.451562 1.000000
0 0.662500 0.939453 0.740625 0.886719 0.760938 0.923828 0.682813 0.978516
0 0.635938 0.880859 0.714063 0.828125 0.734375 0.865234 0.656250 0.919922
0 0.606250 0.832031 0.684375 0.779297 0.704688 0.816406 0.626563 0.871094
0 0.476562 0.423828 0.503125 0.402344 0.542188 0.472656 0.518750 0.496094
0 0.939063 0.769531 0.965625 0.748047 1.000000 0.833984 0.984375 0.857422
0 0.864062 0.648438 0.890625 0.626953 0.940625 0.712891 0.909375 0.736328
0 0.806250 0.558594 0.832812 0.537109 0.882812 0.623047 0.850000 0.638672
0 0.943750 0.480469 0.970313 0.458984 1.000000 0.533203 0.987500 0.560547
0 0.865625 0.378906 0.892188 0.357422 0.946875 0.441406 0.915625 0.462891
0 0.742188 0.167969 0.768750 0.146484 0.814063 0.216797 0.784375 0.244141
0 0.693750 0.097656 0.720313 0.076172 0.760938 0.142578 0.729688 0.164062
0 0.643750 0.013672 0.670312 0.000000 0.712500 0.070312 0.685937 0.085938
0 0.556250 0.943359 0.634375 0.890625 0.654687 0.927734 0.576562 0.982422
