0 0.267188 0.457031 0.303125 0.462891 0.296875 0.576172 0.257812 0.574219
0 0.306250 0.000000 0.345313 0.000000 0.332813 0.095703 0.300000 0.093750
0 0.300000 0.093750 0.335938 0.099609 0.331250 0.193359 0.290625 0.187500
0 0.284375 0.201172 0.320312 0.207031 0.317188 0.304688 0.278125 0.298828
0 0.268750 0.308594 0.304688 0.314453 0.298438 0.417969 0.260937 0.416016
0 0.221875 0.910156 0.267188 0.916016 0.253125 1.000000 0.212500 1.000000
0 0.253125 0.595703 0.289062 0.601562 0.275000 0.703125 0.243750 0.699219
0 0.231250 0.767578 0.267188 0.773438 0.260937 0.886719 0.221875 0.884766
2 0.573438 0.000000 0.632812 0.000000 0.626563 0.347656 0.573438 0.347656
2 0.573438 0.402344 0.625000 0.392578 0.625000 0.791016 0.564063 0.791016
2 0.445312 0.414062 0.498437 0.433594 0.440625 0.849609 0.382812 0.847656
