0 0.592187 0.230469 0.610938 0.236328 0.603125 0.298828 0.578125 0.291016
0 0.018750 0.697266 0.031250 0.724609 0.000000 0.753906 0.000000 0.724609
0 0.064062 0.671875 0.110937 0.644531 0.123438 0.671875 0.079687 0.701172
0 0.020313 0.583984 0.039062 0.601562 0.000000 0.650391 0.000000 0.630859
0 0.073438 0.562500 0.093750 0.570312 0.073438 0.626953 0.048438 0.613281
0 0.550000 0.259766 0.568750 0.265625 0.560937 0.328125 0.535937 0.320312
0 0.520312 0.277344 0.539062 0.283203 0.531250 0.345703 0.506250 0.337891
0 0.484375 0.304688 0.503125 0.310547 0.495312 0.373047 0.470313 0.365234
0 0.446875 0.326172 0.465625 0.332031 0.457813 0.394531 0.432812 0.386719
0 0.370312 0.380859 0.389062 0.386719 0.381250 0.449219 0.356250 0.441406
0 0.414062 0.343750 0.432812 0.349609 0.425000 0.412109 0.400000 0.404297
0 0.423438 0.445312 0.478125 0.414062 0.501563 0.445312 0.442188 0.476562
0 0.470313 0.548828 0.543750 0.550781 0.546875 0.580078 0.471875 0.582031
0 0.495312 0.585938 0.568750 0.587891 0.571875 0.617188 0.496875 0.619141
0 0.521875 0.619141 0.595313 0.621094 0.598437 0.650391 0.523438 0.652344
0 0.551562 0.660156 0.625000 0.662109 0.628125 0.691406 0.553125 0.693359
0 0.587500 0.699219 0.660937 0.701172 0.664062 0.730469 0.589063 0.732422
0 0.614062 0.732422 0.687500 0.734375 0.690625 0.763672 0.615625 0.765625
0 0.642188 0.783203 0.715625 0.785156 0.718750 0.814453 0.643750 0.816406
0 0.707812 0.859375 0.781250 0.861328 0.785937 0.910156 0.707812 0.908203
0 0.737500 0.900391 0.810937 0.902344 0.815625 0.951172 0.737500 0.949219
0 0.762500 0.947266 0.835938 0.949219 0.840625 0.998047 0.762500 0.996094
0 0.060937 0.927734 0.081250 0.912109 0.115625 0.966797 0.090625 0.990234
0 0.010937 0.841797 0.032813 0.828125 0.065625 0.886719 0.042188 0.900391
