0 0.459375 0.912109 0.492188 0.882812 0.548438 0.960938 0.521875 0.994141
4 0.609375 0.294922 0.664062 0.339844 0.650000 0.373047 0.589063 0.324219
4 0.625000 0.242188 0.679688 0.287109 0.665625 0.320312 0.604688 0.271484
0 0.646875 0.003906 0.673438 0.000000 0.732812 0.035156 0.709375 0.066406
2 0.446875 0.259766 0.490625 0.267578 0.467187 0.375000 0.428125 0.373047
0 0.640625 0.058594 0.667188 0.029297 0.728125 0.097656 0.704688 0.130859
0 0.643750 0.097656 0.715625 0.154297 0.693750 0.185547 0.623437 0.126953
0 0.632812 0.166016 0.687500 0.210938 0.673438 0.244141 0.612500 0.195312
0 0.573438 0.486328 0.639062 0.554688 0.614062 0.589844 0.548438 0.519531
0 0.545312 0.558594 0.604688 0.613281 0.587500 0.646484 0.520312 0.591797
0 0.537500 0.613281 0.598437 0.673828 0.578125 0.712891 0.512500 0.646484
0 0.526563 0.732422 0.596875 0.800781 0.575000 0.835938 0.501563 0.765625
0 0.496875 0.804688 0.570312 0.863281 0.551562 0.908203 0.479687 0.841797
