0 0.842187 0.199219 0.957812 0.132812 0.982812 0.183594 0.871875 0.259766
0 0.875000 0.466797 0.940625 0.468750 0.945312 0.640625 0.881250 0.642578
4 0.854688 0.273438 0.907813 0.265625 0.921875 0.396484 0.870313 0.414062
0 0.867188 0.113281 0.970313 0.009766 1.000000 0.052734 0.901563 0.164062
0 0.884375 0.685547 0.945312 0.681641 0.957812 0.835938 0.896875 0.843750
0 0.157812 0.748047 0.251563 0.650391 0.295312 0.710938 0.189062 0.812500
0 0.193750 0.039062 0.287500 0.000000 0.320312 0.009766 0.226562 0.085938
4 0.179688 0.132812 0.282813 0.054688 0.310937 0.119141 0.212500 0.185547
4 0.164062 0.285156 0.267188 0.199219 0.293750 0.250000 0.190625 0.337891
4 0.185938 0.363281 0.282813 0.279297 0.310937 0.333984 0.220312 0.416016
0 0.157812 0.515625 0.246875 0.423828 0.285938 0.476562 0.195312 0.566406
0 0.242188 0.521484 0.292187 0.554688 0.212500 0.693359 0.167187 0.660156
0 0.225000 0.761719 0.276562 0.796875 0.207813 0.945312 0.150000 0.910156
