0 0.373437 0.068359 0.401562 0.048828 0.434375 0.121094 0.414062 0.138672
0 0.373437 0.884766 0.440625 0.892578 0.435937 0.935547 0.368750 0.925781
0 0.518750 0.966797 0.584375 0.898438 0.610938 0.935547 0.545312 1.000000
0 0.576562 0.728516 0.610938 0.755859 0.557813 0.841797 0.528125 0.814453
0 0.535937 0.705078 0.609375 0.625000 0.634375 0.656250 0.562500 0.740234
0 0.531250 0.632812 0.595313 0.556641 0.623437 0.589844 0.553125 0.666016
0 0.496875 0.466797 0.526563 0.472656 0.526563 0.560547 0.487500 0.562500
0 0.779687 0.216797 0.860938 0.199219 0.870313 0.242188 0.785937 0.257812
0 0.409375 0.033203 0.435937 0.021484 0.470313 0.082031 0.443750 0.101562
0 0.765625 0.162109 0.851562 0.144531 0.860938 0.183594 0.771875 0.201172
0 0.943750 0.794922 0.982812 0.810547 0.954688 0.917969 0.917188 0.900391
0 0.934375 0.619141 0.967187 0.613281 0.971875 0.724609 0.935937 0.722656
0 0.373437 0.945312 0.440625 0.945312 0.440625 0.996094 0.370312 0.990234
