0 0.306250 0.421875 0.412500 0.421875 0.412500 0.490234 0.306250 0.492188
0 0.309375 0.230469 0.429688 0.218750 0.431250 0.281250 0.312500 0.296875
0 0.300000 0.148438 0.426563 0.146484 0.431250 0.199219 0.301563 0.212891
0 0.318750 0.072266 0.431250 0.066406 0.429688 0.117188 0.314063 0.125000
0 0.303125 0.000000 0.420312 0.000000 0.418750 0.046875 0.304688 0.056641
0 0.146875 0.000000 0.187500 0.000000 0.170313 0.058594 0.131250 0.046875
0 0.131250 0.197266 0.179688 0.195312 0.175000 0.333984 0.129688 0.333984
0 0.131250 0.455078 0.175000 0.460938 0.164062 0.597656 0.118750 0.593750
4 0.126562 0.630859 0.179688 0.623047 0.184375 0.773438 0.129688 0.781250
0 0.668750 0.021484 0.715625 0.011719 0.728125 0.156250 0.681250 0.162109
0 0.685937 0.250000 0.734375 0.246094 0.745313 0.394531 0.693750 0.398438
0 0.706250 0.433594 0.753125 0.437500 0.746875 0.589844 0.700000 0.580078
0 0.718750 0.789062 0.773438 0.777344 0.798438 0.925781 0.743750 0.945312
0 0.312500 0.917969 0.451562 0.898438 0.454688 0.968750 0.318750 0.992188
0 0.307812 0.820312 0.450000 0.810547 0.454688 0.880859 0.307812 0.880859
0 0.312500 0.718750 0.448437 0.707031 0.446875 0.775391 0.317188 0.787109
0 0.310937 0.626953 0.431250 0.623047 0.429688 0.679688 0.314063 0.689453
4 0.307812 0.539062 0.432812 0.535156 0.431250 0.595703 0.306250 0.601562
0 0.309375 0.318359 0.412500 0.318359 0.415625 0.371094 0.310937 0.382812
