0 0.718750 0.322266 0.746875 0.306641 0.773438 0.357422 0.754687 0.373047
0 0.675000 0.312500 0.698438 0.294922 0.723437 0.351562 0.700000 0.353516
0 0.614062 0.330078 0.634375 0.308594 0.676562 0.349609 0.653125 0.369141
0 0.567187 0.316406 0.593750 0.296875 0.628125 0.347656 0.595313 0.363281
0 0.531250 0.320312 0.554688 0.312500 0.564063 0.353516 0.540625 0.359375
0 0.485938 0.292969 0.509375 0.279297 0.525000 0.345703 0.493750 0.353516
0 0.432812 0.298828 0.457813 0.281250 0.485938 0.339844 0.459375 0.357422
0 0.398438 0.306641 0.418750 0.292969 0.439063 0.343750 0.414062 0.353516
0 0.368750 0.296875 0.393750 0.291016 0.401562 0.349609 0.375000 0.351562
0 0.329688 0.291016 0.356250 0.287109 0.362500 0.341797 0.337500 0.345703
0 0.296875 0.289062 0.321875 0.283203 0.323437 0.333984 0.296875 0.337891
0 0.256250 0.285156 0.279687 0.277344 0.290625 0.320312 0.270313 0.330078
0 0.228125 0.273438 0.251563 0.269531 0.245312 0.326172 0.217188 0.320312
0 0.259375 0.238281 0.321875 0.234375 0.325000 0.271484 0.260937 0.267578
0 0.235937 0.179688 0.262500 0.185547 0.262500 0.228516 0.231250 0.232422
0 0.248438 0.125000 0.271875 0.126953 0.268750 0.175781 0.239063 0.179688
0 0.067187 0.150391 0.090625 0.146484 0.082812 0.208984 0.056250 0.207031
0 0.178125 0.017578 0.196875 0.005859 0.231250 0.041016 0.217188 0.050781
0 0.023438 0.158203 0.043750 0.160156 0.039062 0.212891 0.006250 0.210938
0 0.028125 0.287109 0.048438 0.291016 0.042188 0.345703 0.018750 0.339844
4 0.151562 0.255859 0.178125 0.250000 0.176563 0.320312 0.151562 0.322266
0 0.943750 0.265625 1.000000 0.267578 1.000000 0.300781 0.939063 0.296875
0 0.951562 0.320312 0.975000 0.312500 1.000000 0.357422 0.975000 0.359375
0 0.901563 0.312500 0.923438 0.298828 0.951562 0.363281 0.925000 0.373047
0 0.853125 0.316406 0.875000 0.304688 0.915625 0.351562 0.893750 0.373047
0 0.809375 0.320312 0.837500 0.306641 0.864062 0.349609 0.843750 0.367188
0 0.767188 0.312500 0.784375 0.296875 0.825000 0.349609 0.801562 0.361328
