0 0.634375 0.421875 0.670312 0.419922 0.689063 0.503906 0.648438 0.509766
0 0.637500 0.335938 0.664062 0.333984 0.678125 0.406250 0.643750 0.408203
0 0.629687 0.253906 0.664062 0.246094 0.671875 0.324219 0.639062 0.324219
0 0.620313 0.167969 0.656250 0.162109 0.668750 0.232422 0.632812 0.236328
0 0.617188 0.021484 0.648438 0.019531 0.656250 0.089844 0.628125 0.087891
0 0.218750 0.062500 0.251563 0.062500 0.245312 0.128906 0.207813 0.126953
0 0.206250 0.197266 0.240625 0.197266 0.237500 0.285156 0.196875 0.275391
0 0.142187 0.861328 0.179688 0.861328 0.170313 0.992188 0.128125 0.992188
0 0.639062 0.531250 0.685937 0.523438 0.703125 0.625000 0.659375 0.632812
0 0.668750 0.867188 0.710938 0.861328 0.728125 0.966797 0.684375 0.972656
1 0.478125 0.906250 0.546875 0.894531 0.579688 1.000000 0.509375 1.000000
0 0.229687 0.000000 0.265625 0.000000 0.259375 0.060547 0.218750 0.054688
