0 0.557813 0.515625 0.650000 0.505859 0.656250 0.548828 0.562500 0.560547
0 0.187500 0.023438 0.271875 0.037109 0.265625 0.078125 0.182812 0.064453
0 0.176563 0.054688 0.260937 0.068359 0.254688 0.109375 0.171875 0.095703
0 0.170313 0.091797 0.254688 0.105469 0.248438 0.146484 0.165625 0.132812
0 0.162500 0.130859 0.246875 0.144531 0.240625 0.185547 0.157812 0.171875
0 0.245312 0.250000 0.328125 0.240234 0.331250 0.283203 0.250000 0.289062
0 0.235937 0.298828 0.328125 0.283203 0.331250 0.320312 0.242188 0.341797
0 0.228125 0.341797 0.321875 0.337891 0.321875 0.384766 0.226562 0.386719
0 0.226562 0.386719 0.323437 0.386719 0.320312 0.431641 0.221875 0.435547
0 0.215625 0.443359 0.303125 0.439453 0.306250 0.484375 0.214062 0.488281
0 0.210938 0.492188 0.298438 0.488281 0.301563 0.533203 0.209375 0.537109
0 0.356250 0.191406 0.448437 0.207031 0.443750 0.248047 0.353125 0.238281
0 0.340625 0.283203 0.432812 0.298828 0.428125 0.339844 0.337500 0.330078
0 0.345313 0.328125 0.437500 0.343750 0.432812 0.384766 0.342187 0.375000
0 0.335938 0.369141 0.432812 0.382812 0.431250 0.429688 0.332813 0.416016
0 0.331250 0.419922 0.421875 0.431641 0.414062 0.480469 0.328125 0.466797
0 0.325000 0.472656 0.415625 0.484375 0.407813 0.533203 0.317188 0.515625
0 0.568750 0.189453 0.657813 0.187500 0.656250 0.228516 0.571875 0.234375
0 0.570312 0.234375 0.657813 0.230469 0.654687 0.263672 0.568750 0.271484
0 0.562500 0.279297 0.653125 0.275391 0.651563 0.314453 0.562500 0.314453
0 0.565625 0.316406 0.653125 0.316406 0.653125 0.363281 0.565625 0.363281
0 0.556250 0.414062 0.656250 0.408203 0.654687 0.453125 0.553125 0.453125
0 0.557813 0.466797 0.657813 0.460938 0.656250 0.505859 0.554688 0.505859
0 0.553125 0.564453 0.651563 0.558594 0.656250 0.605469 0.557813 0.607422
0 0.543750 0.619141 0.640625 0.609375 0.645312 0.662109 0.551562 0.667969
0 0.729688 0.250000 0.818750 0.238281 0.826562 0.283203 0.735938 0.292969
0 0.740625 0.330078 0.832812 0.330078 0.832812 0.375000 0.740625 0.375000
0 0.746875 0.376953 0.843750 0.376953 0.843750 0.423828 0.746875 0.423828
0 0.748437 0.431641 0.846875 0.431641 0.846875 0.472656 0.748437 0.472656
0 0.748437 0.484375 0.851562 0.484375 0.851562 0.529297 0.748437 0.529297
0 0.290625 0.732422 0.392188 0.732422 0.392188 0.789062 0.290625 0.789062
0 0.739062 0.541016 0.845313 0.541016 0.845313 0.585938 0.739062 0.585938
0 0.748437 0.593750 0.848437 0.593750 0.848437 0.644531 0.748437 0.644531
0 0.753125 0.652344 0.865625 0.652344 0.865625 0.712891 0.753125 0.712891
0 0.762500 0.716797 0.864062 0.716797 0.864062 0.777344 0.762500 0.777344
0 0.809375 0.847656 0.914062 0.847656 0.914062 0.908203 0.809375 0.908203
0 0.817187 0.916016 0.926562 0.916016 0.926562 0.970703 0.817187 0.970703
0 0.625000 0.964844 0.734375 0.964844 0.734375 1.000000 0.625000 1.000000
0 0.292187 0.970703 0.401562 0.970703 0.401562 1.000000 0.292187 1.000000
0 0.321875 0.851562 0.431250 0.851562 0.431250 0.906250 0.321875 0.906250
0 0.501563 0.904297 0.615625 0.904297 0.615625 0.960938 0.501563 0.960938
0 0.535937 0.736328 0.645312 0.736328 0.645312 0.792969 0.535937 0.792969
0 0.165625 0.728516 0.268750 0.728516 0.268750 0.785156 0.165625 0.785156
0 0.193750 0.000000 0.278125 0.000000 0.271875 0.037109 0.189062 0.023438
0 0.314063 0.044922 0.398438 0.058594 0.392188 0.099609 0.309375 0.085938
0 0.320312 0.013672 0.404687 0.027344 0.398438 0.068359 0.315625 0.054688
