0 0.923438 0.662109 0.956250 0.660156 0.967187 0.730469 0.934375 0.740234
0 0.904687 0.546875 0.931250 0.541016 0.943750 0.615234 0.914062 0.619141
0 0.709375 0.519531 0.735938 0.519531 0.742188 0.593750 0.709375 0.595703
2 0.714063 0.712891 0.751563 0.708984 0.760938 0.810547 0.718750 0.810547
0 0.692187 0.406250 0.721875 0.406250 0.728125 0.468750 0.700000 0.468750
0 0.865625 0.341797 0.896875 0.337891 0.910937 0.408203 0.875000 0.408203
0 0.698438 0.335938 0.726562 0.333984 0.732812 0.398438 0.701562 0.398438
0 0.693750 0.251953 0.721875 0.246094 0.732812 0.312500 0.701562 0.312500
0 0.648438 0.189453 0.706250 0.193359 0.701562 0.228516 0.645312 0.218750
0 0.965625 0.343750 0.985938 0.351562 0.973437 0.404297 0.951562 0.400391
0 0.867188 0.257812 0.890625 0.253906 0.898438 0.310547 0.875000 0.308594
0 0.907813 0.248047 0.932813 0.250000 0.943750 0.306641 0.917188 0.306641
0 0.896875 0.193359 0.921875 0.191406 0.932813 0.242188 0.907813 0.246094
0 0.832812 0.017578 0.854688 0.013672 0.862500 0.062500 0.842187 0.068359
4 0.920312 0.021484 0.940625 0.013672 0.940625 0.054688 0.920312 0.058594
4 0.945312 0.013672 0.964063 0.007812 0.970313 0.052734 0.951562 0.058594
0 0.109375 0.156250 0.131250 0.156250 0.126562 0.199219 0.104688 0.197266
0 0.109375 0.085938 0.132812 0.082031 0.128125 0.148438 0.104688 0.148438
0 0.335938 0.750000 0.398438 0.740234 0.398438 0.781250 0.335938 0.792969
0 0.303125 0.925781 0.334375 0.925781 0.329688 1.000000 0.300000 1.000000
0 0.212500 0.896484 0.240625 0.900391 0.237500 0.976562 0.204687 0.978516
0 0.215625 0.814453 0.253125 0.810547 0.250000 0.892578 0.215625 0.894531
0 0.225000 0.701172 0.254688 0.701172 0.248438 0.785156 0.217188 0.783203
0 0.229687 0.511719 0.298438 0.515625 0.292187 0.548828 0.226562 0.544922
0 0.234375 0.482422 0.296875 0.480469 0.296875 0.513672 0.232813 0.509766
0 0.229687 0.439453 0.295312 0.443359 0.290625 0.478516 0.225000 0.476562
0 0.103125 0.792969 0.128125 0.796875 0.125000 0.871094 0.095312 0.869141
0 0.128125 0.644531 0.159375 0.642578 0.148438 0.714844 0.117188 0.712891
0 0.131250 0.554688 0.162500 0.560547 0.153125 0.625000 0.121875 0.625000
0 0.000000 0.630859 0.023438 0.630859 0.025000 0.666016 0.000000 0.669922
0 0.000000 0.585938 0.037500 0.589844 0.034375 0.626953 0.000000 0.623047
0 0.000000 0.558594 0.037500 0.552734 0.042188 0.578125 0.000000 0.587891
0 0.000000 0.515625 0.054688 0.521484 0.046875 0.554688 0.000000 0.544922
0 0.000000 0.480469 0.050000 0.488281 0.045312 0.519531 0.000000 0.515625
0 0.000000 0.457031 0.057813 0.451172 0.057813 0.480469 0.000000 0.476562
0 0.000000 0.425781 0.056250 0.416016 0.060937 0.447266 0.000000 0.451172
0 0.001563 0.386719 0.065625 0.382812 0.062500 0.417969 0.000000 0.419922
0 0.118750 0.367188 0.135937 0.369141 0.128125 0.435547 0.101562 0.435547
0 0.021875 0.322266 0.079687 0.320312 0.076563 0.353516 0.020313 0.353516
0 0.218750 0.404297 0.285938 0.406250 0.285938 0.441406 0.218750 0.441406
0 0.212500 0.376953 0.278125 0.375000 0.281250 0.410156 0.212500 0.410156
0 0.229687 0.341797 0.289062 0.337891 0.287500 0.369141 0.225000 0.369141
0 0.732812 0.939453 0.765625 0.937500 0.771875 1.000000 0.737500 1.000000
0 0.728125 0.857422 0.765625 0.853516 0.771875 0.933594 0.735938 0.935547
0 0.942187 0.845703 0.970313 0.843750 0.976562 0.917969 0.948438 0.919922
0 0.940625 0.761719 0.973437 0.761719 0.982812 0.832031 0.948438 0.832031
0 0.715625 0.626953 0.743750 0.623047 0.751563 0.691406 0.721875 0.691406
