0 0.520312 0.083984 0.556250 0.082031 0.575000 0.156250 0.537500 0.160156
0 0.867188 0.568359 0.907813 0.548828 0.953125 0.636719 0.910937 0.654297
2 0.000000 0.861328 0.184375 0.730469 0.221875 0.833984 0.000000 0.958984
1 0.007812 0.480469 0.334375 0.343750 0.382812 0.453125 0.045312 0.603516
1 0.000000 0.257812 0.287500 0.164062 0.326562 0.259766 0.012500 0.378906
0 0.653125 0.232422 0.684375 0.212891 0.737500 0.283203 0.704688 0.300781
0 0.482812 0.017578 0.510938 0.003906 0.543750 0.060547 0.512500 0.076172
0 0.362500 0.119141 0.435937 0.166016 0.406250 0.201172 0.337500 0.154297
0 0.185938 0.167969 0.270313 0.126953 0.289062 0.160156 0.196875 0.203125
0 0.021875 0.224609 0.101562 0.189453 0.115625 0.224609 0.032813 0.257812
