2 0.226562 0.076172 0.273438 0.052734 0.337500 0.232422 0.289062 0.255859
2 0.295312 0.056641 0.345313 0.037109 0.392188 0.208984 0.351562 0.226562
0 0.626563 0.000000 0.673438 0.000000 0.709375 0.117188 0.665625 0.128906
2 0.146875 0.859375 0.287500 0.791016 0.309375 0.851562 0.160938 0.925781
2 0.165625 0.937500 0.310937 0.873047 0.325000 0.935547 0.178125 1.000000
2 0.317188 0.802734 0.368750 0.792969 0.389062 0.970703 0.337500 0.980469
4 0.728125 0.726562 0.770312 0.710938 0.795312 0.859375 0.757812 0.867188
2 0.381250 0.792969 0.428125 0.779297 0.451562 0.958984 0.404687 0.966797
2 0.445312 0.751953 0.492188 0.744141 0.521875 0.945312 0.478125 0.951172
2 0.509375 0.724609 0.567187 0.712891 0.584375 0.925781 0.543750 0.931641
2 0.859375 0.638672 0.910937 0.619141 0.957812 0.804688 0.906250 0.822266
2 0.793750 0.683594 0.835938 0.673828 0.867188 0.839844 0.817187 0.843750
2 0.132812 0.787109 0.281250 0.734375 0.295312 0.792969 0.150000 0.843750
2 0.293750 0.728516 0.443750 0.673828 0.457813 0.734375 0.306250 0.791016
2 0.946875 0.634766 0.998437 0.623047 1.000000 0.779297 0.984375 0.794922
2 0.695312 0.404297 0.740625 0.390625 0.782813 0.556641 0.734375 0.566406
2 0.545312 0.431641 0.582812 0.421875 0.625000 0.585938 0.585938 0.599609
2 0.475000 0.462891 0.517188 0.451172 0.556250 0.628906 0.509375 0.646484
2 0.412500 0.478516 0.453125 0.468750 0.485938 0.632812 0.439063 0.642578
2 0.278125 0.519531 0.317188 0.507812 0.357812 0.667969 0.314063 0.685547
2 0.204687 0.544922 0.250000 0.535156 0.293750 0.703125 0.234375 0.724609
2 0.129688 0.578125 0.181250 0.560547 0.220312 0.740234 0.165625 0.753906
2 0.051562 0.580078 0.098437 0.568359 0.145313 0.761719 0.087500 0.785156
2 0.845313 0.355469 0.896875 0.339844 0.957812 0.525391 0.900000 0.544922
2 0.614062 0.414062 0.654687 0.408203 0.687500 0.576172 0.642188 0.583984
2 0.009375 0.169922 0.076563 0.361328 0.037500 0.378906 0.000000 0.195312
2 0.029687 0.164062 0.084375 0.138672 0.137500 0.330078 0.092188 0.343750
2 0.093750 0.136719 0.140625 0.111328 0.204687 0.302734 0.157812 0.322266
2 0.154688 0.101562 0.201563 0.080078 0.265625 0.271484 0.223438 0.287109
4 0.770312 0.388672 0.812500 0.375000 0.842187 0.509766 0.803125 0.519531
4 0.434375 0.021484 0.478125 0.000000 0.529687 0.167969 0.484375 0.189453
4 0.589063 0.753906 0.629687 0.742188 0.654687 0.902344 0.614062 0.916016
4 0.650000 0.750000 0.692187 0.732422 0.728125 0.886719 0.685937 0.906250
