0 0.204687 0.042969 0.268750 0.029297 0.271875 0.062500 0.210938 0.078125
0 0.106250 0.974609 0.189062 0.941406 0.203125 0.986328 0.118750 1.000000
0 0.092188 0.921875 0.181250 0.888672 0.192188 0.937500 0.103125 0.974609
0 0.090625 0.878906 0.173437 0.853516 0.184375 0.894531 0.103125 0.923828
0 0.098437 0.828125 0.165625 0.818359 0.171875 0.857422 0.103125 0.871094
0 0.171875 0.796875 0.203125 0.779297 0.223438 0.859375 0.187500 0.875000
0 0.140625 0.708984 0.176563 0.695312 0.195312 0.779297 0.159375 0.791016
0 0.131250 0.613281 0.165625 0.603516 0.185938 0.687500 0.148438 0.697266
0 0.117188 0.531250 0.151562 0.523438 0.164062 0.597656 0.126562 0.607422
0 0.093750 0.423828 0.126562 0.414062 0.135937 0.482422 0.101562 0.486328
0 0.084375 0.349609 0.110937 0.341797 0.125000 0.404297 0.095312 0.414062
0 0.071875 0.267578 0.101562 0.257812 0.112500 0.328125 0.084375 0.335938
0 0.056250 0.160156 0.081250 0.146484 0.098437 0.195312 0.071875 0.207031
0 0.032813 0.089844 0.060937 0.085938 0.075000 0.134766 0.048438 0.138672
0 0.025000 0.048828 0.051562 0.041016 0.064062 0.087891 0.035937 0.093750
0 0.100000 0.000000 0.167187 0.000000 0.171875 0.013672 0.103125 0.027344
0 0.110937 0.029297 0.173437 0.017578 0.179688 0.044922 0.114062 0.058594
0 0.114062 0.052734 0.175000 0.042969 0.184375 0.076172 0.120313 0.087891
0 0.118750 0.083984 0.181250 0.064453 0.189062 0.093750 0.125000 0.115234
0 0.134375 0.105469 0.192188 0.089844 0.195312 0.115234 0.137500 0.134766
0 0.131250 0.125000 0.195312 0.111328 0.200000 0.138672 0.135937 0.158203
0 0.139063 0.160156 0.198437 0.138672 0.203125 0.166016 0.145313 0.183594
0 0.140625 0.185547 0.204687 0.166016 0.210938 0.203125 0.143750 0.218750
0 0.146875 0.214844 0.218750 0.197266 0.221875 0.234375 0.151562 0.248047
0 0.156250 0.263672 0.231250 0.244141 0.232813 0.277344 0.159375 0.296875
0 0.171875 0.289062 0.226562 0.275391 0.231250 0.310547 0.179688 0.320312
0 0.170313 0.314453 0.234375 0.296875 0.240625 0.332031 0.179688 0.361328
0 0.176563 0.355469 0.239063 0.330078 0.245312 0.367188 0.184375 0.388672
0 0.181250 0.384766 0.248438 0.361328 0.259375 0.390625 0.190625 0.417969
0 0.196875 0.416016 0.260937 0.398438 0.262500 0.431641 0.198437 0.445312
0 0.200000 0.445312 0.264062 0.425781 0.271875 0.458984 0.207813 0.478516
0 0.204687 0.480469 0.267188 0.457031 0.279687 0.488281 0.210938 0.517578
0 0.212500 0.515625 0.284375 0.486328 0.285938 0.525391 0.220312 0.548828
0 0.220312 0.550781 0.293750 0.529297 0.298438 0.564453 0.221875 0.583984
0 0.223438 0.589844 0.293750 0.570312 0.303125 0.603516 0.229687 0.626953
0 0.246875 0.615234 0.306250 0.603516 0.312500 0.640625 0.250000 0.652344
0 0.246875 0.654297 0.307812 0.634766 0.318750 0.671875 0.257812 0.691406
0 0.250000 0.726562 0.323437 0.699219 0.334375 0.740234 0.257812 0.765625
0 0.259375 0.771484 0.343750 0.744141 0.351562 0.789062 0.265625 0.818359
0 0.268750 0.812500 0.367188 0.789062 0.371875 0.839844 0.273438 0.863281
0 0.260937 0.898438 0.295312 0.884766 0.320312 0.984375 0.284375 1.000000
0 0.312500 0.539062 0.373437 0.482422 0.393750 0.507812 0.337500 0.562500
0 0.304688 0.470703 0.370312 0.447266 0.381250 0.486328 0.314063 0.505859
0 0.298438 0.437500 0.367188 0.416016 0.375000 0.451172 0.303125 0.470703
0 0.289062 0.388672 0.354687 0.373047 0.357812 0.410156 0.293750 0.427734
0 0.275000 0.357422 0.348438 0.337891 0.353125 0.375000 0.282813 0.394531
0 0.270313 0.324219 0.339062 0.310547 0.340625 0.345703 0.281250 0.361328
4 0.256250 0.289062 0.334375 0.273438 0.335938 0.312500 0.260937 0.326172
0 0.259375 0.251953 0.326562 0.242188 0.329688 0.279297 0.259375 0.287109
0 0.246875 0.218750 0.306250 0.195312 0.315625 0.234375 0.253125 0.253906
0 0.237500 0.191406 0.290625 0.164062 0.304688 0.197266 0.248438 0.222656
0 0.234375 0.158203 0.295312 0.130859 0.303125 0.166016 0.243750 0.191406
0 0.225000 0.130859 0.281250 0.111328 0.289062 0.140625 0.231250 0.160156
0 0.217188 0.097656 0.279687 0.087891 0.287500 0.123047 0.220312 0.134766
0 0.209375 0.066406 0.270313 0.054688 0.273438 0.087891 0.212500 0.097656
0 0.201563 0.000000 0.264062 0.000000 0.268750 0.035156 0.204687 0.046875
0 0.481250 0.000000 0.506250 0.000000 0.509375 0.025391 0.484375 0.027344
0 0.492188 0.039062 0.517188 0.035156 0.532813 0.082031 0.506250 0.093750
0 0.509375 0.093750 0.535937 0.087891 0.551562 0.146484 0.525000 0.156250
0 0.531250 0.162109 0.556250 0.154297 0.570312 0.210938 0.545312 0.218750
0 0.540625 0.218750 0.568750 0.205078 0.590625 0.273438 0.562500 0.281250
0 0.564063 0.287109 0.596875 0.281250 0.618750 0.347656 0.581250 0.357422
0 0.592187 0.359375 0.623437 0.353516 0.645312 0.421875 0.614062 0.433594
0 0.614062 0.435547 0.643750 0.431641 0.664062 0.500000 0.635938 0.513672
0 0.639062 0.513672 0.673438 0.503906 0.703125 0.583984 0.670312 0.597656
0 0.675000 0.607422 0.712500 0.595703 0.735938 0.669922 0.695312 0.683594
0 0.709375 0.705078 0.743750 0.691406 0.767188 0.775391 0.731250 0.787109
0 0.784375 0.941406 0.829688 0.929688 0.854688 1.000000 0.810937 1.000000
0 0.590625 0.841797 0.631250 0.826172 0.671875 0.939453 0.623437 0.960938
