0 0.406250 0.873047 0.479687 0.912109 0.460938 0.951172 0.385937 0.914062
2 0.653125 0.126953 0.845313 0.000000 0.882812 0.041016 0.693750 0.169922
2 0.621875 0.287109 0.829688 0.128906 0.875000 0.166016 0.668750 0.332031
1 0.579688 0.216797 0.657813 0.158203 0.696875 0.210938 0.625000 0.275391
2 0.484375 0.408203 0.592187 0.300781 0.631250 0.337891 0.531250 0.435547
2 0.364063 0.396484 0.567187 0.250000 0.607812 0.296875 0.403125 0.453125
2 0.831250 0.191406 0.928125 0.101562 0.967187 0.142578 0.876563 0.232422
2 0.317188 0.511719 0.368750 0.537109 0.218750 0.810547 0.150000 0.792969
2 0.103125 0.580078 0.335938 0.406250 0.379688 0.455078 0.160938 0.644531
2 0.000000 0.609375 0.140625 0.476562 0.176563 0.527344 0.000000 0.675781
2 0.717187 0.154297 0.909375 0.009766 0.951562 0.054688 0.764062 0.191406
2 0.142187 0.458984 0.317188 0.320312 0.365625 0.369141 0.189062 0.517578
0 0.331250 0.261719 0.381250 0.210938 0.407813 0.236328 0.357812 0.287109
0 0.078125 0.435547 0.139063 0.386719 0.160938 0.423828 0.098437 0.468750
0 0.718750 0.982422 0.782813 0.943359 0.804688 0.974609 0.742188 1.000000
0 0.687500 0.962891 0.746875 0.904297 0.773438 0.927734 0.717187 0.984375
0 0.626563 0.847656 0.657813 0.875000 0.609375 0.945312 0.575000 0.919922
