0 0.071875 0.230469 0.206250 0.224609 0.206250 0.283203 0.078125 0.283203
0 0.235937 0.871094 0.292187 0.867188 0.298438 1.000000 0.239063 1.000000
0 0.312500 0.878906 0.362500 0.876953 0.367188 1.000000 0.312500 1.000000
0 0.381250 0.863281 0.437500 0.855469 0.446875 1.000000 0.393750 1.000000
0 0.456250 0.869141 0.510938 0.855469 0.525000 1.000000 0.471875 1.000000
0 0.539062 0.847656 0.592187 0.845703 0.600000 1.000000 0.537500 1.000000
0 0.615625 0.851562 0.660937 0.837891 0.685937 1.000000 0.637500 1.000000
0 0.693750 0.839844 0.743750 0.839844 0.750000 0.990234 0.701562 0.992188
0 0.760938 0.839844 0.818750 0.832031 0.840625 1.000000 0.782813 1.000000
0 0.848437 0.830078 0.907813 0.824219 0.917188 1.000000 0.862500 1.000000
0 0.923438 0.837891 0.987500 0.826172 1.000000 1.000000 0.937500 1.000000
0 0.637500 0.068359 0.754687 0.060547 0.762500 0.125000 0.639062 0.136719
0 0.626563 0.144531 0.759375 0.150391 0.760938 0.208984 0.623437 0.207031
0 0.625000 0.238281 0.751563 0.230469 0.750000 0.291016 0.626563 0.306641
0 0.635938 0.322266 0.764062 0.308594 0.775000 0.378906 0.640625 0.386719
0 0.640625 0.408203 0.776563 0.402344 0.782813 0.466797 0.643750 0.478516
0 0.654687 0.505859 0.784375 0.501953 0.781250 0.558594 0.657813 0.572266
0 0.664062 0.599609 0.789062 0.589844 0.793750 0.660156 0.668750 0.667969
0 0.484375 0.605469 0.621875 0.601562 0.625000 0.667969 0.487500 0.675781
0 0.490625 0.503906 0.618750 0.505859 0.614062 0.572266 0.492188 0.574219
0 0.481250 0.417969 0.607812 0.416016 0.606250 0.474609 0.482812 0.486328
0 0.484375 0.341797 0.609375 0.339844 0.610938 0.394531 0.484375 0.402344
0 0.481250 0.251953 0.603125 0.244141 0.604688 0.304688 0.479687 0.314453
0 0.471875 0.164062 0.607812 0.160156 0.607812 0.218750 0.468750 0.234375
0 0.484375 0.089844 0.614062 0.078125 0.610938 0.128906 0.481250 0.138672
2 0.056250 0.810547 0.204687 0.785156 0.209375 0.845703 0.067187 0.878906
0 0.087500 0.611328 0.210938 0.611328 0.212500 0.669922 0.090625 0.669922
0 0.095312 0.535156 0.207813 0.533203 0.204687 0.585938 0.093750 0.589844
0 0.071875 0.435547 0.196875 0.423828 0.200000 0.482422 0.075000 0.494141
0 0.081250 0.328125 0.204687 0.330078 0.201563 0.388672 0.078125 0.386719
0 0.081250 0.103516 0.206250 0.097656 0.206250 0.158203 0.085938 0.167969
0 0.081250 0.011719 0.206250 0.003906 0.210938 0.066406 0.087500 0.078125
0 0.317188 0.236328 0.360938 0.230469 0.364063 0.359375 0.315625 0.361328
0 0.303125 0.056641 0.354687 0.054688 0.356250 0.203125 0.304688 0.203125
0 0.476562 0.000000 0.584375 0.000000 0.585938 0.039062 0.481250 0.060547
0 0.618750 0.000000 0.746875 0.000000 0.753125 0.035156 0.625000 0.054688
