2 0.554688 0.046875 0.598437 0.017578 0.698438 0.119141 0.653125 0.152344
2 0.000000 1.000000 0.106250 0.916016 0.164062 0.966797 0.028125 1.000000
0 0.303125 0.919922 0.329688 0.892578 0.390625 0.960938 0.365625 0.984375
0 0.223438 0.843750 0.248438 0.816406 0.310937 0.882812 0.289062 0.908203
2 0.478125 0.693359 0.687500 0.787109 0.656250 0.867188 0.440625 0.773438
2 0.478125 0.632812 0.770312 0.759766 0.746875 0.828125 0.442188 0.705078
2 0.471875 0.546875 0.673438 0.632812 0.643750 0.707031 0.434375 0.625000
2 0.598437 0.457031 0.784375 0.539062 0.759375 0.609375 0.567187 0.533203
2 0.628125 0.359375 0.810937 0.429688 0.787500 0.507812 0.596875 0.449219
2 0.626563 0.304688 0.829688 0.380859 0.807813 0.449219 0.596875 0.378906
2 0.681250 0.273438 0.867188 0.328125 0.848437 0.380859 0.660937 0.324219
2 0.648438 0.230469 0.890625 0.302734 0.876563 0.357422 0.625000 0.283203
0 0.351562 0.033203 0.403125 0.009766 0.420312 0.033203 0.367188 0.058594
4 0.142187 0.119141 0.181250 0.103516 0.196875 0.134766 0.151562 0.152344
