1 0.346875 0.529297 0.437500 0.533203 0.434375 0.572266 0.342187 0.572266
0 0.300000 0.068359 0.356250 0.066406 0.360938 0.095703 0.298438 0.095703
0 0.293750 0.128906 0.365625 0.119141 0.365625 0.171875 0.295312 0.177734
0 0.465625 0.005859 0.526563 0.000000 0.526563 0.023438 0.464062 0.021484
0 0.465625 0.027344 0.525000 0.017578 0.528125 0.042969 0.465625 0.046875
0 0.465625 0.052734 0.529687 0.050781 0.529687 0.078125 0.467187 0.076172
0 0.468750 0.078125 0.531250 0.072266 0.531250 0.103516 0.468750 0.103516
0 0.465625 0.111328 0.534375 0.105469 0.534375 0.132812 0.465625 0.134766
0 0.493750 0.183594 0.551562 0.177734 0.554688 0.212891 0.496875 0.212891
0 0.629687 0.070312 0.692187 0.060547 0.698438 0.093750 0.632812 0.099609
0 0.664062 0.345703 0.723437 0.339844 0.726562 0.369141 0.671875 0.378906
0 0.656250 0.412109 0.714063 0.404297 0.715625 0.435547 0.662500 0.441406
0 0.656250 0.457031 0.723437 0.437500 0.729688 0.474609 0.660937 0.486328
0 0.679688 0.652344 0.709375 0.640625 0.720313 0.714844 0.687500 0.720703
0 0.367188 0.417969 0.435937 0.410156 0.434375 0.441406 0.367188 0.441406
0 0.485938 0.427734 0.543750 0.423828 0.539062 0.462891 0.485938 0.466797
4 0.362500 0.357422 0.418750 0.353516 0.417187 0.386719 0.359375 0.388672
4 0.473438 0.539062 0.550000 0.523438 0.553125 0.574219 0.473438 0.574219
0 0.370312 0.445312 0.437500 0.445312 0.431250 0.476562 0.367188 0.480469
0 0.375000 0.484375 0.437500 0.474609 0.437500 0.509766 0.373437 0.509766
0 0.370312 0.511719 0.432812 0.500000 0.434375 0.535156 0.368750 0.539062
0 0.482812 0.580078 0.553125 0.576172 0.553125 0.611328 0.482812 0.611328
0 0.482812 0.619141 0.553125 0.623047 0.551562 0.650391 0.482812 0.652344
0 0.481250 0.660156 0.546875 0.654297 0.550000 0.685547 0.482812 0.691406
0 0.490625 0.699219 0.546875 0.685547 0.548438 0.722656 0.493750 0.728516
0 0.492188 0.738281 0.556250 0.724609 0.560937 0.763672 0.496875 0.771484
0 0.356250 0.783203 0.426563 0.779297 0.426563 0.812500 0.356250 0.808594
1 0.337500 0.679688 0.426563 0.675781 0.425000 0.728516 0.332813 0.730469
1 0.339062 0.591797 0.432812 0.583984 0.432812 0.650391 0.335938 0.650391
0 0.300000 0.015625 0.353125 0.011719 0.353125 0.041016 0.301563 0.044922
