0 0.509375 0.634766 0.584375 0.707031 0.559375 0.738281 0.485938 0.666016
3 0.853125 0.558594 0.968750 0.667969 0.928125 0.742188 0.809375 0.615234
0 0.657813 0.843750 0.696875 0.794922 0.773438 0.878906 0.739062 0.935547
0 0.815625 0.921875 0.903125 0.994141 0.884375 1.000000 0.795312 0.976562
0 0.457813 0.140625 0.514062 0.195312 0.478125 0.234375 0.425000 0.183594
0 0.164062 0.310547 0.198437 0.281250 0.259375 0.351562 0.228125 0.388672
0 0.287500 0.375000 0.351562 0.439453 0.325000 0.484375 0.260937 0.417969
0 0.346875 0.515625 0.381250 0.474609 0.440625 0.541016 0.415625 0.583984
1 0.000000 0.359375 0.121875 0.517578 0.071875 0.578125 0.000000 0.406250
1 0.134375 0.517578 0.425000 0.832031 0.370312 0.906250 0.084375 0.583984
