0 0.215625 0.654297 0.239063 0.632812 0.281250 0.683594 0.260937 0.705078
0 0.215625 0.703125 0.237500 0.689453 0.268750 0.746094 0.248438 0.761719
0 0.215625 0.810547 0.276562 0.763672 0.290625 0.785156 0.232813 0.835938
1 0.823438 0.857422 0.871875 0.857422 0.878125 0.964844 0.831250 0.964844
0 0.237500 0.539062 0.285938 0.568359 0.275000 0.595703 0.225000 0.568359
0 0.262500 0.285156 0.306250 0.285156 0.306250 0.308594 0.262500 0.308594
0 0.378125 0.146484 0.425000 0.146484 0.425000 0.166016 0.378125 0.166016
0 0.367188 0.169922 0.423438 0.169922 0.423438 0.193359 0.367188 0.193359
0 0.360938 0.228516 0.414062 0.228516 0.414062 0.259766 0.360938 0.259766
0 0.362500 0.265625 0.407813 0.292969 0.393750 0.318359 0.346875 0.291016
0 0.350000 0.351562 0.370312 0.335938 0.398438 0.371094 0.382812 0.386719
0 0.248438 0.433594 0.265625 0.417969 0.301563 0.451172 0.281250 0.468750
0 0.237500 0.484375 0.254688 0.466797 0.292187 0.507812 0.275000 0.527344
0 0.228125 0.589844 0.279687 0.605469 0.273438 0.632812 0.221875 0.617188
0 0.607812 0.949219 0.628125 0.949219 0.628125 1.000000 0.607812 1.000000
0 0.926562 0.085938 0.960938 0.085938 0.960938 0.148438 0.926562 0.148438
0 0.540625 0.132812 0.595313 0.132812 0.595313 0.166016 0.540625 0.166016
0 0.923438 0.191406 0.973437 0.191406 0.973437 0.216797 0.923438 0.216797
0 0.551562 0.369141 0.575000 0.365234 0.581250 0.423828 0.557813 0.427734
0 0.570312 0.333984 0.625000 0.333984 0.625000 0.363281 0.570312 0.363281
1 0.810937 0.695312 0.848437 0.693359 0.859375 0.789062 0.818750 0.789062
