4 0.318750 0.273438 0.364063 0.269531 0.371875 0.433594 0.328125 0.437500
0 0.878125 0.220703 0.964063 0.123047 0.998437 0.160156 0.914062 0.253906
0 0.887500 0.414062 0.978125 0.322266 1.000000 0.361328 0.921875 0.468750
0 0.970313 0.544922 1.000000 0.582031 0.940625 0.699219 0.896875 0.656250
0 0.992188 0.753906 1.000000 0.794922 0.956250 0.919922 0.917188 0.876953
0 1.000000 0.865234 1.000000 0.912109 0.962500 1.000000 0.917188 0.980469
0 0.631250 0.000000 0.679688 0.000000 0.679688 0.132812 0.631250 0.130859
0 0.625000 0.201172 0.673438 0.201172 0.670312 0.324219 0.625000 0.324219
0 0.629687 0.412109 0.682813 0.408203 0.684375 0.568359 0.629687 0.564453
0 0.325000 0.000000 0.368750 0.000000 0.367188 0.082031 0.321875 0.078125
0 0.312500 0.117188 0.357812 0.113281 0.362500 0.261719 0.315625 0.261719
0 0.642188 0.640625 0.690625 0.638672 0.689063 0.804688 0.640625 0.804688
0 0.329688 0.449219 0.375000 0.447266 0.370312 0.591797 0.321875 0.591797
0 0.309375 0.638672 0.360938 0.642578 0.354687 0.796875 0.304688 0.794922
0 0.304688 0.835938 0.360938 0.839844 0.356250 0.992188 0.303125 0.990234
0 0.860938 0.021484 0.931250 0.000000 0.970313 0.000000 0.900000 0.056641
0 0.876563 0.109375 0.970313 0.007812 1.000000 0.048828 0.912500 0.158203
