0 0.975000 0.417969 1.000000 0.466797 1.000000 0.484375 0.960938 0.439453
0 0.950000 0.453125 1.000000 0.501953 0.981250 0.519531 0.935937 0.474609
0 0.928125 0.474609 0.978125 0.523438 0.959375 0.541016 0.914062 0.496094
0 0.898438 0.490234 0.948438 0.539062 0.929688 0.556641 0.884375 0.511719
0 0.770312 0.396484 0.823438 0.423828 0.809375 0.449219 0.762500 0.421875
0 0.839063 0.355469 0.892188 0.382812 0.878125 0.408203 0.831250 0.380859
0 0.793750 0.376953 0.846875 0.404297 0.832812 0.429688 0.785937 0.402344
0 0.868750 0.335938 0.918750 0.341797 0.918750 0.375000 0.867188 0.369141
0 0.781250 0.326172 0.818750 0.298828 0.831250 0.330078 0.795312 0.355469
0 0.279687 0.035156 0.301563 0.019531 0.346875 0.060547 0.323437 0.085938
0 0.346875 0.093750 0.368750 0.078125 0.414062 0.119141 0.390625 0.144531
0 0.620313 0.935547 0.653125 0.912109 0.698438 0.960938 0.676562 0.990234
0 0.875000 0.595703 0.918750 0.544922 0.945312 0.572266 0.903125 0.621094
0 0.551562 0.800781 0.595313 0.750000 0.621875 0.777344 0.579688 0.826172
0 0.753125 1.000000 0.796875 0.972656 0.823438 1.000000 0.781250 1.000000
0 0.703125 1.000000 0.746875 0.951172 0.773438 0.978516 0.731250 1.000000
0 0.925000 0.837891 0.968750 0.787109 0.995313 0.814453 0.953125 0.863281
0 0.887500 0.800781 0.931250 0.750000 0.957812 0.777344 0.915625 0.826172
0 0.860938 0.775391 0.904687 0.724609 0.931250 0.751953 0.889062 0.800781
0 0.832812 0.746094 0.876563 0.695312 0.903125 0.722656 0.860938 0.771484
0 0.759375 0.724609 0.803125 0.673828 0.829688 0.701172 0.787500 0.750000
0 0.690625 0.785156 0.734375 0.734375 0.760938 0.761719 0.718750 0.810547
0 0.634375 0.847656 0.678125 0.796875 0.704688 0.824219 0.662500 0.873047
0 0.000000 0.941406 0.031250 0.906250 0.051562 0.935547 0.000000 0.972656
