0 0.581250 0.640625 0.615625 0.638672 0.615625 0.761719 0.579688 0.757812
0 0.731250 0.974609 0.828125 0.976562 0.829688 1.000000 0.731250 1.000000
0 0.721875 0.890625 0.825000 0.898438 0.823438 0.941406 0.718750 0.939453
0 0.725000 0.818359 0.825000 0.806641 0.826562 0.855469 0.726562 0.863281
0 0.579688 0.783203 0.620313 0.781250 0.625000 0.894531 0.585938 0.896484
0 0.575000 0.431641 0.620313 0.437500 0.618750 0.542969 0.576562 0.542969
0 0.568750 0.314453 0.604688 0.312500 0.617188 0.425781 0.579688 0.429688
0 0.850000 0.361328 0.950000 0.394531 0.939063 0.439453 0.837500 0.406250
0 0.709375 0.310547 0.795312 0.343750 0.778125 0.398438 0.692187 0.363281
0 0.120313 0.726562 0.150000 0.757812 0.104688 0.826172 0.067187 0.804688
0 0.042188 0.718750 0.128125 0.658203 0.140625 0.699219 0.060937 0.757812
0 0.043750 0.642578 0.125000 0.585938 0.137500 0.634766 0.067187 0.691406
0 0.050000 0.578125 0.126562 0.515625 0.142187 0.554688 0.073438 0.615234
0 0.000000 0.478516 0.082812 0.486328 0.081250 0.531250 0.000000 0.527344
0 0.004687 0.404297 0.106250 0.406250 0.104688 0.457031 0.004687 0.451172
0 0.018750 0.257812 0.117188 0.271484 0.112500 0.320312 0.018750 0.314453
0 0.942187 0.251953 1.000000 0.273438 1.000000 0.312500 0.931250 0.292969
0 0.823438 0.218750 0.925000 0.242188 0.912500 0.289062 0.809375 0.265625
0 0.696875 0.189453 0.785937 0.210938 0.779687 0.253906 0.693750 0.238281
0 0.575000 0.162109 0.668750 0.179688 0.660937 0.228516 0.567187 0.208984
0 0.468750 0.126953 0.551562 0.158203 0.537500 0.195312 0.456250 0.169922
0 0.367188 0.125000 0.445312 0.138672 0.439063 0.175781 0.360938 0.167969
4 0.257812 0.099609 0.342187 0.111328 0.337500 0.156250 0.248438 0.142578
0 0.115625 0.111328 0.204687 0.111328 0.204687 0.152344 0.112500 0.156250
0 0.000000 0.097656 0.056250 0.103516 0.050000 0.144531 0.000000 0.146484
0 0.100000 0.046875 0.129688 0.068359 0.084375 0.152344 0.057813 0.132812
