0 0.595313 0.933594 0.670312 0.970703 0.657813 1.000000 0.581250 0.982422
0 0.648438 0.705078 0.717187 0.726562 0.706250 0.767578 0.637500 0.746094
0 0.856250 0.666016 0.889062 0.675781 0.878125 0.777344 0.839063 0.767578
0 0.687500 0.580078 0.771875 0.613281 0.764062 0.648438 0.679688 0.617188
0 0.687500 0.511719 0.768750 0.537109 0.762500 0.578125 0.685937 0.554688
0 0.531250 0.445312 0.553125 0.453125 0.535937 0.521484 0.515625 0.513672
0 0.778125 0.033203 0.837500 0.087891 0.817187 0.115234 0.762500 0.056641
0 0.764062 0.000000 0.790625 0.000000 0.851562 0.023438 0.831250 0.058594
4 0.806250 0.361328 0.832812 0.371094 0.818750 0.486328 0.789062 0.478516
2 0.659375 0.615234 0.762500 0.654297 0.754687 0.701172 0.643750 0.666016
0 0.743750 0.156250 0.812500 0.212891 0.793750 0.240234 0.732812 0.187500
0 0.389062 0.867188 0.417187 0.878906 0.390625 0.984375 0.357812 0.976562
