0 0.009375 0.689453 0.085938 0.689453 0.085938 0.722656 0.009375 0.722656
0 0.007812 0.910156 0.081250 0.910156 0.081250 0.949219 0.007812 0.949219
0 0.003125 0.769531 0.082812 0.769531 0.082812 0.818359 0.003125 0.818359
0 0.084375 0.890625 0.160938 0.890625 0.160938 0.937500 0.084375 0.937500
0 0.081250 0.855469 0.165625 0.855469 0.165625 0.890625 0.081250 0.890625
0 0.001563 0.871094 0.075000 0.871094 0.075000 0.908203 0.001563 0.908203
0 0.239063 0.843750 0.307812 0.843750 0.307812 0.888672 0.239063 0.888672
0 0.232813 0.908203 0.309375 0.888672 0.317188 0.923828 0.237500 0.943359
0 0.085938 0.812500 0.164062 0.812500 0.164062 0.851562 0.085938 0.851562
0 0.000000 0.818359 0.075000 0.818359 0.075000 0.857422 0.000000 0.857422
0 0.948438 0.777344 1.000000 0.777344 1.000000 0.818359 0.948438 0.818359
0 0.942187 0.738281 1.000000 0.738281 1.000000 0.771484 0.942187 0.771484
0 0.964063 0.291016 0.998437 0.285156 1.000000 0.341797 0.975000 0.347656
0 0.928125 0.289062 0.954688 0.285156 0.964063 0.341797 0.940625 0.345703
0 0.859375 0.343750 0.917188 0.343750 0.917188 0.371094 0.859375 0.371094
0 0.865625 0.380859 0.923438 0.380859 0.923438 0.406250 0.865625 0.406250
0 0.868750 0.410156 0.935937 0.410156 0.935937 0.437500 0.868750 0.437500
0 0.875000 0.445312 0.946875 0.445312 0.946875 0.472656 0.875000 0.472656
0 0.885938 0.472656 0.950000 0.472656 0.950000 0.503906 0.885938 0.503906
0 0.892188 0.513672 0.959375 0.513672 0.959375 0.542969 0.892188 0.542969
0 0.896875 0.550781 0.967187 0.550781 0.967187 0.583984 0.896875 0.583984
0 0.443750 0.003906 0.467187 0.003906 0.467187 0.056641 0.443750 0.056641
0 0.565625 0.171875 0.587500 0.167969 0.593750 0.218750 0.568750 0.224609
0 0.487500 0.261719 0.517188 0.259766 0.521875 0.328125 0.492188 0.332031
0 0.239063 0.285156 0.306250 0.285156 0.306250 0.322266 0.239063 0.322266
0 0.243750 0.324219 0.306250 0.324219 0.306250 0.359375 0.243750 0.359375
0 0.237500 0.390625 0.312500 0.390625 0.312500 0.425781 0.237500 0.425781
0 0.245312 0.427734 0.314063 0.427734 0.314063 0.466797 0.245312 0.466797
0 0.237500 0.470703 0.317188 0.470703 0.317188 0.509766 0.237500 0.509766
0 0.239063 0.513672 0.312500 0.513672 0.312500 0.556641 0.239063 0.556641
4 0.104688 0.132812 0.131250 0.132812 0.131250 0.207031 0.104688 0.207031
4 0.148438 0.142578 0.173437 0.142578 0.173437 0.212891 0.148438 0.212891
0 0.050000 0.308594 0.109375 0.308594 0.109375 0.337891 0.050000 0.337891
0 0.042188 0.347656 0.100000 0.335938 0.107813 0.367188 0.046875 0.376953
0 0.032813 0.376953 0.101562 0.376953 0.101562 0.412109 0.032813 0.412109
0 0.023438 0.449219 0.087500 0.449219 0.087500 0.490234 0.023438 0.490234
0 0.026562 0.568359 0.095312 0.568359 0.095312 0.603516 0.026562 0.603516
0 0.018750 0.652344 0.087500 0.652344 0.087500 0.683594 0.018750 0.683594
0 0.114062 0.339844 0.179688 0.339844 0.179688 0.365234 0.114062 0.365234
0 0.114062 0.369141 0.175000 0.369141 0.175000 0.406250 0.114062 0.406250
0 0.112500 0.406250 0.173437 0.406250 0.173437 0.437500 0.112500 0.437500
0 0.104688 0.441406 0.171875 0.441406 0.171875 0.480469 0.104688 0.480469
0 0.106250 0.478516 0.182812 0.478516 0.182812 0.515625 0.106250 0.515625
0 0.106250 0.527344 0.175000 0.527344 0.175000 0.560547 0.106250 0.560547
0 0.104688 0.564453 0.171875 0.564453 0.171875 0.595703 0.104688 0.595703
0 0.095312 0.603516 0.178125 0.603516 0.178125 0.640625 0.095312 0.640625
0 0.106250 0.646484 0.171875 0.646484 0.171875 0.679688 0.106250 0.679688
0 0.095312 0.681641 0.160938 0.681641 0.160938 0.722656 0.095312 0.722656
0 0.089063 0.724609 0.167187 0.724609 0.167187 0.769531 0.089063 0.769531
0 0.090625 0.777344 0.165625 0.777344 0.165625 0.812500 0.090625 0.812500
0 0.000000 0.960938 0.067187 0.960938 0.067187 1.000000 0.000000 1.000000
