0 0.460938 0.044922 0.576562 0.000000 0.598437 0.046875 0.473438 0.105469
2 0.464062 0.123047 0.582812 0.074219 0.600000 0.146484 0.479687 0.187500
4 0.453125 0.669922 0.579688 0.667969 0.582812 0.738281 0.454688 0.740234
4 0.453125 0.779297 0.579688 0.763672 0.579688 0.826172 0.459375 0.843750
0 0.448437 0.970703 0.587500 0.968750 0.590625 1.000000 0.448437 1.000000
0 0.451562 0.869141 0.584375 0.863281 0.590625 0.931641 0.451562 0.935547
0 0.448437 0.501953 0.571875 0.490234 0.578125 0.558594 0.450000 0.570312
0 0.450000 0.269531 0.554688 0.197266 0.578125 0.251953 0.471875 0.330078
0 0.698438 0.103516 0.734375 0.099609 0.748437 0.251953 0.698438 0.253906
0 0.700000 0.283203 0.753125 0.277344 0.751563 0.437500 0.703125 0.439453
0 0.707812 0.615234 0.767188 0.609375 0.782813 0.789062 0.712500 0.791016
