3 1.000000 0.460938 1.000000 0.503906 0.998437 0.685547 0.939063 0.646484
3 0.995313 0.326172 1.000000 0.365234 0.928125 0.648438 0.868750 0.607422
3 0.921875 0.292969 0.978125 0.330078 0.853125 0.605469 0.795312 0.564453
3 0.853125 0.248047 0.907813 0.287109 0.785937 0.560547 0.728125 0.517578
3 0.785937 0.214844 0.839063 0.251953 0.717187 0.507812 0.659375 0.466797
3 0.731250 0.158203 0.785937 0.205078 0.657813 0.453125 0.601562 0.416016
3 0.664062 0.101562 0.715625 0.136719 0.587500 0.384766 0.532813 0.341797
3 0.237500 0.156250 0.445312 0.310547 0.415625 0.376953 0.206250 0.212891
3 0.196875 0.228516 0.400000 0.388672 0.367188 0.451172 0.168750 0.285156
3 0.150000 0.302734 0.356250 0.464844 0.325000 0.527344 0.118750 0.361328
3 0.096875 0.382812 0.304688 0.539062 0.271875 0.605469 0.065625 0.443359
