3 0.526563 0.216797 0.653125 0.220703 0.650000 0.273438 0.526563 0.275391
0 0.806250 0.837891 0.831250 0.835938 0.843750 0.914062 0.814063 0.916016
0 0.684375 0.839844 0.709375 0.837891 0.721875 0.916016 0.692187 0.917969
0 0.643750 0.841797 0.668750 0.839844 0.681250 0.917969 0.651563 0.919922
0 0.603125 0.841797 0.628125 0.839844 0.640625 0.917969 0.610938 0.919922
0 0.565625 0.849609 0.590625 0.847656 0.603125 0.925781 0.573438 0.927734
0 0.525000 0.855469 0.550000 0.853516 0.562500 0.931641 0.532813 0.933594
0 0.482812 0.843750 0.507812 0.841797 0.520312 0.919922 0.490625 0.921875
0 0.440625 0.853516 0.465625 0.851562 0.478125 0.929688 0.448437 0.931641
0 0.415625 0.671875 0.440625 0.669922 0.442188 0.744141 0.418750 0.746094
0 0.456250 0.669922 0.481250 0.667969 0.482812 0.742188 0.459375 0.744141
0 0.496875 0.671875 0.521875 0.669922 0.523438 0.744141 0.500000 0.746094
0 0.534375 0.673828 0.559375 0.671875 0.560937 0.746094 0.537500 0.748047
0 0.573438 0.673828 0.598437 0.671875 0.600000 0.746094 0.576562 0.748047
0 0.654687 0.675781 0.679688 0.673828 0.681250 0.748047 0.657813 0.750000
0 0.692187 0.671875 0.717187 0.669922 0.718750 0.750000 0.695312 0.746094
0 0.732812 0.673828 0.757812 0.671875 0.759375 0.751953 0.735938 0.748047
0 0.775000 0.671875 0.800000 0.669922 0.801562 0.750000 0.778125 0.746094
0 0.818750 0.671875 0.843750 0.669922 0.845313 0.750000 0.821875 0.746094
0 0.001563 0.906250 0.026562 0.890625 0.075000 0.951172 0.054688 0.970703
0 0.000000 0.941406 0.046875 1.000000 0.026562 1.000000 0.000000 0.957031
0 0.007812 0.847656 0.032813 0.832031 0.081250 0.892578 0.060937 0.912109
0 0.017188 0.800781 0.042188 0.785156 0.090625 0.845703 0.070312 0.865234
0 0.029687 0.751953 0.054688 0.736328 0.103125 0.796875 0.082812 0.816406
0 0.040625 0.701172 0.065625 0.685547 0.114062 0.746094 0.093750 0.765625
0 0.045312 0.650391 0.070312 0.634766 0.118750 0.695312 0.098437 0.714844
0 0.053125 0.595703 0.075000 0.578125 0.126562 0.640625 0.106250 0.660156
0 0.059375 0.521484 0.085938 0.525391 0.084375 0.566406 0.056250 0.568359
3 0.550000 0.535156 0.676562 0.539062 0.673438 0.591797 0.550000 0.593750
3 0.520312 0.484375 0.646875 0.488281 0.643750 0.541016 0.520312 0.542969
3 0.540625 0.402344 0.667188 0.406250 0.664062 0.458984 0.540625 0.460938
3 0.529687 0.289062 0.656250 0.292969 0.653125 0.345703 0.529687 0.347656
3 0.526563 0.250000 0.653125 0.253906 0.650000 0.306641 0.526563 0.308594
3 0.504687 0.179688 0.631250 0.183594 0.628125 0.236328 0.504687 0.238281
3 0.532813 0.152344 0.659375 0.156250 0.656250 0.208984 0.532813 0.210938
3 0.979688 0.261719 1.000000 0.265625 1.000000 0.318359 0.979688 0.320312
3 0.973437 0.218750 1.000000 0.222656 1.000000 0.275391 0.973437 0.277344
3 0.959375 0.179688 1.000000 0.183594 1.000000 0.236328 0.959375 0.238281
3 0.950000 0.150391 1.000000 0.154297 1.000000 0.207031 0.950000 0.208984
3 0.942187 0.101562 1.000000 0.105469 1.000000 0.158203 0.942187 0.160156
3 0.935937 0.068359 1.000000 0.072266 1.000000 0.125000 0.935937 0.126953
3 0.928125 0.035156 1.000000 0.039062 1.000000 0.091797 0.928125 0.093750
3 0.921875 0.000000 1.000000 0.000000 1.000000 0.050781 0.921875 0.052734
