0 0.807813 0.851562 0.912500 0.837891 0.921875 0.878906 0.814063 0.896484
0 0.818750 0.291016 0.903125 0.289062 0.909375 0.330078 0.823438 0.333984
0 0.829688 0.330078 0.914062 0.328125 0.920312 0.369141 0.834375 0.373047
0 0.835938 0.375000 0.920312 0.373047 0.926562 0.414062 0.840625 0.417969
0 0.876563 0.541016 0.964063 0.542969 0.971875 0.589844 0.875000 0.591797
0 0.892188 0.656250 0.979688 0.634766 0.996875 0.677734 0.904687 0.705078
0 0.817187 0.910156 0.935937 0.894531 0.937500 0.951172 0.821875 0.960938
0 0.796875 0.794922 0.901563 0.781250 0.910937 0.822266 0.803125 0.839844
0 0.787500 0.736328 0.892188 0.722656 0.901563 0.763672 0.793750 0.781250
0 0.776563 0.683594 0.882812 0.666016 0.890625 0.712891 0.782813 0.728516
0 0.771875 0.634766 0.867188 0.613281 0.878125 0.656250 0.778125 0.679688
0 0.765625 0.582031 0.860938 0.564453 0.870313 0.603516 0.771875 0.626953
0 0.753125 0.529297 0.851562 0.517578 0.857812 0.558594 0.756250 0.570312
0 0.745313 0.482422 0.843750 0.470703 0.850000 0.511719 0.748437 0.523438
0 0.700000 0.003906 0.782813 0.000000 0.790625 0.033203 0.703125 0.044922
0 0.704688 0.087891 0.795312 0.076172 0.801562 0.115234 0.707812 0.128906
0 0.696875 0.191406 0.779687 0.181641 0.787500 0.226562 0.704688 0.236328
0 0.707812 0.271484 0.801562 0.257812 0.809375 0.298828 0.715625 0.316406
0 0.726562 0.396484 0.820312 0.382812 0.842187 0.417969 0.734375 0.441406
0 0.682813 0.466797 0.718750 0.462891 0.734375 0.542969 0.695312 0.548828
0 0.700000 0.556641 0.735938 0.552734 0.756250 0.652344 0.714063 0.656250
0 0.629687 0.972656 0.735938 0.962891 0.743750 1.000000 0.631250 1.000000
0 0.625000 0.912109 0.731250 0.902344 0.739062 0.949219 0.626563 0.958984
0 0.621875 0.849609 0.731250 0.845703 0.739062 0.892578 0.625000 0.902344
0 0.614062 0.791016 0.714063 0.787109 0.721875 0.833984 0.617188 0.839844
0 0.601562 0.730469 0.701562 0.726562 0.709375 0.773438 0.604688 0.779297
0 0.596875 0.679688 0.696875 0.675781 0.701562 0.716797 0.600000 0.728516
0 0.589063 0.630859 0.689063 0.626953 0.693750 0.667969 0.592187 0.679688
0 0.578125 0.541016 0.670312 0.535156 0.675000 0.576172 0.579688 0.583984
0 0.573438 0.492188 0.665625 0.486328 0.670312 0.527344 0.575000 0.535156
0 0.571875 0.447266 0.659375 0.443359 0.665625 0.480469 0.571875 0.486328
0 0.565625 0.406250 0.653125 0.402344 0.659375 0.439453 0.565625 0.445312
0 0.559375 0.365234 0.646875 0.361328 0.653125 0.398438 0.559375 0.404297
0 0.551562 0.285156 0.640625 0.283203 0.642188 0.326172 0.554688 0.328125
0 0.543750 0.246094 0.623437 0.244141 0.628125 0.279297 0.542188 0.283203
0 0.553125 0.169922 0.634375 0.169922 0.639062 0.205078 0.557813 0.207031
0 0.509375 0.097656 0.590625 0.087891 0.596875 0.132812 0.512500 0.142578
0 0.409375 0.109375 0.484375 0.091797 0.493750 0.136719 0.412500 0.152344
0 0.028125 0.033203 0.059375 0.027344 0.059375 0.093750 0.028125 0.087891
0 0.028125 0.097656 0.059375 0.091797 0.059375 0.158203 0.028125 0.152344
0 0.032813 0.193359 0.060937 0.199219 0.046875 0.275391 0.009375 0.263672
0 0.006250 0.279297 0.040625 0.279297 0.040625 0.353516 0.010937 0.355469
0 0.010937 0.376953 0.040625 0.373047 0.045312 0.443359 0.010937 0.445312
0 0.151562 0.636719 0.248438 0.611328 0.262500 0.654297 0.159375 0.673828
0 0.153125 0.679688 0.242188 0.669922 0.245312 0.732422 0.154688 0.732422
0 0.164062 0.771484 0.251563 0.759766 0.256250 0.804688 0.162500 0.814453
0 0.171875 0.882812 0.279687 0.873047 0.284375 0.923828 0.170313 0.939453
0 0.346875 0.945312 0.443750 0.976562 0.429688 1.000000 0.329688 0.998047
0 0.518750 0.955078 0.593750 0.882812 0.621875 0.917969 0.545312 0.992188
0 0.512500 0.875000 0.587500 0.806641 0.617188 0.830078 0.542188 0.906250
0 0.498437 0.796875 0.576562 0.736328 0.601562 0.775391 0.523438 0.835938
0 0.484375 0.662109 0.553125 0.603516 0.581250 0.636719 0.507812 0.701172
0 0.798438 0.214844 0.882812 0.212891 0.889062 0.253906 0.803125 0.257812
0 0.884375 0.042969 0.968750 0.041016 0.978125 0.089844 0.890625 0.103516
0 0.870313 0.007812 0.960938 0.000000 0.970313 0.041016 0.876563 0.056641
0 0.812500 0.253906 0.896875 0.251953 0.903125 0.292969 0.817187 0.296875
