0 0.212500 0.578125 0.240625 0.576172 0.245312 0.673828 0.220312 0.673828
0 0.168750 0.755859 0.189062 0.734375 0.242188 0.804688 0.218750 0.826172
0 0.126562 0.791016 0.154688 0.773438 0.190625 0.875000 0.159375 0.886719
2 0.715625 0.175781 0.776563 0.244141 0.751563 0.265625 0.695312 0.205078
2 0.304688 0.529297 0.334375 0.513672 0.370312 0.611328 0.342187 0.625000
2 0.678125 0.203125 0.737500 0.246094 0.726562 0.279297 0.662500 0.232422
2 0.528125 0.492188 0.554688 0.464844 0.625000 0.560547 0.596875 0.587891
4 0.459375 0.447266 0.512500 0.503906 0.496875 0.539062 0.437500 0.484375
4 0.653125 0.236328 0.707812 0.294922 0.679688 0.322266 0.634375 0.263672
0 0.982812 0.121094 1.000000 0.167969 1.000000 0.201172 0.962500 0.148438
0 0.606250 0.283203 0.659375 0.351562 0.637500 0.371094 0.585938 0.310547
0 0.257812 0.578125 0.275000 0.562500 0.318750 0.638672 0.296875 0.662109
