0 0.231250 0.876953 0.312500 0.876953 0.312500 0.925781 0.231250 0.925781
4 0.210938 0.248047 0.273438 0.248047 0.273438 0.292969 0.210938 0.292969
4 0.206250 0.177734 0.275000 0.177734 0.275000 0.222656 0.206250 0.222656
4 0.203125 0.136719 0.268750 0.136719 0.268750 0.179688 0.203125 0.179688
4 0.209375 0.105469 0.267188 0.105469 0.267188 0.138672 0.209375 0.138672
0 0.221875 0.468750 0.295312 0.468750 0.295312 0.507812 0.221875 0.507812
0 0.221875 0.533203 0.295312 0.513672 0.303125 0.550781 0.228125 0.572266
0 0.226562 0.625000 0.300000 0.625000 0.300000 0.669922 0.226562 0.669922
0 0.220312 0.724609 0.306250 0.724609 0.306250 0.765625 0.220312 0.765625
0 0.221875 0.779297 0.306250 0.779297 0.306250 0.822266 0.221875 0.822266
0 0.226562 0.949219 0.312500 0.949219 0.312500 0.992188 0.226562 0.992188
0 0.371875 0.591797 0.404687 0.591797 0.404687 0.679688 0.371875 0.679688
0 0.368750 0.500000 0.400000 0.500000 0.400000 0.580078 0.368750 0.580078
0 0.332813 0.228516 0.360938 0.224609 0.368750 0.294922 0.340625 0.298828
0 0.326562 0.128906 0.353125 0.125000 0.364063 0.201172 0.332813 0.205078
0 0.187500 0.029297 0.264062 0.064453 0.248438 0.099609 0.173437 0.062500
1 0.687500 0.099609 0.737500 0.089844 0.751563 0.210938 0.706250 0.214844
0 0.895312 0.035156 0.965625 0.035156 0.965625 0.070312 0.895312 0.070312
0 0.895312 0.074219 0.970313 0.074219 0.970313 0.111328 0.895312 0.111328
0 0.903125 0.115234 0.975000 0.115234 0.975000 0.152344 0.903125 0.152344
0 0.909375 0.156250 0.981250 0.156250 0.981250 0.189453 0.909375 0.189453
0 0.910937 0.193359 0.982812 0.193359 0.982812 0.224609 0.910937 0.224609
0 0.925000 0.232422 0.996875 0.232422 0.996875 0.263672 0.925000 0.263672
0 0.934375 0.269531 1.000000 0.269531 1.000000 0.306641 0.934375 0.306641
0 0.950000 0.339844 1.000000 0.339844 1.000000 0.378906 0.950000 0.378906
