0 0.309375 0.460938 0.431250 0.486328 0.421875 0.548828 0.298438 0.521484
0 0.798438 0.101562 0.842187 0.146484 0.756250 0.259766 0.725000 0.218750
0 0.687500 0.085938 0.732812 0.093750 0.718750 0.234375 0.670312 0.232422
0 0.262500 0.011719 0.307812 0.031250 0.287500 0.166016 0.240625 0.152344
0 0.200000 0.000000 0.250000 0.000000 0.225000 0.140625 0.176563 0.126953
0 0.121875 0.000000 0.176563 0.000000 0.150000 0.132812 0.095312 0.113281
0 0.032813 0.000000 0.090625 0.000000 0.071875 0.126953 0.009375 0.115234
0 0.771875 0.767578 0.900000 0.796875 0.889062 0.873047 0.754687 0.841797
0 0.757812 0.871094 0.903125 0.900391 0.896875 0.966797 0.750000 0.939453
0 0.932813 0.000000 0.968750 0.007812 0.950000 0.097656 0.910937 0.085938
0 0.879687 0.000000 0.915625 0.003906 0.900000 0.082031 0.860938 0.070312
0 0.823438 0.000000 0.860938 0.000000 0.843750 0.078125 0.803125 0.060547
0 0.767188 0.000000 0.807813 0.000000 0.789062 0.072266 0.750000 0.056641
0 0.451562 0.384766 0.579688 0.404297 0.575000 0.472656 0.443750 0.449219
0 0.445312 0.488281 0.565625 0.509766 0.557813 0.566406 0.437500 0.542969
0 0.432812 0.570312 0.560937 0.591797 0.554688 0.654297 0.418750 0.636719
0 0.423438 0.650391 0.545312 0.679688 0.535937 0.736328 0.409375 0.697266
0 0.410938 0.728516 0.537500 0.765625 0.528125 0.822266 0.400000 0.792969
0 0.385937 0.820312 0.528125 0.847656 0.515625 0.912109 0.381250 0.888672
0 0.381250 0.902344 0.506250 0.935547 0.493750 1.000000 0.370312 0.978516
0 0.232813 0.867188 0.367188 0.894531 0.354687 0.964844 0.220312 0.943359
0 0.240625 0.798828 0.378125 0.814453 0.373437 0.880859 0.231250 0.865234
0 0.279687 0.707031 0.392188 0.734375 0.382812 0.794922 0.265625 0.769531
0 0.275000 0.615234 0.400000 0.634766 0.392188 0.707031 0.265625 0.689453
0 0.300000 0.541016 0.425000 0.560547 0.414062 0.626953 0.287500 0.601562
0 0.314063 0.371094 0.435937 0.394531 0.429688 0.455078 0.306250 0.443359
