0 0.928125 0.169922 0.953125 0.152344 0.984375 0.199219 0.959375 0.216797
0 0.896875 0.111328 0.923438 0.091797 0.948438 0.144531 0.923438 0.156250
0 0.826562 0.111328 0.854688 0.093750 0.882812 0.140625 0.859375 0.162109
0 0.876563 0.181641 0.903125 0.169922 0.932813 0.218750 0.907813 0.234375
0 0.918750 0.248047 0.945312 0.230469 0.975000 0.277344 0.951562 0.292969
0 0.396875 0.509766 0.453125 0.533203 0.445312 0.570312 0.385937 0.544922
0 0.626563 0.496094 0.650000 0.476562 0.692187 0.521484 0.671875 0.544922
0 0.412500 0.265625 0.448437 0.228516 0.468750 0.250000 0.431250 0.285156
0 0.443750 0.277344 0.482812 0.251953 0.503125 0.273438 0.459375 0.306641
0 0.334375 0.285156 0.381250 0.261719 0.393750 0.287109 0.348438 0.316406
0 0.385937 0.306641 0.434375 0.283203 0.451562 0.314453 0.401562 0.341797
0 0.325000 0.359375 0.365625 0.339844 0.379688 0.365234 0.337500 0.388672
0 0.262500 0.384766 0.312500 0.365234 0.323437 0.394531 0.268750 0.416016
0 0.203125 0.443359 0.264062 0.468750 0.251563 0.494141 0.193750 0.474609
0 0.025000 0.369141 0.073438 0.394531 0.057813 0.423828 0.007812 0.396484
0 0.175000 0.550781 0.229687 0.578125 0.218750 0.617188 0.159375 0.593750
3 0.701562 0.335938 0.739062 0.300781 0.814063 0.427734 0.776563 0.462891
3 0.648438 0.201172 0.687500 0.167969 0.770312 0.283203 0.725000 0.316406
3 0.543750 0.089844 0.584375 0.060547 0.654687 0.171875 0.609375 0.205078
0 0.432812 0.166016 0.457813 0.179688 0.432812 0.236328 0.404687 0.224609
3 0.237500 0.902344 0.392188 0.957031 0.379688 1.000000 0.220312 0.978516
3 0.256250 0.808594 0.401562 0.859375 0.384375 0.929688 0.237500 0.882812
3 0.135937 0.611328 0.182812 0.636719 0.093750 0.796875 0.053125 0.775391
3 0.165625 0.640625 0.215625 0.660156 0.135937 0.826172 0.089063 0.814453
3 0.221875 0.662109 0.268750 0.687500 0.200000 0.843750 0.146875 0.830078
