0 0.003125 0.275391 0.057813 0.228516 0.078125 0.255859 0.015625 0.302734
0 0.031250 0.318359 0.078125 0.271484 0.090625 0.298828 0.043750 0.333984
0 0.057813 0.326172 0.112500 0.289062 0.120313 0.316406 0.065625 0.351562
0 0.068750 0.361328 0.121875 0.318359 0.137500 0.347656 0.084375 0.384766
0 0.093750 0.375000 0.143750 0.345703 0.159375 0.367188 0.101562 0.394531
0 0.168750 0.482422 0.220312 0.443359 0.239063 0.464844 0.187500 0.509766
0 0.262500 0.613281 0.315625 0.568359 0.332813 0.595703 0.275000 0.638672
0 0.281250 0.644531 0.342187 0.597656 0.360938 0.626953 0.296875 0.669922
0 0.303125 0.675781 0.367188 0.626953 0.384375 0.654297 0.320312 0.701172
0 0.325000 0.708984 0.381250 0.662109 0.396875 0.685547 0.340625 0.730469
0 0.467187 0.896484 0.523438 0.845703 0.545312 0.880859 0.484375 0.927734
0 0.834375 0.277344 0.895312 0.275391 0.900000 0.296875 0.835938 0.306641
0 0.657813 0.140625 0.676562 0.119141 0.718750 0.154297 0.695312 0.175781
0 0.579688 0.060547 0.601562 0.044922 0.637500 0.083984 0.612500 0.097656
0 0.478125 0.689453 0.534375 0.646484 0.550000 0.673828 0.490625 0.712891
0 0.407813 0.738281 0.464062 0.697266 0.481250 0.726562 0.421875 0.767578
