0 0.382812 0.171875 0.478125 0.169922 0.481250 0.212891 0.382812 0.212891
0 0.573438 0.130859 0.618750 0.130859 0.625000 0.248047 0.576562 0.250000
0 0.460938 0.111328 0.556250 0.152344 0.537500 0.199219 0.439063 0.152344
0 0.376563 0.052734 0.479687 0.046875 0.489063 0.113281 0.379688 0.119141
0 0.595313 0.693359 0.643750 0.691406 0.653125 0.816406 0.600000 0.816406
0 0.593750 0.548828 0.639062 0.548828 0.642188 0.658203 0.595313 0.660156
0 0.590625 0.412109 0.631250 0.408203 0.637500 0.525391 0.590625 0.525391
0 0.576562 0.277344 0.618750 0.275391 0.623437 0.394531 0.578125 0.394531
0 0.717187 0.556641 0.760938 0.554688 0.776563 0.681641 0.729688 0.681641
0 0.368750 0.667969 0.482812 0.666016 0.485938 0.726562 0.367188 0.728516
0 0.368750 0.734375 0.487500 0.726562 0.489063 0.787109 0.370312 0.792969
0 0.368750 0.804688 0.484375 0.804688 0.485938 0.857422 0.367188 0.859375
0 0.365625 0.876953 0.484375 0.880859 0.485938 0.941406 0.365625 0.941406
0 0.595313 0.828125 0.637500 0.828125 0.640625 0.945312 0.596875 0.945312
0 0.365625 0.587891 0.475000 0.589844 0.478125 0.648438 0.367188 0.648438
0 0.370312 0.527344 0.465625 0.525391 0.470313 0.580078 0.373437 0.582031
0 0.370312 0.404297 0.485938 0.408203 0.485938 0.464844 0.365625 0.462891
0 0.379688 0.279297 0.487500 0.281250 0.489063 0.339844 0.378125 0.337891
0 0.373437 0.218750 0.479687 0.220703 0.482812 0.277344 0.375000 0.277344
