3 0.326562 0.277344 0.470313 0.298828 0.467187 0.363281 0.321875 0.333984
0 0.245312 0.587891 0.290625 0.599609 0.282813 0.628906 0.235937 0.611328
0 0.157812 0.552734 0.212500 0.570312 0.212500 0.599609 0.151562 0.580078
3 0.184375 0.500000 0.331250 0.552734 0.317188 0.607422 0.167187 0.558594
0 0.278125 0.476562 0.343750 0.494141 0.329688 0.527344 0.264062 0.503906
3 0.253125 0.396484 0.393750 0.445312 0.384375 0.507812 0.231250 0.464844
3 0.276562 0.355469 0.414062 0.402344 0.403125 0.445312 0.265625 0.398438
3 0.298438 0.320312 0.443750 0.363281 0.431250 0.406250 0.285938 0.363281
0 0.368750 0.267578 0.431250 0.275391 0.428125 0.302734 0.362500 0.292969
0 0.385937 0.226562 0.439063 0.244141 0.432812 0.271484 0.378125 0.253906
3 0.390625 0.152344 0.523438 0.187500 0.515625 0.246094 0.379688 0.216797
3 0.410938 0.117188 0.546875 0.156250 0.537500 0.189453 0.398438 0.150391
3 0.434375 0.082031 0.568750 0.113281 0.560937 0.156250 0.420312 0.126953
0 0.465625 0.044922 0.525000 0.060547 0.517188 0.095703 0.456250 0.080078
2 0.425000 0.000000 0.598437 0.011719 0.587500 0.072266 0.414062 0.041016
