0 0.559375 0.156250 0.587500 0.152344 0.600000 0.203125 0.567187 0.210938
0 0.050000 0.302734 0.107813 0.291016 0.112500 0.322266 0.053125 0.337891
0 0.029687 0.486328 0.095312 0.480469 0.100000 0.523438 0.029687 0.527344
0 0.745313 0.751953 0.815625 0.751953 0.818750 0.787109 0.745313 0.787109
0 0.046875 0.054688 0.107813 0.070312 0.104688 0.099609 0.039062 0.085938
0 0.003125 0.865234 0.062500 0.867188 0.057813 0.900391 0.003125 0.896484
0 0.006250 0.816406 0.054688 0.812500 0.053125 0.847656 0.006250 0.849609
0 0.009375 0.599609 0.095312 0.599609 0.092188 0.628906 0.009375 0.640625
0 0.006250 0.642578 0.084375 0.636719 0.085938 0.675781 0.009375 0.689453
0 0.181250 0.808594 0.273438 0.806641 0.273438 0.851562 0.179688 0.859375
0 0.179688 0.759766 0.268750 0.748047 0.270313 0.785156 0.179688 0.792969
0 0.178125 0.689453 0.271875 0.695312 0.271875 0.732422 0.178125 0.738281
0 0.179688 0.630859 0.276562 0.644531 0.273438 0.681641 0.179688 0.681641
0 0.185938 0.566406 0.276562 0.572266 0.278125 0.617188 0.182812 0.617188
0 0.195312 0.472656 0.270313 0.476562 0.273438 0.503906 0.193750 0.515625
0 0.198437 0.414062 0.265625 0.412109 0.265625 0.453125 0.196875 0.451172
0 0.207813 0.335938 0.275000 0.333984 0.275000 0.369141 0.209375 0.373047
0 0.565625 0.943359 0.650000 0.941406 0.650000 0.978516 0.565625 0.980469
0 0.565625 0.802734 0.629687 0.806641 0.631250 0.832031 0.567187 0.837891
0 0.557813 0.763672 0.629687 0.757812 0.629687 0.787109 0.556250 0.792969
0 0.550000 0.714844 0.621875 0.714844 0.621875 0.744141 0.556250 0.753906
0 0.532813 0.539062 0.606250 0.533203 0.610938 0.562500 0.540625 0.570312
0 0.540625 0.578125 0.610938 0.570312 0.614062 0.607422 0.542188 0.607422
0 0.556250 0.638672 0.631250 0.638672 0.634375 0.677734 0.554688 0.673828
0 0.528125 0.470703 0.603125 0.468750 0.606250 0.505859 0.532813 0.496094
0 0.767188 0.894531 0.843750 0.888672 0.845313 0.914062 0.770312 0.917969
0 0.764062 0.849609 0.832812 0.839844 0.837500 0.867188 0.762500 0.875000
0 0.731250 0.689453 0.804688 0.683594 0.809375 0.718750 0.739062 0.722656
0 0.729688 0.650391 0.801562 0.640625 0.806250 0.679688 0.734375 0.685547
0 0.707812 0.501953 0.771875 0.490234 0.778125 0.511719 0.707812 0.525391
0 0.700000 0.464844 0.765625 0.453125 0.767188 0.476562 0.704688 0.490234
0 0.689063 0.417969 0.759375 0.408203 0.764062 0.443359 0.692187 0.455078
0 0.689063 0.382812 0.750000 0.363281 0.759375 0.398438 0.690625 0.414062
0 0.668750 0.333984 0.728125 0.314453 0.742188 0.337891 0.685937 0.375000
0 0.529687 0.406250 0.606250 0.402344 0.610938 0.441406 0.532813 0.441406
0 0.528125 0.347656 0.609375 0.349609 0.615625 0.375000 0.532813 0.378906
0 0.168750 0.208984 0.240625 0.207031 0.245312 0.234375 0.176563 0.238281
0 0.181250 0.169922 0.239063 0.171875 0.242188 0.193359 0.182812 0.197266
0 0.181250 0.128906 0.239063 0.132812 0.240625 0.162109 0.181250 0.162109
0 0.182812 0.091797 0.240625 0.095703 0.243750 0.119141 0.181250 0.123047
0 0.184375 0.054688 0.248438 0.060547 0.248438 0.085938 0.185938 0.087891
0 0.179688 0.021484 0.240625 0.021484 0.240625 0.050781 0.179688 0.048828
0 0.523438 0.318359 0.598437 0.314453 0.600000 0.339844 0.526563 0.341797
0 0.523438 0.285156 0.589063 0.287109 0.590625 0.308594 0.521875 0.312500
