0 0.771875 0.226562 0.831250 0.222656 0.842187 0.386719 0.781250 0.390625
0 0.187500 0.398438 0.240625 0.394531 0.242188 0.562500 0.190625 0.562500
0 0.184375 0.242188 0.232813 0.238281 0.243750 0.390625 0.190625 0.390625
0 0.164062 0.085938 0.209375 0.080078 0.217188 0.238281 0.165625 0.244141
0 0.168750 0.000000 0.226562 0.000000 0.229687 0.080078 0.175000 0.082031
0 0.804688 0.652344 0.862500 0.648438 0.878125 0.826172 0.820312 0.832031
0 0.165625 0.574219 0.221875 0.564453 0.234375 0.728516 0.178125 0.738281
0 0.164062 0.769531 0.212500 0.755859 0.237500 0.923828 0.181250 0.939453
0 0.817187 0.894531 0.878125 0.886719 0.887500 1.000000 0.826562 1.000000
0 0.782813 0.429688 0.843750 0.421875 0.854688 0.591797 0.790625 0.599609
0 0.762500 0.037109 0.817187 0.035156 0.829688 0.173828 0.770312 0.175781
