0 0.817187 0.300781 0.898438 0.253906 0.917188 0.296875 0.832812 0.343750
0 0.707812 0.281250 0.795312 0.226562 0.812500 0.273438 0.725000 0.322266
0 0.282813 0.248047 0.373437 0.199219 0.385937 0.244141 0.298438 0.287109
0 0.251563 0.189453 0.346875 0.140625 0.362500 0.187500 0.265625 0.232422
0 0.232813 0.126953 0.325000 0.070312 0.342187 0.121094 0.243750 0.167969
0 0.218750 0.054688 0.295312 0.015625 0.312500 0.054688 0.234375 0.103516
0 0.073438 0.316406 0.164062 0.271484 0.178125 0.316406 0.085938 0.367188
0 0.046875 0.257812 0.140625 0.212891 0.151562 0.257812 0.059375 0.300781
0 0.023438 0.195312 0.120313 0.154297 0.128125 0.197266 0.029687 0.234375
0 0.003125 0.136719 0.101562 0.087891 0.112500 0.130859 0.010937 0.183594
0 0.000000 0.068359 0.082812 0.031250 0.092188 0.072266 0.004687 0.107422
0 0.000000 0.593750 0.025000 0.576172 0.054688 0.701172 0.010937 0.722656
0 0.323437 0.000000 0.360938 0.000000 0.396875 0.050781 0.351562 0.074219
0 0.481250 0.941406 0.560937 0.855469 0.590625 0.898438 0.509375 0.982422
0 0.068750 0.833984 0.162500 0.777344 0.175000 0.820312 0.079687 0.882812
0 0.000000 0.880859 0.053125 0.845703 0.062500 0.886719 0.000000 0.927734
0 0.325000 0.365234 0.362500 0.347656 0.398438 0.476562 0.357812 0.492188
0 0.259375 0.410156 0.292187 0.394531 0.325000 0.500000 0.292187 0.519531
0 0.207813 0.445312 0.245312 0.429688 0.275000 0.539062 0.235937 0.558594
0 0.150000 0.482422 0.189062 0.462891 0.217188 0.568359 0.176563 0.589844
0 0.093750 0.515625 0.128125 0.500000 0.164062 0.609375 0.126562 0.626953
0 0.057813 0.562500 0.093750 0.544922 0.125000 0.664062 0.081250 0.691406
0 0.957812 0.246094 1.000000 0.201172 1.000000 0.244141 0.982812 0.289062
