0 0.579688 0.220703 0.628125 0.185547 0.645312 0.208984 0.598437 0.242188
0 0.023438 0.250000 0.073438 0.226562 0.081250 0.250000 0.031250 0.275391
0 0.042188 0.621094 0.092188 0.595703 0.109375 0.623047 0.057813 0.652344
0 0.129688 0.781250 0.195312 0.748047 0.215625 0.781250 0.145313 0.818359
0 0.195312 0.945312 0.264062 0.906250 0.282813 0.945312 0.207813 0.980469
0 0.384375 0.835938 0.446875 0.787109 0.465625 0.820312 0.401562 0.867188
0 0.357812 0.804688 0.418750 0.755859 0.439063 0.787109 0.376563 0.832031
0 0.321875 0.732422 0.370312 0.699219 0.389062 0.728516 0.340625 0.761719
0 0.245312 0.626953 0.310937 0.582031 0.332813 0.621094 0.265625 0.662109
0 0.234375 0.599609 0.298438 0.552734 0.317188 0.587891 0.246875 0.626953
0 0.214062 0.572266 0.279687 0.531250 0.295312 0.562500 0.229687 0.603516
0 0.178125 0.515625 0.237500 0.484375 0.251563 0.513672 0.193750 0.550781
0 0.160938 0.478516 0.217188 0.437500 0.234375 0.472656 0.178125 0.507812
0 0.140625 0.447266 0.201563 0.406250 0.218750 0.439453 0.159375 0.470703
0 0.126562 0.419922 0.184375 0.388672 0.204687 0.421875 0.145313 0.457031
0 0.092188 0.378906 0.145313 0.343750 0.164062 0.375000 0.107813 0.408203
0 0.067187 0.324219 0.114062 0.287109 0.128125 0.320312 0.081250 0.349609
0 0.039062 0.300781 0.090625 0.259766 0.107813 0.291016 0.054688 0.330078
0 0.029687 0.263672 0.082812 0.234375 0.095312 0.263672 0.042188 0.291016
4 0.015625 0.214844 0.057813 0.195312 0.070312 0.226562 0.026562 0.246094
0 0.592187 0.990234 0.650000 0.941406 0.690625 0.980469 0.629687 1.000000
0 0.964063 0.603516 1.000000 0.570312 1.000000 0.601562 0.984375 0.630859
0 0.662500 0.806641 0.718750 0.765625 0.742188 0.802734 0.679688 0.843750
0 0.567187 0.863281 0.634375 0.818359 0.654687 0.859375 0.585938 0.902344
0 0.481250 0.919922 0.548438 0.871094 0.571875 0.912109 0.500000 0.957031
0 0.701562 0.623047 0.760938 0.587891 0.784375 0.619141 0.723437 0.662109
0 0.885938 0.587891 0.950000 0.632812 0.928125 0.660156 0.867188 0.613281
0 0.850000 0.537109 0.904687 0.498047 0.921875 0.531250 0.868750 0.566406
0 0.817187 0.509766 0.876563 0.458984 0.896875 0.494141 0.840625 0.541016
0 0.798438 0.486328 0.848437 0.439453 0.871875 0.470703 0.817187 0.513672
0 0.781250 0.451172 0.832812 0.410156 0.853125 0.441406 0.800000 0.480469
0 0.756250 0.427734 0.812500 0.382812 0.831250 0.419922 0.775000 0.455078
0 0.731250 0.390625 0.782813 0.361328 0.798438 0.390625 0.743750 0.417969
0 0.706250 0.369141 0.754687 0.333984 0.773438 0.367188 0.721875 0.396484
0 0.678125 0.349609 0.726562 0.304688 0.748437 0.339844 0.693750 0.376953
0 0.659375 0.322266 0.704688 0.285156 0.726562 0.312500 0.678125 0.349609
0 0.643750 0.296875 0.692187 0.263672 0.706250 0.289062 0.657813 0.324219
0 0.628125 0.277344 0.684375 0.240234 0.700000 0.265625 0.643750 0.302734
0 0.603125 0.240234 0.651563 0.203125 0.667188 0.230469 0.615625 0.261719
0 0.559375 0.205078 0.604688 0.167969 0.625000 0.189453 0.576562 0.220703
0 0.539062 0.179688 0.576562 0.148438 0.593750 0.171875 0.557813 0.201172
0 0.523438 0.154297 0.567187 0.126953 0.582812 0.150391 0.539062 0.181641
0 0.500000 0.121094 0.545312 0.091797 0.562500 0.117188 0.515625 0.144531
