0 0.353125 0.306641 0.384375 0.308594 0.384375 0.376953 0.345313 0.369141
0 0.317188 0.931641 0.360938 0.933594 0.362500 1.000000 0.318750 1.000000
0 0.321875 0.814453 0.362500 0.816406 0.362500 0.912109 0.317188 0.916016
0 0.335938 0.576172 0.376563 0.578125 0.375000 0.689453 0.331250 0.693359
0 0.348438 0.470703 0.379688 0.468750 0.382812 0.560547 0.343750 0.560547
0 0.346875 0.382812 0.378125 0.386719 0.376563 0.460938 0.340625 0.457031
0 0.373437 0.011719 0.404687 0.013672 0.404687 0.082031 0.370312 0.083984
0 0.357812 0.216797 0.389062 0.218750 0.389062 0.287109 0.354687 0.289062
0 0.367188 0.152344 0.398438 0.154297 0.398438 0.222656 0.364063 0.224609
0 0.373437 0.085938 0.404687 0.087891 0.404687 0.156250 0.370312 0.158203
0 0.482812 0.013672 0.545312 0.009766 0.546875 0.041016 0.487500 0.044922
0 0.471875 0.048828 0.546875 0.042969 0.548438 0.087891 0.475000 0.093750
0 0.473438 0.146484 0.548438 0.140625 0.550000 0.179688 0.478125 0.185547
0 0.465625 0.185547 0.548438 0.183594 0.548438 0.220703 0.470313 0.224609
0 0.462500 0.224609 0.545312 0.222656 0.550000 0.251953 0.467187 0.263672
0 0.465625 0.261719 0.554688 0.257812 0.556250 0.292969 0.470313 0.300781
0 0.475000 0.300781 0.556250 0.294922 0.557813 0.330078 0.479687 0.339844
0 0.478125 0.333984 0.553125 0.332031 0.553125 0.380859 0.476562 0.384766
0 0.464062 0.421875 0.560937 0.419922 0.560937 0.468750 0.462500 0.472656
0 0.464062 0.509766 0.553125 0.505859 0.553125 0.552734 0.460938 0.552734
0 0.462500 0.554688 0.557813 0.548828 0.557813 0.595703 0.459375 0.597656
0 0.465625 0.607422 0.551562 0.597656 0.554688 0.642578 0.462500 0.650391
0 0.465625 0.650391 0.557813 0.650391 0.557813 0.701172 0.462500 0.699219
0 0.457813 0.705078 0.560937 0.703125 0.559375 0.763672 0.456250 0.765625
0 0.454688 0.814453 0.550000 0.810547 0.553125 0.871094 0.451562 0.878906
0 0.460938 0.876953 0.551562 0.869141 0.553125 0.917969 0.457813 0.927734
0 0.453125 0.937500 0.554688 0.927734 0.557813 0.978516 0.450000 0.988281
