0 0.534375 0.656250 0.567187 0.675781 0.523438 0.761719 0.489063 0.742188
0 0.396875 0.589844 0.431250 0.587891 0.437500 0.695312 0.400000 0.697266
0 0.351562 0.560547 0.385937 0.558594 0.379688 0.667969 0.342187 0.667969
0 0.310937 0.541016 0.345313 0.539062 0.339062 0.648438 0.301563 0.648438
0 0.275000 0.507812 0.309375 0.505859 0.289062 0.621094 0.256250 0.613281
0 0.631250 0.410156 0.715625 0.384766 0.723437 0.431641 0.637500 0.462891
0 0.675000 0.242188 0.701562 0.255859 0.670312 0.345703 0.639062 0.326172
0 0.176563 0.437500 0.215625 0.433594 0.206250 0.542969 0.168750 0.541016
0 0.223438 0.482422 0.262500 0.478516 0.253125 0.587891 0.215625 0.585938
0 0.107813 0.404297 0.145313 0.390625 0.167187 0.500000 0.128125 0.515625
0 0.609375 0.478516 0.692187 0.460938 0.703125 0.507812 0.614062 0.525391
0 0.584375 0.548828 0.656250 0.525391 0.664062 0.568359 0.590625 0.587891
