0 0.395313 0.791016 0.435937 0.796875 0.428125 0.914062 0.382812 0.908203
0 0.557813 0.263672 0.598437 0.269531 0.590625 0.375000 0.551562 0.371094
0 0.470313 0.201172 0.506250 0.203125 0.498437 0.316406 0.454688 0.310547
0 0.393750 0.216797 0.437500 0.220703 0.429688 0.333984 0.382812 0.326172
0 0.584375 0.017578 0.620313 0.021484 0.610938 0.125000 0.573438 0.121094
0 0.943750 0.066406 0.975000 0.068359 0.973437 0.164062 0.937500 0.164062
4 0.531250 0.630859 0.562500 0.634766 0.557813 0.732422 0.521875 0.728516
4 0.509375 0.878906 0.545312 0.880859 0.532813 0.972656 0.496875 0.972656
0 0.928125 0.281250 0.957812 0.283203 0.960938 0.386719 0.923438 0.380859
0 0.904687 0.679688 0.939063 0.679688 0.935937 0.792969 0.904687 0.794922
