0 0.464062 0.000000 0.473438 0.000000 0.504687 0.009766 0.495312 0.027344
0 0.562500 0.000000 0.582812 0.000000 0.581250 0.041016 0.557813 0.039062
0 0.559375 0.042969 0.579688 0.046875 0.575000 0.091797 0.553125 0.089844
0 0.423438 0.029297 0.440625 0.029297 0.435937 0.080078 0.418750 0.078125
0 0.454688 0.087891 0.495312 0.111328 0.484375 0.134766 0.443750 0.107422
0 0.462500 0.056641 0.496875 0.082031 0.485938 0.105469 0.450000 0.076172
0 0.460938 0.039062 0.506250 0.062500 0.496875 0.082031 0.451562 0.058594
0 0.467187 0.011719 0.509375 0.035156 0.503125 0.058594 0.457813 0.035156
0 0.476562 0.869141 0.504687 0.871094 0.503125 0.941406 0.473438 0.939453
0 0.889062 0.257812 0.934375 0.224609 0.946875 0.248047 0.903125 0.283203
0 0.826562 0.224609 0.843750 0.208984 0.871875 0.253906 0.856250 0.269531
4 0.340625 0.921875 0.398438 0.960938 0.381250 0.996094 0.325000 0.955078
0 0.873437 0.460938 0.896875 0.460938 0.898438 0.517578 0.873437 0.517578
0 0.346875 0.880859 0.398438 0.923828 0.382812 0.951172 0.331250 0.908203
0 0.875000 0.593750 0.900000 0.591797 0.903125 0.656250 0.878125 0.658203
0 0.876563 0.527344 0.896875 0.525391 0.900000 0.582031 0.878125 0.583984
0 0.867188 0.386719 0.889062 0.382812 0.893750 0.439453 0.871875 0.441406
0 0.332813 0.863281 0.351562 0.841797 0.409375 0.894531 0.385937 0.916016
0 0.342187 0.812500 0.364063 0.789062 0.409375 0.847656 0.387500 0.869141
0 0.364063 0.750000 0.420312 0.794922 0.404687 0.828125 0.346875 0.781250
0 0.485938 0.787109 0.512500 0.791016 0.509375 0.867188 0.479687 0.861328
0 0.492188 0.705078 0.521875 0.705078 0.518750 0.781250 0.487500 0.779297
0 0.378125 0.675781 0.434375 0.710938 0.420312 0.740234 0.362500 0.705078
0 0.518750 0.457031 0.546875 0.457031 0.542188 0.523438 0.512500 0.519531
0 0.509375 0.537109 0.534375 0.539062 0.531250 0.601562 0.503125 0.597656
0 0.395313 0.525391 0.445312 0.568359 0.429688 0.595703 0.379688 0.554688
0 0.396875 0.490234 0.453125 0.527344 0.442188 0.556641 0.384375 0.517578
0 0.404687 0.457031 0.451562 0.494141 0.439063 0.519531 0.389062 0.480469
0 0.395313 0.443359 0.414062 0.419922 0.454688 0.462891 0.435937 0.488281
0 0.521875 0.380859 0.548438 0.384766 0.540625 0.443359 0.515625 0.439453
0 0.529687 0.322266 0.553125 0.322266 0.550000 0.380859 0.526563 0.376953
0 0.420312 0.359375 0.462500 0.394531 0.448437 0.419922 0.404687 0.380859
4 0.425000 0.320312 0.465625 0.357422 0.450000 0.380859 0.409375 0.343750
0 0.431250 0.294922 0.478125 0.332031 0.462500 0.355469 0.415625 0.320312
0 0.418750 0.289062 0.432812 0.271484 0.470313 0.302734 0.459375 0.320312
0 0.432812 0.246094 0.479687 0.273438 0.467187 0.294922 0.423438 0.267578
0 0.540625 0.205078 0.565625 0.207031 0.559375 0.265625 0.534375 0.263672
0 0.435937 0.214844 0.487500 0.246094 0.478125 0.267578 0.425000 0.238281
0 0.404687 0.210938 0.426563 0.212891 0.418750 0.271484 0.396875 0.271484
0 0.446875 0.191406 0.489063 0.216797 0.478125 0.242188 0.434375 0.214844
0 0.446875 0.140625 0.485938 0.164062 0.476562 0.185547 0.435937 0.160156
0 0.454688 0.111328 0.492188 0.136719 0.482812 0.158203 0.442188 0.130859
