0 0.070312 0.021484 0.092188 0.021484 0.093750 0.072266 0.065625 0.072266
4 0.009375 0.343750 0.031250 0.343750 0.035937 0.408203 0.010937 0.412109
0 0.010937 0.601562 0.040625 0.599609 0.043750 0.683594 0.007812 0.685547
0 0.559375 0.884766 0.640625 0.865234 0.650000 0.908203 0.564063 0.923828
0 0.698438 0.785156 0.721875 0.783203 0.740625 0.841797 0.714063 0.845703
0 0.740625 0.775391 0.771875 0.775391 0.781250 0.837891 0.748437 0.839844
0 0.790625 0.759766 0.818750 0.759766 0.829688 0.851562 0.796875 0.855469
0 0.854688 0.750000 0.884375 0.744141 0.903125 0.822266 0.873437 0.828125
0 0.898438 0.746094 0.925000 0.740234 0.948438 0.816406 0.918750 0.826172
0 0.939063 0.736328 0.967187 0.734375 0.989062 0.816406 0.956250 0.822266
0 0.935937 0.269531 0.964063 0.267578 0.987500 0.333984 0.957812 0.337891
0 0.714063 0.261719 0.739062 0.261719 0.757812 0.328125 0.729688 0.328125
0 0.682813 0.076172 0.704688 0.070312 0.721875 0.125000 0.698438 0.128906
