0 0.631250 0.296875 0.659375 0.296875 0.665625 0.359375 0.634375 0.363281
0 0.665625 0.255859 0.696875 0.248047 0.698438 0.308594 0.668750 0.314453
0 0.732812 0.300781 0.775000 0.294922 0.773438 0.322266 0.732812 0.324219
0 0.718750 0.330078 0.781250 0.328125 0.784375 0.351562 0.718750 0.361328
0 0.726562 0.369141 0.782813 0.351562 0.787500 0.386719 0.729688 0.386719
0 0.725000 0.390625 0.793750 0.392578 0.796875 0.423828 0.726562 0.421875
0 0.568750 0.460938 0.642188 0.462891 0.642188 0.500000 0.570312 0.494141
0 0.631250 0.458984 0.651563 0.439453 0.695312 0.494141 0.673438 0.511719
0 0.718750 0.427734 0.789062 0.425781 0.790625 0.453125 0.718750 0.455078
0 0.742188 0.462891 0.800000 0.453125 0.803125 0.472656 0.743750 0.480469
0 0.739062 0.480469 0.806250 0.474609 0.806250 0.507812 0.739062 0.513672
0 0.640625 0.509766 0.676562 0.505859 0.676562 0.576172 0.643750 0.576172
0 0.748437 0.521484 0.810937 0.509766 0.815625 0.539062 0.750000 0.554688
0 0.756250 0.558594 0.817187 0.539062 0.821875 0.574219 0.760938 0.582031
0 0.746875 0.585938 0.812500 0.578125 0.815625 0.611328 0.750000 0.621094
0 0.643750 0.589844 0.676562 0.576172 0.703125 0.648438 0.668750 0.658203
2 0.389062 0.035156 0.431250 0.041016 0.431250 0.218750 0.379688 0.218750
2 0.373437 0.244141 0.415625 0.246094 0.418750 0.480469 0.371875 0.478516
2 0.371875 0.501953 0.420312 0.496094 0.426563 0.781250 0.371875 0.777344
2 0.362500 0.796875 0.414062 0.792969 0.417187 1.000000 0.362500 1.000000
2 0.298438 0.830078 0.350000 0.828125 0.339062 1.000000 0.287500 1.000000
0 0.531250 0.908203 0.571875 0.908203 0.576562 0.996094 0.537500 1.000000
0 0.589063 0.806641 0.665625 0.798828 0.668750 0.833984 0.595313 0.853516
0 0.671875 0.791016 0.737500 0.781250 0.743750 0.820312 0.673438 0.826172
0 0.754687 0.742188 0.834375 0.744141 0.840625 0.777344 0.754687 0.773438
0 0.760938 0.708984 0.829688 0.697266 0.829688 0.740234 0.759375 0.738281
0 0.759375 0.671875 0.825000 0.664062 0.828125 0.695312 0.759375 0.699219
0 0.612500 0.708984 0.662500 0.673828 0.678125 0.699219 0.628125 0.736328
0 0.207813 0.064453 0.234375 0.068359 0.225000 0.126953 0.198437 0.125000
0 0.746875 0.623047 0.818750 0.611328 0.820312 0.656250 0.746875 0.658203
0 0.126562 0.791016 0.167187 0.794922 0.157812 0.865234 0.118750 0.861328
0 0.140625 0.691406 0.178125 0.695312 0.168750 0.792969 0.125000 0.787109
0 0.157812 0.539062 0.193750 0.542969 0.182812 0.626953 0.146875 0.619141
0 0.287500 0.392578 0.326562 0.398438 0.320312 0.476562 0.276562 0.478516
0 0.046875 0.035156 0.098437 0.044922 0.093750 0.072266 0.040625 0.058594
0 0.031250 0.066406 0.082812 0.078125 0.078125 0.105469 0.023438 0.087891
0 0.026562 0.089844 0.075000 0.111328 0.065625 0.132812 0.017188 0.107422
0 0.075000 0.287109 0.135937 0.275391 0.137500 0.306641 0.076563 0.318359
0 0.076563 0.259766 0.132812 0.246094 0.137500 0.271484 0.078125 0.285156
0 0.081250 0.226562 0.139063 0.218750 0.139063 0.248047 0.081250 0.251953
0 0.160938 0.203125 0.217188 0.173828 0.229687 0.199219 0.175000 0.230469
0 0.089063 0.197266 0.139063 0.193359 0.140625 0.216797 0.087500 0.220703
0 0.093750 0.166016 0.156250 0.158203 0.153125 0.191406 0.093750 0.191406
0 0.153125 0.146484 0.190625 0.123047 0.209375 0.150391 0.164062 0.169922
0 0.506250 0.000000 0.532813 0.000000 0.534375 0.029297 0.504687 0.029297
0 0.503125 0.042969 0.535937 0.042969 0.535937 0.093750 0.503125 0.091797
0 0.509375 0.107422 0.534375 0.103516 0.537500 0.158203 0.509375 0.162109
0 0.510938 0.175781 0.537500 0.171875 0.540625 0.234375 0.509375 0.232422
0 0.512500 0.257812 0.545312 0.255859 0.546875 0.318359 0.512500 0.316406
0 0.517188 0.496094 0.550000 0.496094 0.550000 0.562500 0.518750 0.564453
0 0.521875 0.574219 0.553125 0.570312 0.557813 0.638672 0.523438 0.638672
0 0.520312 0.660156 0.557813 0.646484 0.576562 0.716797 0.542188 0.728516
0 0.584375 0.373047 0.654687 0.367188 0.656250 0.406250 0.587500 0.412109
0 0.662500 0.089844 0.685937 0.087891 0.690625 0.142578 0.665625 0.146484
0 0.701562 0.156250 0.728125 0.150391 0.732812 0.212891 0.704688 0.216797
0 0.757812 0.220703 0.779687 0.238281 0.756250 0.275391 0.734375 0.255859
