4 0.307812 0.734375 0.334375 0.750000 0.309375 0.806641 0.281250 0.791016
0 0.762500 0.324219 0.806250 0.302734 0.817187 0.328125 0.771875 0.347656
0 0.735938 0.306641 0.785937 0.277344 0.793750 0.296875 0.745313 0.330078
0 0.612500 0.136719 0.660937 0.113281 0.675000 0.136719 0.628125 0.162109
0 0.620313 0.160156 0.668750 0.136719 0.682813 0.160156 0.635938 0.185547
0 0.090625 0.332031 0.151562 0.361328 0.143750 0.390625 0.078125 0.369141
0 0.528125 0.033203 0.581250 0.021484 0.589063 0.044922 0.532813 0.056641
0 0.785937 0.357422 0.829688 0.326172 0.843750 0.347656 0.803125 0.378906
0 0.578125 0.060547 0.621875 0.060547 0.621875 0.083984 0.578125 0.083984
0 0.584375 0.080078 0.639062 0.080078 0.639062 0.107422 0.584375 0.107422
0 0.601562 0.113281 0.643750 0.095703 0.654687 0.115234 0.612500 0.134766
0 0.642188 0.177734 0.690625 0.154297 0.704688 0.177734 0.657813 0.203125
0 0.676562 0.226562 0.723437 0.203125 0.735938 0.224609 0.690625 0.248047
0 0.778125 0.113281 0.800000 0.097656 0.828125 0.140625 0.809375 0.156250
0 0.715625 0.132812 0.739062 0.121094 0.759375 0.166016 0.740625 0.175781
0 0.700000 0.248047 0.743750 0.218750 0.754687 0.238281 0.714063 0.267578
0 0.725000 0.267578 0.762500 0.244141 0.775000 0.265625 0.739062 0.291016
0 0.101562 0.386719 0.165625 0.386719 0.165625 0.423828 0.101562 0.423828
0 0.550000 0.056641 0.593750 0.042969 0.603125 0.060547 0.556250 0.080078
0 0.810937 0.250000 0.829688 0.240234 0.854688 0.281250 0.837500 0.292969
0 0.760938 0.199219 0.784375 0.181641 0.807813 0.224609 0.787500 0.240234
0 0.806250 0.382812 0.848437 0.353516 0.864062 0.375000 0.821875 0.404297
0 0.098437 0.710938 0.168750 0.710938 0.168750 0.750000 0.098437 0.750000
