0 0.334375 0.027344 0.354687 0.027344 0.353125 0.080078 0.331250 0.078125
0 0.320312 0.140625 0.346875 0.144531 0.346875 0.199219 0.317188 0.201172
0 0.318750 0.201172 0.342187 0.203125 0.343750 0.261719 0.318750 0.261719
0 0.312500 0.263672 0.337500 0.261719 0.339062 0.335938 0.310937 0.335938
0 0.628125 0.000000 0.653125 0.000000 0.659375 0.042969 0.635938 0.041016
0 0.635938 0.052734 0.662500 0.048828 0.665625 0.099609 0.637500 0.099609
0 0.637500 0.121094 0.660937 0.121094 0.670312 0.164062 0.645312 0.164062
0 0.307812 0.347656 0.334375 0.345703 0.331250 0.408203 0.309375 0.408203
0 0.301563 0.412109 0.328125 0.410156 0.331250 0.482422 0.304688 0.482422
0 0.306250 0.490234 0.329688 0.488281 0.331250 0.550781 0.306250 0.552734
0 0.295312 0.652344 0.320312 0.654297 0.318750 0.730469 0.290625 0.726562
0 0.675000 0.494141 0.701562 0.490234 0.715625 0.556641 0.682813 0.558594
0 0.660937 0.388672 0.690625 0.386719 0.690625 0.455078 0.665625 0.457031
0 0.659375 0.302734 0.690625 0.302734 0.696875 0.375000 0.662500 0.376953
0 0.654687 0.248047 0.682813 0.244141 0.690625 0.294922 0.662500 0.292969
0 0.129688 0.873047 0.196875 0.845703 0.204687 0.888672 0.139063 0.916016
0 0.643750 0.179688 0.670312 0.181641 0.675000 0.232422 0.646875 0.232422
0 0.142187 0.820312 0.220312 0.791016 0.234375 0.830078 0.159375 0.863281
0 0.293750 0.751953 0.321875 0.751953 0.321875 0.833984 0.285938 0.833984
0 0.523438 0.691406 0.550000 0.705078 0.520312 0.781250 0.492188 0.767578
0 0.704688 0.941406 0.739062 0.937500 0.748437 1.000000 0.714063 1.000000
0 0.689063 0.742188 0.725000 0.742188 0.728125 0.822266 0.696875 0.824219
4 0.221875 0.677734 0.248438 0.679688 0.235937 0.755859 0.209375 0.753906
0 0.145313 0.658203 0.214062 0.638672 0.223438 0.673828 0.154688 0.695312
0 0.298438 0.560547 0.323437 0.564453 0.323437 0.640625 0.292187 0.638672
0 0.156250 0.609375 0.210938 0.578125 0.223438 0.615234 0.167187 0.640625
0 0.170313 0.550781 0.225000 0.531250 0.239063 0.574219 0.185938 0.599609
0 0.176563 0.503906 0.239063 0.500000 0.235937 0.542969 0.173437 0.550781
0 0.184375 0.460938 0.235937 0.414062 0.256250 0.445312 0.201563 0.486328
0 0.181250 0.388672 0.251563 0.388672 0.250000 0.427734 0.178125 0.429688
0 0.196875 0.371094 0.256250 0.359375 0.260937 0.394531 0.198437 0.398438
0 0.179688 0.337891 0.234375 0.308594 0.250000 0.337891 0.193750 0.369141
0 0.201563 0.289062 0.254688 0.267578 0.262500 0.302734 0.209375 0.326172
0 0.204687 0.218750 0.257812 0.193359 0.265625 0.218750 0.215625 0.242188
0 0.200000 0.166016 0.259375 0.146484 0.268750 0.181641 0.204687 0.201172
0 0.209375 0.130859 0.256250 0.097656 0.271875 0.119141 0.220312 0.154297
0 0.210938 0.093750 0.260937 0.064453 0.276562 0.091797 0.229687 0.121094
0 0.209375 0.068359 0.253125 0.041016 0.265625 0.070312 0.220312 0.097656
0 0.223438 0.033203 0.273438 0.019531 0.282813 0.056641 0.231250 0.068359
0 0.218750 0.009766 0.268750 0.000000 0.281250 0.027344 0.225000 0.041016
0 0.331250 0.072266 0.357812 0.072266 0.353125 0.136719 0.325000 0.134766
2 0.376563 0.000000 0.407813 0.000000 0.404687 0.164062 0.368750 0.167969
2 0.359375 0.183594 0.392188 0.183594 0.384375 0.404297 0.348438 0.404297
2 0.337500 0.617188 0.378125 0.615234 0.381250 0.908203 0.334375 0.912109
0 0.123438 0.976562 0.204687 0.974609 0.203125 1.000000 0.118750 1.000000
0 0.276562 0.945312 0.309375 0.941406 0.309375 1.000000 0.278125 1.000000
0 0.281250 0.841797 0.310937 0.843750 0.309375 0.929688 0.278125 0.931641
0 0.118750 0.929688 0.178125 0.902344 0.193750 0.937500 0.126562 0.964844
