2 0.748437 0.894531 0.798438 0.886719 0.810937 1.000000 0.760938 1.000000
1 0.884375 0.464844 0.928125 0.457031 0.942187 0.574219 0.903125 0.578125
4 0.712500 0.390625 0.745313 0.382812 0.757812 0.468750 0.723437 0.474609
0 0.842187 0.171875 0.878125 0.167969 0.887500 0.246094 0.856250 0.248047
4 0.000000 0.787109 0.034375 0.750000 0.043750 0.789062 0.000000 0.824219
0 0.000000 0.839844 0.020313 0.843750 0.020313 0.878906 0.000000 0.875000
0 0.000000 0.902344 0.021875 0.900391 0.028125 0.935547 0.000000 0.939453
0 0.046875 0.953125 0.139063 0.957031 0.140625 1.000000 0.043750 0.998047
0 0.056250 0.894531 0.140625 0.884766 0.139063 0.925781 0.057813 0.931641
0 0.057813 0.824219 0.146875 0.820312 0.150000 0.865234 0.056250 0.865234
0 0.135937 0.441406 0.210938 0.439453 0.215625 0.478516 0.139063 0.480469
0 0.140625 0.384766 0.218750 0.384766 0.215625 0.421875 0.140625 0.416016
0 0.139063 0.324219 0.220312 0.316406 0.220312 0.355469 0.140625 0.359375
0 0.148438 0.275391 0.215625 0.271484 0.217188 0.304688 0.150000 0.310547
0 0.146875 0.218750 0.220312 0.216797 0.218750 0.251953 0.145313 0.253906
0 0.148438 0.179688 0.221875 0.173828 0.223438 0.207031 0.148438 0.212891
0 0.157812 0.136719 0.215625 0.132812 0.215625 0.166016 0.154688 0.164062
2 0.270313 0.187500 0.312500 0.187500 0.310937 0.500000 0.262500 0.501953
2 0.270313 0.000000 0.317188 0.000000 0.310937 0.146484 0.270313 0.142578
2 0.368750 0.580078 0.409375 0.570312 0.414062 0.751953 0.370312 0.755859
0 0.179688 0.085938 0.246875 0.083984 0.246875 0.125000 0.179688 0.121094
0 0.168750 0.025391 0.231250 0.027344 0.231250 0.058594 0.164062 0.056641
2 0.810937 0.003906 0.860938 0.000000 0.882812 0.134766 0.837500 0.142578
4 0.917188 0.623047 0.943750 0.619141 0.956250 0.718750 0.925000 0.718750
1 0.925000 0.761719 0.967187 0.759766 0.967187 0.884766 0.935937 0.880859
