0 0.968750 0.359375 1.000000 0.429688 1.000000 0.468750 0.943750 0.394531
0 0.825000 0.494141 0.907813 0.574219 0.875000 0.632812 0.792188 0.550781
0 0.798438 0.560547 0.870313 0.628906 0.843750 0.679688 0.767188 0.605469
0 0.710938 0.673828 0.781250 0.750000 0.753125 0.796875 0.682813 0.720703
0 0.653125 0.753906 0.731250 0.828125 0.703125 0.876953 0.626563 0.800781
0 0.598437 0.828125 0.671875 0.908203 0.635938 0.958984 0.560937 0.878906
0 0.543750 0.898438 0.625000 0.974609 0.584375 1.000000 0.512500 0.941406
0 0.475000 0.970703 0.510938 0.937500 0.562500 1.000000 0.525000 1.000000
0 0.425000 0.732422 0.451562 0.767578 0.381250 0.851562 0.356250 0.818359
0 0.881250 0.097656 0.920312 0.087891 0.928125 0.195312 0.884375 0.203125
0 0.226562 0.039062 0.298438 0.000000 0.328125 0.001953 0.257812 0.076172
0 0.212500 0.052734 0.250000 0.085938 0.189062 0.183594 0.156250 0.150391
0 0.134375 0.179688 0.168750 0.220703 0.100000 0.310547 0.070312 0.267578
0 0.000000 0.357422 0.060937 0.291016 0.087500 0.335938 0.014063 0.406250
0 0.910937 0.416016 0.975000 0.484375 0.951562 0.523438 0.882812 0.453125
