0 0.553125 0.248047 0.639062 0.160156 0.664062 0.199219 0.584375 0.283203
0 0.343750 0.671875 0.473438 0.720703 0.457813 0.777344 0.335938 0.730469
0 0.418750 0.591797 0.535937 0.660156 0.517188 0.701172 0.403125 0.644531
0 0.892188 0.083984 1.000000 0.117188 1.000000 0.179688 0.881250 0.146484
0 0.779687 0.212891 0.892188 0.257812 0.879687 0.306641 0.759375 0.267578
0 0.368750 0.445312 0.450000 0.369141 0.476562 0.410156 0.400000 0.494141
0 0.725000 0.273438 0.843750 0.310547 0.832812 0.371094 0.712500 0.332031
0 0.646875 0.349609 0.765625 0.376953 0.756250 0.437500 0.642188 0.404297
0 0.256250 0.566406 0.335938 0.476562 0.368750 0.525391 0.282813 0.613281
0 0.662500 0.142578 0.754687 0.046875 0.779687 0.078125 0.693750 0.169922
4 0.895312 0.535156 0.931250 0.517578 0.998437 0.638672 0.954688 0.673828
0 0.840625 0.574219 0.887500 0.552734 0.923438 0.683594 0.882812 0.701172
0 0.145313 0.908203 0.281250 0.935547 0.271875 1.000000 0.132812 0.966797
0 0.225000 0.826172 0.356250 0.865234 0.350000 0.921875 0.210938 0.894531
0 0.295312 0.751953 0.404687 0.796875 0.387500 0.845703 0.281250 0.806641
0 0.056250 0.654297 0.110937 0.654297 0.107813 0.826172 0.054688 0.824219
