0 0.348438 0.767578 0.454688 0.818359 0.431250 0.869141 0.339062 0.822266
0 0.360938 0.691406 0.456250 0.732422 0.435937 0.789062 0.348438 0.746094
0 0.354687 0.619141 0.450000 0.667969 0.429688 0.716797 0.340625 0.671875
0 0.353125 0.550781 0.454688 0.587891 0.435937 0.644531 0.343750 0.607422
0 0.350000 0.326172 0.453125 0.359375 0.434375 0.414062 0.345313 0.373047
0 0.345313 0.259766 0.442188 0.292969 0.425000 0.339844 0.335938 0.308594
0 0.350000 0.197266 0.448437 0.238281 0.432812 0.279297 0.340625 0.246094
0 0.385937 0.125000 0.465625 0.179688 0.448437 0.222656 0.362500 0.177734
0 0.587500 0.000000 0.704688 0.000000 0.703125 0.037109 0.592187 0.041016
0 0.593750 0.046875 0.704688 0.044922 0.703125 0.105469 0.592187 0.103516
0 0.598437 0.105469 0.689063 0.103516 0.693750 0.160156 0.595313 0.167969
0 0.659375 0.318359 0.764062 0.320312 0.756250 0.380859 0.659375 0.378906
0 0.687500 0.386719 0.792188 0.390625 0.792188 0.447266 0.685937 0.449219
0 0.581250 0.384766 0.684375 0.400391 0.679688 0.451172 0.578125 0.437500
0 0.598437 0.455078 0.698438 0.468750 0.695312 0.519531 0.598437 0.519531
0 0.700000 0.472656 0.793750 0.474609 0.790625 0.523438 0.703125 0.525391
0 0.625000 0.550781 0.725000 0.550781 0.723437 0.597656 0.631250 0.605469
0 0.623437 0.619141 0.729688 0.628906 0.726562 0.683594 0.623437 0.681641
