1 0.460938 0.503906 0.704688 0.375000 0.753125 0.445312 0.498437 0.580078
1 0.456250 0.605469 0.726562 0.429688 0.760938 0.521484 0.484375 0.656250
1 0.464062 0.658203 0.706250 0.496094 0.757812 0.580078 0.501563 0.753906
1 0.604688 0.841797 0.685937 0.769531 0.929688 1.000000 0.892188 1.000000
0 0.618750 0.314453 0.660937 0.308594 0.673438 0.382812 0.635938 0.388672
0 0.784375 0.695312 0.817187 0.662109 0.878125 0.738281 0.839063 0.769531
2 0.178125 0.906250 0.435937 0.687500 0.476562 0.755859 0.226562 0.962891
2 0.129688 0.847656 0.396875 0.638672 0.439063 0.695312 0.173437 0.917969
2 0.140625 0.685547 0.256250 0.617188 0.293750 0.699219 0.168750 0.757812
2 0.000000 0.857422 0.059375 0.794922 0.089063 0.878906 0.000000 0.937500
