0 0.368750 0.625000 0.400000 0.613281 0.434375 0.693359 0.401562 0.716797
0 0.392188 0.246094 0.417187 0.255859 0.406250 0.353516 0.371875 0.345703
0 0.390625 0.146484 0.415625 0.148438 0.417187 0.234375 0.390625 0.236328
0 0.335938 0.363281 0.421875 0.353516 0.431250 0.394531 0.339062 0.408203
0 0.334375 0.906250 0.420312 0.902344 0.425000 0.947266 0.335938 0.953125
0 0.151562 0.792969 0.239063 0.808594 0.239063 0.857422 0.145313 0.853516
0 0.414062 0.720703 0.448437 0.720703 0.431250 0.826172 0.398438 0.820312
0 0.364063 0.714844 0.398438 0.714844 0.381250 0.820312 0.348438 0.814453
0 0.317188 0.691406 0.351562 0.691406 0.339062 0.802734 0.300000 0.800781
0 0.267188 0.691406 0.301563 0.691406 0.289062 0.802734 0.250000 0.800781
0 0.223438 0.675781 0.257812 0.675781 0.245312 0.787109 0.206250 0.785156
0 0.175000 0.662109 0.209375 0.673828 0.193750 0.771484 0.156250 0.759766
0 0.126562 0.671875 0.160938 0.671875 0.139063 0.775391 0.104688 0.775391
0 0.153125 0.458984 0.187500 0.458984 0.173437 0.560547 0.140625 0.554688
0 0.196875 0.482422 0.231250 0.482422 0.220312 0.587891 0.184375 0.589844
0 0.243750 0.486328 0.278125 0.486328 0.270313 0.595703 0.232813 0.593750
0 0.379688 0.513672 0.410938 0.513672 0.404687 0.603516 0.367188 0.595703
0 0.339062 0.500000 0.370312 0.500000 0.354687 0.601562 0.326562 0.597656
0 0.425000 0.505859 0.456250 0.505859 0.440625 0.607422 0.412500 0.603516
0 0.470313 0.513672 0.501563 0.513672 0.489063 0.605469 0.459375 0.601562
0 0.514062 0.519531 0.545312 0.527344 0.534375 0.613281 0.501563 0.603516
0 0.873437 0.326172 0.953125 0.326172 0.962500 0.365234 0.875000 0.373047
0 0.910937 0.544922 0.945312 0.542969 0.956250 0.640625 0.915625 0.644531
