0 0.476562 0.392578 0.528125 0.359375 0.545312 0.386719 0.498437 0.421875
0 0.478125 0.343750 0.504687 0.361328 0.470313 0.406250 0.443750 0.386719
0 0.410938 0.361328 0.445312 0.322266 0.471875 0.341797 0.435937 0.380859
0 0.354687 0.335938 0.403125 0.289062 0.429688 0.316406 0.378125 0.361328
0 0.329688 0.316406 0.368750 0.269531 0.396875 0.292969 0.356250 0.337891
0 0.315625 0.259766 0.345313 0.267578 0.334375 0.312500 0.303125 0.306641
0 0.626563 0.000000 0.651563 0.013672 0.628125 0.054688 0.601562 0.039062
0 0.998437 0.861328 1.000000 0.875000 0.996875 0.947266 0.964063 0.929688
0 0.862500 0.751953 0.928125 0.792969 0.917188 0.828125 0.846875 0.781250
0 0.828125 0.808594 0.850000 0.787109 0.898438 0.833984 0.879687 0.857422
0 0.823438 0.822266 0.885938 0.867188 0.873437 0.900391 0.804688 0.849609
0 0.803125 0.855469 0.864062 0.896484 0.853125 0.927734 0.789062 0.886719
0 0.793750 0.896484 0.864062 0.939453 0.850000 0.974609 0.781250 0.931641
0 0.370312 0.617188 0.389062 0.593750 0.445312 0.628906 0.426563 0.656250
0 0.343750 0.632812 0.376563 0.617188 0.409375 0.683594 0.379688 0.701172
0 0.306250 0.679688 0.332813 0.654297 0.384375 0.705078 0.359375 0.734375
0 0.123438 0.941406 0.151562 0.906250 0.210938 0.964844 0.185938 0.996094
