0 0.331250 0.488281 0.367188 0.486328 0.373437 0.599609 0.337500 0.603516
0 0.768750 0.519531 0.828125 0.519531 0.829688 0.556641 0.770312 0.558594
0 0.803125 0.675781 0.857812 0.671875 0.860938 0.703125 0.806250 0.708984
0 0.795312 0.642578 0.865625 0.636719 0.865625 0.671875 0.795312 0.675781
0 0.876563 0.283203 0.939063 0.279297 0.943750 0.306641 0.876563 0.316406
0 0.889062 0.339844 0.956250 0.337891 0.957812 0.375000 0.889062 0.375000
0 0.926562 0.501953 1.000000 0.498047 1.000000 0.533203 0.925000 0.535156
0 0.937500 0.537109 1.000000 0.535156 1.000000 0.566406 0.939063 0.566406
0 0.951562 0.570312 1.000000 0.570312 1.000000 0.609375 0.946875 0.607422
0 0.220312 0.203125 0.281250 0.208984 0.275000 0.236328 0.215625 0.228516
0 0.220312 0.228516 0.281250 0.238281 0.276562 0.263672 0.218750 0.255859
0 0.225000 0.255859 0.273438 0.285156 0.257812 0.312500 0.209375 0.281250
0 0.212500 0.292969 0.268750 0.316406 0.254688 0.339844 0.204687 0.314453
0 0.212500 0.322266 0.270313 0.351562 0.257812 0.376953 0.204687 0.345703
0 0.212500 0.359375 0.264062 0.390625 0.248438 0.414062 0.200000 0.386719
0 0.207813 0.402344 0.260937 0.431641 0.246875 0.457031 0.195312 0.423828
0 0.189062 0.462891 0.209375 0.441406 0.267188 0.478516 0.242188 0.500000
0 0.200000 0.511719 0.220312 0.490234 0.268750 0.529297 0.240625 0.550781
0 0.210938 0.542969 0.253125 0.572266 0.237500 0.595703 0.196875 0.564453
0 0.190625 0.599609 0.214062 0.582031 0.262500 0.628906 0.237500 0.648438
0 0.206250 0.628906 0.254688 0.667969 0.237500 0.693359 0.187500 0.656250
0 0.109375 0.701172 0.140625 0.701172 0.137500 0.777344 0.103125 0.779297
0 0.185938 0.718750 0.246875 0.687500 0.259375 0.716797 0.196875 0.750000
0 0.176563 0.771484 0.246875 0.718750 0.259375 0.746094 0.185938 0.796875
0 0.175000 0.820312 0.239063 0.773438 0.253125 0.796875 0.187500 0.837891
0 0.182812 0.857422 0.237500 0.824219 0.254688 0.853516 0.200000 0.888672
0 0.164062 0.937500 0.223438 0.886719 0.242188 0.908203 0.179688 0.958984
0 0.164062 0.998047 0.229687 0.939453 0.253125 0.966797 0.189062 1.000000
