0 0.387500 0.392578 0.410938 0.410156 0.378125 0.449219 0.359375 0.429688
0 0.112500 0.662109 0.160938 0.652344 0.165625 0.693359 0.112500 0.699219
0 0.000000 0.785156 0.026562 0.818359 0.015625 0.841797 0.000000 0.808594
0 0.050000 0.765625 0.085938 0.798828 0.075000 0.822266 0.035937 0.789062
0 0.000000 0.066406 0.007812 0.099609 0.000000 0.123047 0.000000 0.089844
0 0.000000 0.029297 0.025000 0.062500 0.014063 0.085938 0.000000 0.052734
0 0.040625 0.011719 0.076563 0.044922 0.065625 0.068359 0.026562 0.035156
0 0.287500 0.279297 0.323437 0.312500 0.312500 0.335938 0.273438 0.302734
0 0.320312 0.271484 0.356250 0.304688 0.345313 0.328125 0.306250 0.294922
0 0.343750 0.244141 0.379688 0.277344 0.368750 0.300781 0.329688 0.267578
0 0.365625 0.232422 0.401562 0.265625 0.390625 0.289062 0.351562 0.255859
0 0.385937 0.203125 0.421875 0.236328 0.410938 0.259766 0.371875 0.226562
0 0.415625 0.150391 0.451562 0.183594 0.440625 0.207031 0.401562 0.173828
0 0.975000 0.019531 1.000000 0.052734 1.000000 0.076172 0.960938 0.042969
0 0.959375 0.041016 0.995313 0.074219 0.984375 0.097656 0.945312 0.064453
0 0.921875 0.068359 0.957812 0.101562 0.946875 0.125000 0.907813 0.091797
0 0.898438 0.089844 0.934375 0.123047 0.923438 0.146484 0.884375 0.113281
0 0.884375 0.115234 0.920312 0.148438 0.909375 0.171875 0.870313 0.138672
0 0.871875 0.148438 0.907813 0.181641 0.896875 0.205078 0.857812 0.171875
0 0.857812 0.171875 0.893750 0.205078 0.882812 0.228516 0.843750 0.195312
0 0.840625 0.199219 0.876563 0.232422 0.865625 0.255859 0.826562 0.222656
0 0.821875 0.220703 0.857812 0.253906 0.843750 0.269531 0.807813 0.244141
0 0.795312 0.261719 0.831250 0.294922 0.817187 0.310547 0.781250 0.285156
0 0.756250 0.291016 0.792188 0.324219 0.778125 0.339844 0.742188 0.314453
0 0.740625 0.314453 0.776563 0.347656 0.762500 0.363281 0.726562 0.337891
0 0.721875 0.339844 0.757812 0.373047 0.743750 0.388672 0.707812 0.363281
0 0.700000 0.425781 0.735938 0.458984 0.721875 0.474609 0.685937 0.449219
0 0.435937 0.339844 0.471875 0.373047 0.457813 0.388672 0.421875 0.363281
0 0.417187 0.363281 0.453125 0.396484 0.439063 0.412109 0.403125 0.386719
0 0.606250 0.394531 0.625000 0.400391 0.603125 0.443359 0.587500 0.433594
0 0.360938 0.908203 0.409375 0.929688 0.395313 0.958984 0.351562 0.931641
0 0.418750 0.810547 0.467187 0.832031 0.453125 0.861328 0.409375 0.833984
0 0.479687 0.742188 0.528125 0.763672 0.514062 0.792969 0.470313 0.765625
0 0.509375 0.687500 0.554688 0.722656 0.540625 0.740234 0.500000 0.710938
0 0.528125 0.654297 0.576562 0.675781 0.562500 0.705078 0.518750 0.677734
0 0.543750 0.613281 0.592187 0.634766 0.578125 0.664062 0.534375 0.636719
