0 0.123438 0.154297 0.198437 0.185547 0.184375 0.226562 0.104688 0.193359
0 0.231250 0.197266 0.306250 0.228516 0.292187 0.269531 0.212500 0.236328
0 0.323437 0.228516 0.398438 0.259766 0.384375 0.300781 0.304688 0.267578
0 0.259375 0.373047 0.345313 0.402344 0.340625 0.445312 0.246875 0.417969
0 0.709375 0.128906 0.775000 0.146484 0.767188 0.191406 0.701562 0.169922
0 0.698438 0.169922 0.787500 0.199219 0.771875 0.251953 0.687500 0.218750
0 0.520312 0.402344 0.609375 0.423828 0.601562 0.474609 0.506250 0.449219
0 0.482812 0.607422 0.568750 0.642578 0.556250 0.687500 0.464062 0.650391
0 0.468750 0.667969 0.554688 0.703125 0.542188 0.748047 0.450000 0.710938
0 0.450000 0.728516 0.539062 0.753906 0.531250 0.804688 0.440625 0.781250
0 0.401562 0.931641 0.484375 0.962891 0.467187 1.000000 0.385937 0.974609
0 0.417187 0.875000 0.500000 0.906250 0.482812 0.955078 0.401562 0.917969
0 0.520312 0.908203 0.592187 0.923828 0.587500 0.978516 0.509375 0.955078
0 0.657813 0.884766 0.695312 0.886719 0.690625 0.996094 0.648438 1.000000
