0 0.115625 0.128906 0.143750 0.128906 0.132812 0.173828 0.104688 0.173828
0 0.000000 0.035156 0.056250 0.033203 0.057813 0.066406 0.000000 0.070312
4 0.193750 0.023438 0.242188 0.025391 0.243750 0.062500 0.192188 0.062500
4 0.893750 0.025391 0.914062 0.025391 0.906250 0.095703 0.885938 0.093750
4 0.796875 0.037109 0.820312 0.037109 0.823438 0.093750 0.803125 0.091797
0 0.840625 0.031250 0.865625 0.029297 0.870313 0.085938 0.848437 0.085938
0 0.717187 0.072266 0.781250 0.060547 0.793750 0.097656 0.729688 0.109375
0 0.715625 0.046875 0.776563 0.037109 0.781250 0.068359 0.720313 0.072266
0 0.718750 0.000000 0.779687 0.001953 0.773438 0.037109 0.714063 0.023438
0 0.671875 0.000000 0.698438 0.000000 0.710938 0.042969 0.687500 0.042969
0 0.581250 0.015625 0.617188 0.000000 0.642188 0.000000 0.600000 0.037109
0 0.614062 0.029297 0.637500 0.027344 0.642188 0.080078 0.621875 0.087891
0 0.440625 0.101562 0.468750 0.101562 0.468750 0.154297 0.440625 0.152344
0 0.532813 0.066406 0.592187 0.082031 0.584375 0.111328 0.521875 0.099609
0 0.628125 0.177734 0.654687 0.179688 0.654687 0.234375 0.628125 0.234375
0 0.818750 0.158203 0.870313 0.189453 0.850000 0.212891 0.800000 0.185547
0 0.773438 0.203125 0.839063 0.205078 0.845313 0.238281 0.779687 0.236328
0 0.745313 0.236328 0.815625 0.228516 0.820312 0.265625 0.748437 0.265625
0 0.776563 0.265625 0.843750 0.261719 0.851562 0.300781 0.784375 0.300781
0 0.782813 0.298828 0.843750 0.296875 0.846875 0.333984 0.779687 0.339844
0 0.770312 0.341797 0.834375 0.335938 0.835938 0.367188 0.776563 0.369141
0 0.509375 0.232422 0.573438 0.220703 0.576562 0.261719 0.517188 0.265625
0 0.496875 0.257812 0.556250 0.257812 0.564063 0.298828 0.495312 0.296875
0 0.568750 0.281250 0.631250 0.277344 0.634375 0.318359 0.573438 0.320312
0 0.568750 0.318359 0.635938 0.324219 0.634375 0.361328 0.567187 0.357422
0 0.560937 0.375000 0.632812 0.373047 0.635938 0.410156 0.564063 0.414062
0 0.785937 0.371094 0.839063 0.369141 0.839063 0.410156 0.789062 0.410156
0 0.564063 0.480469 0.637500 0.478516 0.635938 0.517578 0.565625 0.521484
0 0.584375 0.578125 0.634375 0.531250 0.657813 0.558594 0.606250 0.605469
0 0.585938 0.625000 0.657813 0.591797 0.668750 0.628906 0.604688 0.658203
0 0.800000 0.529297 0.875000 0.527344 0.878125 0.572266 0.800000 0.574219
0 0.807813 0.619141 0.881250 0.650391 0.870313 0.683594 0.800000 0.660156
0 0.565625 0.648438 0.640625 0.650391 0.642188 0.703125 0.565625 0.703125
0 0.807813 0.806641 0.890625 0.806641 0.892188 0.851562 0.814063 0.853516
0 0.835938 0.937500 0.901563 0.882812 0.923438 0.917969 0.859375 0.972656
0 0.528125 0.976562 0.612500 0.980469 0.612500 1.000000 0.526563 1.000000
0 0.454688 0.923828 0.484375 0.912109 0.506250 1.000000 0.475000 1.000000
