2 0.523438 0.998047 0.856250 0.869141 0.889062 0.933594 0.550000 1.000000
0 0.185938 0.667969 0.225000 0.660156 0.242188 0.753906 0.196875 0.767578
0 0.890625 0.402344 0.971875 0.373047 0.990625 0.417969 0.906250 0.449219
1 0.048438 0.642578 0.106250 0.609375 0.234375 0.986328 0.165625 1.000000
2 0.264062 0.458984 0.593750 0.369141 0.612500 0.427734 0.279687 0.517578
2 0.300000 0.546875 0.645312 0.460938 0.664062 0.541016 0.320312 0.636719
2 0.335938 0.671875 0.693750 0.562500 0.717187 0.632812 0.359375 0.753906
2 0.359375 0.746094 0.728125 0.634766 0.740625 0.707031 0.382812 0.843750
2 0.718750 0.582031 1.000000 0.451172 1.000000 0.521484 0.745313 0.664062
2 0.807813 0.636719 1.000000 0.548828 1.000000 0.630859 0.832812 0.714844
2 0.876563 0.679688 1.000000 0.607422 1.000000 0.691406 0.915625 0.765625
2 0.279687 0.494141 0.540625 0.427734 0.546875 0.503906 0.300000 0.574219
2 0.014063 0.472656 0.070312 0.437500 0.142187 0.607422 0.085938 0.636719
2 0.601562 0.320312 0.735938 0.300781 0.737500 0.386719 0.615625 0.417969
2 0.734375 0.289062 0.870313 0.259766 0.875000 0.347656 0.754687 0.378906
2 0.743750 0.408203 0.860938 0.367188 0.895312 0.453125 0.768750 0.505859
2 0.743750 0.000000 0.782813 0.000000 0.825000 0.060547 0.787500 0.082031
2 0.681250 0.031250 0.710938 0.005859 0.773438 0.078125 0.743750 0.107422
