4 0.685937 0.244141 0.800000 0.248047 0.798438 0.314453 0.684375 0.306641
0 0.698438 0.847656 0.829688 0.847656 0.828125 0.912109 0.696875 0.908203
0 0.704688 0.925781 0.825000 0.927734 0.823438 0.988281 0.704688 0.986328
0 0.896875 0.714844 1.000000 0.714844 1.000000 0.771484 0.896875 0.775391
0 0.348438 0.033203 0.393750 0.033203 0.393750 0.177734 0.345313 0.177734
0 0.342187 0.304688 0.381250 0.302734 0.376563 0.419922 0.339062 0.419922
4 0.335938 0.457031 0.376563 0.455078 0.378125 0.589844 0.331250 0.589844
4 0.671875 0.324219 0.775000 0.333984 0.770312 0.396484 0.668750 0.384766
4 0.703125 0.177734 0.810937 0.181641 0.810937 0.242188 0.703125 0.236328
0 0.334375 0.708984 0.376563 0.708984 0.371875 0.841797 0.329688 0.841797
0 0.582812 0.914062 0.637500 0.912109 0.642188 1.000000 0.585938 1.000000
