4 0.042188 0.775391 0.170313 0.664062 0.209375 0.726562 0.068750 0.832031
4 0.875000 0.003906 0.923438 0.000000 1.000000 0.062500 0.981250 0.126953
0 0.892188 0.574219 1.000000 0.460938 1.000000 0.525391 0.928125 0.636719
0 0.807813 0.507812 0.932813 0.386719 0.978125 0.443359 0.848437 0.566406
0 0.748437 0.410156 0.850000 0.318359 0.890625 0.373047 0.782813 0.462891
0 0.675000 0.347656 0.790625 0.253906 0.831250 0.302734 0.707812 0.406250
0 0.000000 0.562500 0.062500 0.500000 0.089063 0.541016 0.000000 0.621094
0 0.001563 1.000000 0.115625 0.914062 0.151562 0.962891 0.032813 1.000000
0 0.000000 0.937500 0.081250 0.849609 0.110937 0.908203 0.000000 0.996094
0 0.000000 0.644531 0.089063 0.562500 0.117188 0.611328 0.004687 0.699219
0 0.018750 0.707031 0.131250 0.613281 0.165625 0.660156 0.048438 0.757812
0 0.093750 0.835938 0.217188 0.738281 0.242188 0.789062 0.117188 0.892578
0 0.139063 0.906250 0.237500 0.810547 0.267188 0.857422 0.167187 0.951172
0 0.175000 0.970703 0.290625 0.867188 0.321875 0.916016 0.209375 1.000000
0 0.429688 1.000000 0.528125 0.902344 0.560937 0.949219 0.462500 1.000000
1 0.381250 0.919922 0.490625 0.822266 0.526563 0.876953 0.420312 0.982422
0 0.340625 0.861328 0.448437 0.777344 0.482812 0.826172 0.370312 0.917969
0 0.303125 0.806641 0.404687 0.710938 0.439063 0.757812 0.325000 0.855469
0 0.262500 0.736328 0.364063 0.650391 0.401562 0.695312 0.296875 0.791016
0 0.228125 0.671875 0.325000 0.589844 0.359375 0.634766 0.259375 0.720703
0 0.182812 0.621094 0.285938 0.535156 0.321875 0.580078 0.207813 0.671875
0 0.142187 0.562500 0.251563 0.478516 0.282813 0.523438 0.173437 0.613281
0 0.034375 0.390625 0.137500 0.318359 0.173437 0.355469 0.067187 0.435547
0 0.003125 0.333984 0.101562 0.263672 0.134375 0.308594 0.028125 0.388672
0 0.000000 0.279297 0.060937 0.218750 0.092188 0.259766 0.000000 0.324219
0 0.071875 0.455078 0.165625 0.373047 0.209375 0.414062 0.103125 0.498047
0 0.104688 0.498047 0.215625 0.425781 0.248438 0.470703 0.139063 0.554688
