0 0.100000 0.978516 0.182812 0.902344 0.204687 0.937500 0.118750 1.000000
0 0.432812 0.349609 0.490625 0.294922 0.517188 0.324219 0.457813 0.382812
0 0.464062 0.380859 0.521875 0.326172 0.548438 0.355469 0.489063 0.414062
0 0.490625 0.406250 0.548438 0.351562 0.575000 0.380859 0.515625 0.439453
4 0.690625 0.337891 0.779687 0.246094 0.818750 0.279297 0.726562 0.375000
0 0.392188 0.048828 0.451562 0.000000 0.478125 0.017578 0.417187 0.080078
0 0.412500 0.076172 0.471875 0.017578 0.498437 0.044922 0.437500 0.107422
0 0.434375 0.099609 0.493750 0.041016 0.520312 0.068359 0.459375 0.130859
0 0.459375 0.117188 0.518750 0.058594 0.545312 0.085938 0.484375 0.148438
0 0.489063 0.136719 0.548438 0.078125 0.575000 0.105469 0.514062 0.167969
0 0.512500 0.160156 0.571875 0.101562 0.598437 0.128906 0.537500 0.191406
0 0.534375 0.189453 0.593750 0.130859 0.620313 0.158203 0.559375 0.220703
0 0.567187 0.203125 0.626563 0.144531 0.653125 0.171875 0.592187 0.234375
0 0.595313 0.224609 0.654687 0.166016 0.681250 0.193359 0.620313 0.255859
0 0.620313 0.250000 0.679688 0.191406 0.706250 0.218750 0.645312 0.281250
0 0.650000 0.271484 0.709375 0.212891 0.735938 0.240234 0.675000 0.302734
0 0.531250 0.423828 0.589063 0.369141 0.615625 0.398438 0.556250 0.457031
0 0.534375 0.259766 0.600000 0.332031 0.562500 0.365234 0.504687 0.298828
0 0.450000 0.234375 0.473438 0.207031 0.525000 0.265625 0.501563 0.289062
0 0.571875 0.570312 0.629687 0.513672 0.657813 0.544922 0.601562 0.603516
0 0.321875 0.792969 0.395313 0.728516 0.417187 0.757812 0.342187 0.822266
0 0.210938 0.876953 0.298438 0.800781 0.323437 0.832031 0.228125 0.912109
