0 0.212500 0.007812 0.331250 0.000000 0.337500 0.060547 0.214062 0.082031
0 0.295312 0.964844 0.437500 0.953125 0.439063 1.000000 0.293750 1.000000
0 0.481250 0.960938 0.609375 0.953125 0.615625 1.000000 0.481250 1.000000
0 0.737500 0.945312 0.885938 0.937500 0.892188 1.000000 0.737500 1.000000
0 0.068750 0.023438 0.181250 0.000000 0.193750 0.050781 0.076563 0.082031
0 0.371875 0.000000 0.481250 0.000000 0.493750 0.058594 0.379688 0.070312
0 0.017188 0.220703 0.064062 0.226562 0.056250 0.382812 0.007812 0.375000
0 0.073438 0.224609 0.121875 0.224609 0.123438 0.367188 0.070312 0.369141
0 0.131250 0.218750 0.185938 0.210938 0.187500 0.369141 0.131250 0.373047
0 0.200000 0.201172 0.250000 0.195312 0.260937 0.355469 0.206250 0.357422
0 0.268750 0.205078 0.320312 0.195312 0.328125 0.351562 0.275000 0.359375
0 0.342187 0.195312 0.392188 0.189453 0.403125 0.357422 0.353125 0.365234
1 0.778125 0.132812 0.837500 0.125000 0.862500 0.320312 0.800000 0.333984
0 0.418750 0.203125 0.464062 0.189453 0.475000 0.343750 0.428125 0.347656
0 0.489063 0.197266 0.539062 0.187500 0.550000 0.332031 0.501563 0.335938
0 0.559375 0.193359 0.603125 0.187500 0.617188 0.335938 0.568750 0.343750
0 0.631250 0.183594 0.681250 0.179688 0.698438 0.306641 0.651563 0.320312
0 0.718750 0.191406 0.770312 0.183594 0.779687 0.316406 0.728125 0.326172
0 0.850000 0.164062 0.893750 0.160156 0.906250 0.316406 0.862500 0.322266
0 0.626563 0.109375 0.746875 0.097656 0.756250 0.154297 0.631250 0.171875
0 0.820312 0.074219 0.953125 0.068359 0.956250 0.156250 0.823438 0.156250
0 0.920312 0.164062 0.976562 0.164062 0.981250 0.312500 0.921875 0.314453
