0 0.089063 0.460938 0.120313 0.433594 0.179688 0.527344 0.143750 0.556641
0 0.698438 0.427734 0.729688 0.396484 0.792188 0.486328 0.757812 0.523438
0 0.771875 0.425781 0.801562 0.400391 0.871875 0.492188 0.837500 0.525391
0 0.843750 0.425781 0.878125 0.394531 0.939063 0.480469 0.906250 0.517578
0 0.570312 0.402344 0.640625 0.488281 0.615625 0.529297 0.545312 0.439453
0 0.562500 0.722656 0.656250 0.714844 0.656250 0.767578 0.562500 0.773438
4 0.321875 0.437500 0.356250 0.410156 0.410938 0.511719 0.385937 0.544922
0 0.000000 0.244141 0.025000 0.216797 0.082812 0.292969 0.057813 0.322266
0 0.087500 0.248047 0.115625 0.232422 0.159375 0.335938 0.125000 0.351562
0 0.217188 0.244141 0.248438 0.222656 0.287500 0.308594 0.257812 0.328125
0 0.298438 0.269531 0.396875 0.259766 0.396875 0.304688 0.296875 0.310547
0 0.418750 0.257812 0.507812 0.251953 0.510938 0.298828 0.423438 0.302734
0 0.573438 0.224609 0.642188 0.294922 0.618750 0.332031 0.550000 0.263672
0 0.617188 0.193359 0.679688 0.259766 0.653125 0.296875 0.593750 0.224609
0 0.929688 0.259766 1.000000 0.195312 1.000000 0.230469 0.954688 0.298828
0 0.007812 0.464844 0.045312 0.441406 0.093750 0.552734 0.054688 0.572266
0 0.137500 0.238281 0.164062 0.212891 0.232813 0.304688 0.204687 0.337891
0 0.175000 0.464844 0.204687 0.439453 0.262500 0.517578 0.234375 0.544922
0 0.243750 0.460938 0.275000 0.431641 0.340625 0.511719 0.307812 0.546875
0 0.620313 0.433594 0.648438 0.398438 0.718750 0.484375 0.690625 0.521484
0 0.478125 0.435547 0.507812 0.417969 0.560937 0.498047 0.531250 0.529297
0 0.917188 0.421875 0.945312 0.388672 1.000000 0.468750 0.987500 0.503906
0 0.406250 0.458984 0.432812 0.425781 0.489063 0.503906 0.462500 0.539062
