0 0.081250 0.865234 0.101562 0.839844 0.154688 0.892578 0.131250 0.923828
0 0.926562 0.982422 0.942187 0.962891 0.982812 1.000000 0.967187 1.000000
0 0.175000 0.800781 0.198437 0.779297 0.248438 0.839844 0.218750 0.869141
0 0.507812 0.064453 0.526563 0.048828 0.559375 0.083984 0.543750 0.099609
0 0.487500 0.074219 0.504687 0.064453 0.543750 0.093750 0.518750 0.113281
0 0.462500 0.091797 0.479687 0.076172 0.512500 0.109375 0.492188 0.123047
0 0.964063 0.205078 0.979688 0.191406 1.000000 0.224609 1.000000 0.248047
0 0.929688 0.224609 0.967187 0.253906 0.953125 0.277344 0.918750 0.240234
0 0.903125 0.240234 0.946875 0.273438 0.929688 0.298828 0.889062 0.259766
0 0.850000 0.291016 0.896875 0.326172 0.882812 0.351562 0.837500 0.310547
0 0.801562 0.318359 0.853125 0.365234 0.835938 0.390625 0.787500 0.337891
0 0.762500 0.351562 0.778125 0.335938 0.823438 0.384766 0.806250 0.400391
0 0.753125 0.347656 0.801562 0.398438 0.781250 0.419922 0.732812 0.375000
0 0.710938 0.398438 0.729688 0.380859 0.778125 0.419922 0.756250 0.445312
4 0.660937 0.449219 0.709375 0.503906 0.687500 0.533203 0.635938 0.484375
0 0.489063 0.546875 0.517188 0.525391 0.564063 0.591797 0.537500 0.611328
0 0.440625 0.593750 0.465625 0.568359 0.509375 0.626953 0.487500 0.650391
0 0.367188 0.650391 0.390625 0.630859 0.434375 0.693359 0.410938 0.714844
0 0.342187 0.669922 0.364063 0.658203 0.407813 0.716797 0.382812 0.738281
0 0.306250 0.693359 0.325000 0.673828 0.368750 0.740234 0.345313 0.759766
0 0.275000 0.718750 0.295312 0.695312 0.340625 0.761719 0.320312 0.789062
0 0.235937 0.742188 0.259375 0.718750 0.304688 0.789062 0.278125 0.806641
0 0.035937 0.880859 0.062500 0.855469 0.112500 0.923828 0.075000 0.953125
