0 0.826562 0.615234 0.881250 0.683594 0.857812 0.712891 0.800000 0.650391
2 0.645312 0.552734 0.696875 0.566406 0.667188 0.746094 0.618750 0.738281
2 0.823438 0.468750 0.903125 0.529297 0.885938 0.558594 0.814063 0.503906
0 0.850000 0.421875 0.920312 0.462891 0.904687 0.505859 0.839063 0.466797
0 0.879687 0.279297 0.939063 0.337891 0.907813 0.365234 0.859375 0.308594
0 0.887500 0.187500 0.946875 0.224609 0.935937 0.259766 0.873437 0.230469
2 0.329688 0.066406 0.384375 0.078125 0.332813 0.291016 0.279687 0.281250
2 0.221875 0.476562 0.275000 0.484375 0.228125 0.722656 0.165625 0.705078
2 0.156250 0.763672 0.203125 0.783203 0.157812 0.982422 0.112500 0.970703
0 0.065625 0.462891 0.140625 0.488281 0.131250 0.531250 0.056250 0.507812
0 0.100000 0.361328 0.165625 0.386719 0.157812 0.421875 0.090625 0.400391
0 0.109375 0.304688 0.178125 0.320312 0.170313 0.365234 0.098437 0.339844
0 0.162500 0.128906 0.229687 0.146484 0.223438 0.187500 0.150000 0.171875
0 0.457813 0.269531 0.492188 0.287109 0.470313 0.388672 0.440625 0.376953
2 0.714063 0.128906 0.759375 0.136719 0.737500 0.306641 0.690625 0.298828
2 0.685937 0.332031 0.731250 0.343750 0.706250 0.507812 0.662500 0.500000
