0 0.917188 0.220703 0.992188 0.164062 1.000000 0.207031 0.932813 0.257812
0 0.806250 0.056641 0.845313 0.054688 0.845313 0.169922 0.807813 0.169922
0 0.814063 0.205078 0.853125 0.203125 0.862500 0.328125 0.817187 0.328125
0 0.821875 0.343750 0.860938 0.341797 0.870313 0.466797 0.825000 0.466797
0 0.826562 0.488281 0.862500 0.488281 0.875000 0.613281 0.831250 0.611328
0 0.826562 0.638672 0.865625 0.636719 0.868750 0.769531 0.828125 0.765625
0 0.835938 0.792969 0.875000 0.789062 0.884375 0.917969 0.837500 0.919922
0 0.767188 0.720703 0.809375 0.716797 0.807813 0.845703 0.762500 0.847656
0 0.373437 0.732422 0.412500 0.732422 0.417187 0.857422 0.376563 0.863281
0 0.375000 0.554688 0.415625 0.558594 0.414062 0.683594 0.371875 0.683594
0 0.379688 0.261719 0.418750 0.263672 0.418750 0.386719 0.381250 0.390625
0 0.375000 0.017578 0.414062 0.015625 0.421875 0.132812 0.379688 0.138672
0 0.928125 0.429688 1.000000 0.373047 1.000000 0.416016 0.943750 0.466797
0 0.906250 0.078125 0.981250 0.021484 0.995313 0.064453 0.921875 0.115234
