0 0.229687 0.074219 0.275000 0.070312 0.271875 0.171875 0.226562 0.167969
0 0.159375 0.376953 0.253125 0.367188 0.251563 0.421875 0.154688 0.421875
0 0.157812 0.425781 0.254688 0.427734 0.253125 0.472656 0.159375 0.472656
0 0.176563 0.484375 0.268750 0.486328 0.268750 0.531250 0.176563 0.525391
0 0.164062 0.533203 0.273438 0.539062 0.265625 0.589844 0.168750 0.589844
0 0.167187 0.593750 0.264062 0.597656 0.265625 0.646484 0.164062 0.642578
0 0.159375 0.644531 0.264062 0.644531 0.260937 0.697266 0.159375 0.697266
0 0.148438 0.767578 0.250000 0.750000 0.260937 0.808594 0.164062 0.832031
0 0.279687 0.554688 0.325000 0.562500 0.312500 0.667969 0.267188 0.667969
0 0.262500 0.689453 0.310937 0.685547 0.304688 0.806641 0.254688 0.806641
0 0.748437 0.263672 0.795312 0.267578 0.795312 0.365234 0.751563 0.365234
0 0.754687 0.103516 0.796875 0.103516 0.800000 0.197266 0.760938 0.195312
0 0.896875 0.753906 0.943750 0.753906 0.948438 0.882812 0.892188 0.873047
0 0.845313 0.298828 0.876563 0.277344 0.912500 0.380859 0.868750 0.400391
0 0.859375 0.623047 0.901563 0.613281 0.909375 0.730469 0.871875 0.734375
