0 0.256250 0.396484 0.378125 0.400391 0.381250 0.458984 0.259375 0.458984
0 0.264062 0.468750 0.375000 0.462891 0.379688 0.521484 0.265625 0.525391
0 0.546875 0.890625 0.667188 0.896484 0.664062 0.955078 0.545312 0.949219
0 0.562500 0.966797 0.689063 0.970703 0.682813 1.000000 0.557813 1.000000
0 0.554688 0.679688 0.670312 0.691406 0.671875 0.751953 0.553125 0.755859
0 0.567187 0.757812 0.673438 0.765625 0.682813 0.828125 0.565625 0.824219
0 0.551562 0.599609 0.668750 0.609375 0.671875 0.673828 0.546875 0.669922
0 0.556250 0.552734 0.671875 0.544922 0.679688 0.605469 0.559375 0.607422
0 0.553125 0.472656 0.671875 0.470703 0.668750 0.535156 0.554688 0.529297
0 0.556250 0.312500 0.665625 0.308594 0.670312 0.367188 0.560937 0.375000
0 0.557813 0.246094 0.668750 0.234375 0.670312 0.289062 0.567187 0.294922
