1 0.590625 0.667969 0.695312 0.599609 0.728125 0.677734 0.612500 0.738281
0 0.364063 0.089844 0.475000 0.027344 0.496875 0.085938 0.393750 0.144531
0 0.223438 0.082031 0.345313 0.031250 0.368750 0.082031 0.248438 0.140625
0 0.106250 0.148438 0.212500 0.089844 0.237500 0.148438 0.126562 0.203125
0 0.096875 0.074219 0.204687 0.019531 0.231250 0.070312 0.112500 0.128906
0 0.000000 0.121094 0.081250 0.074219 0.101562 0.130859 0.000000 0.183594
0 0.000000 0.191406 0.096875 0.140625 0.125000 0.199219 0.000000 0.251953
0 0.006250 0.255859 0.125000 0.203125 0.146875 0.259766 0.025000 0.314453
0 0.034375 0.328125 0.150000 0.269531 0.175000 0.333984 0.050000 0.392578
0 0.159375 0.269531 0.271875 0.210938 0.303125 0.269531 0.181250 0.332031
0 0.129688 0.203125 0.240625 0.144531 0.267188 0.203125 0.150000 0.253906
0 0.250000 0.140625 0.359375 0.087891 0.384375 0.144531 0.275000 0.207031
0 0.276562 0.208984 0.389062 0.142578 0.418750 0.207031 0.304688 0.267578
0 0.400000 0.140625 0.510938 0.085938 0.537500 0.150391 0.418750 0.207031
0 0.518750 0.091797 0.629687 0.025391 0.665625 0.089844 0.542188 0.154297
0 0.848437 0.060547 0.960938 0.000000 0.995313 0.042969 0.882812 0.113281
0 0.875000 0.126953 0.989062 0.052734 1.000000 0.105469 0.901563 0.175781
0 0.915625 0.171875 1.000000 0.107422 1.000000 0.160156 0.950000 0.228516
0 0.076563 0.458984 0.189062 0.396484 0.217188 0.457031 0.092188 0.521484
0 0.203125 0.394531 0.314063 0.337891 0.334375 0.402344 0.225000 0.458984
0 0.325000 0.335938 0.431250 0.269531 0.459375 0.332031 0.348438 0.398438
0 0.437500 0.273438 0.550000 0.208984 0.575000 0.269531 0.459375 0.332031
0 0.559375 0.218750 0.673438 0.152344 0.706250 0.207031 0.587500 0.273438
0 0.590625 0.283203 0.703125 0.216797 0.732812 0.273438 0.617188 0.341797
0 0.614062 0.343750 0.739062 0.279297 0.762500 0.335938 0.645312 0.404297
1 0.490625 0.402344 0.606250 0.341797 0.631250 0.410156 0.525000 0.472656
0 0.350000 0.398438 0.468750 0.337891 0.496875 0.402344 0.375000 0.458984
0 0.228125 0.457031 0.346875 0.394531 0.376563 0.460938 0.253125 0.527344
0 0.100000 0.527344 0.226562 0.458984 0.250000 0.523438 0.125000 0.595703
0 0.129688 0.589844 0.250000 0.527344 0.275000 0.593750 0.153125 0.654297
0 0.251563 0.527344 0.376563 0.476562 0.404687 0.537109 0.281250 0.595703
0 0.375000 0.460938 0.490625 0.402344 0.521875 0.468750 0.406250 0.533203
1 0.779687 0.416016 0.885938 0.345703 0.910937 0.416016 0.800000 0.472656
0 0.656250 0.472656 0.773438 0.410156 0.793750 0.472656 0.681250 0.529297
0 0.539062 0.527344 0.654687 0.466797 0.676562 0.531250 0.564063 0.593750
0 0.420312 0.599609 0.532813 0.535156 0.560937 0.603516 0.442188 0.660156
0 0.295312 0.666016 0.420312 0.601562 0.443750 0.667969 0.321875 0.726562
0 0.167187 0.736328 0.298438 0.667969 0.320312 0.732422 0.193750 0.792969
0 0.200000 0.796875 0.325000 0.736328 0.348438 0.800781 0.223438 0.871094
0 0.335938 0.726562 0.460938 0.658203 0.484375 0.718750 0.356250 0.792969
0 0.468750 0.656250 0.585938 0.583984 0.615625 0.644531 0.493750 0.718750
0 0.596875 0.587891 0.718750 0.513672 0.743750 0.576172 0.618750 0.648438
0 0.725000 0.511719 0.842187 0.451172 0.875000 0.511719 0.750000 0.574219
1 0.212500 0.882812 0.337500 0.808594 0.362500 0.878906 0.239063 0.949219
1 0.345313 0.802734 0.462500 0.738281 0.487500 0.804688 0.367188 0.871094
1 0.470313 0.746094 0.584375 0.671875 0.612500 0.738281 0.501563 0.800781
1 0.700000 0.605469 0.817187 0.537109 0.842187 0.611328 0.729688 0.667969
1 0.818750 0.550781 0.931250 0.486328 0.965625 0.550781 0.851562 0.607422
0 0.257812 0.939453 0.387500 0.875000 0.410938 0.941406 0.284375 1.000000
0 0.401562 0.865234 0.518750 0.785156 0.550000 0.859375 0.426563 0.937500
0 0.531250 0.792969 0.650000 0.722656 0.678125 0.792969 0.559375 0.867188
0 0.660937 0.712891 0.781250 0.654297 0.804688 0.718750 0.689063 0.785156
0 0.787500 0.644531 0.903125 0.582031 0.937500 0.644531 0.812500 0.716797
0 0.912500 0.582031 1.000000 0.523438 1.000000 0.591797 0.937500 0.652344
0 0.935937 0.660156 1.000000 0.589844 1.000000 0.648438 0.964063 0.728516
0 0.806250 0.722656 0.932813 0.656250 0.962500 0.730469 0.837500 0.791016
0 0.682813 0.796875 0.804688 0.722656 0.835938 0.794922 0.709375 0.859375
0 0.553125 0.871094 0.675000 0.798828 0.703125 0.863281 0.579688 0.931641
0 0.420312 0.945312 0.543750 0.871094 0.571875 0.945312 0.445312 1.000000
0 0.684375 0.921875 0.806250 0.859375 0.831250 0.921875 0.712500 0.986328
0 0.818750 0.841797 0.943750 0.769531 0.978125 0.830078 0.850000 0.917969
0 0.734375 0.988281 0.853125 0.917969 0.887500 0.988281 0.775000 1.000000
0 0.864062 0.917969 0.984375 0.849609 1.000000 0.933594 0.893750 0.994141
0 0.000000 0.050781 0.051562 0.011719 0.073438 0.066406 0.000000 0.113281
0 0.059375 0.011719 0.168750 0.000000 0.190625 0.009766 0.078125 0.064453
0 0.217188 0.019531 0.329688 0.000000 0.354687 0.019531 0.237500 0.070312
1 0.342187 0.027344 0.451562 0.000000 0.475000 0.023438 0.368750 0.085938
0 0.487500 0.039062 0.595313 0.000000 0.614062 0.025391 0.509375 0.083984
