0 0.323437 0.201172 0.378125 0.195312 0.381250 0.226562 0.323437 0.226562
0 0.251563 0.712891 0.326562 0.714844 0.323437 0.746094 0.253125 0.746094
0 0.306250 0.236328 0.360938 0.234375 0.359375 0.267578 0.303125 0.265625
4 0.264062 0.609375 0.326562 0.615234 0.328125 0.654297 0.264062 0.654297
4 0.707812 0.548828 0.779687 0.546875 0.779687 0.587891 0.707812 0.587891
4 0.704688 0.384766 0.771875 0.382812 0.775000 0.417969 0.706250 0.425781
4 0.328125 0.140625 0.398438 0.136719 0.400000 0.169922 0.328125 0.175781
0 0.331250 0.169922 0.392188 0.166016 0.393750 0.201172 0.331250 0.201172
1 0.295312 0.292969 0.373437 0.302734 0.371875 0.353516 0.295312 0.347656
0 0.185938 0.935547 0.259375 0.949219 0.253125 0.986328 0.182812 0.974609
0 0.270313 0.972656 0.345313 0.943359 0.360938 0.986328 0.284375 1.000000
0 0.217188 0.892578 0.300000 0.904297 0.295312 0.943359 0.214062 0.929688
0 0.215625 0.841797 0.303125 0.837891 0.306250 0.873047 0.218750 0.882812
0 0.229687 0.783203 0.306250 0.787109 0.301563 0.818359 0.223438 0.816406
0 0.254688 0.673828 0.321875 0.677734 0.320312 0.714844 0.253125 0.712891
0 0.276562 0.582031 0.353125 0.585938 0.353125 0.621094 0.275000 0.617188
0 0.298438 0.539062 0.362500 0.537109 0.365625 0.570312 0.300000 0.570312
0 0.303125 0.501953 0.368750 0.498047 0.367188 0.533203 0.303125 0.533203
0 0.320312 0.464844 0.382812 0.468750 0.382812 0.500000 0.318750 0.492188
0 0.323437 0.437500 0.376563 0.435547 0.376563 0.464844 0.320312 0.464844
0 0.292187 0.414062 0.342187 0.404297 0.345313 0.441406 0.290625 0.443359
0 0.292187 0.369141 0.362500 0.365234 0.364063 0.402344 0.292187 0.400391
0 0.359375 0.265625 0.415625 0.244141 0.423438 0.279297 0.365625 0.292969
0 0.342187 0.091797 0.400000 0.099609 0.398438 0.128906 0.340625 0.125000
0 0.337500 0.060547 0.400000 0.062500 0.400000 0.087891 0.339062 0.083984
0 0.326562 0.027344 0.393750 0.025391 0.389062 0.058594 0.326562 0.058594
0 0.331250 0.000000 0.400000 0.000000 0.395313 0.021484 0.328125 0.025391
0 0.459375 0.298828 0.490625 0.300781 0.484375 0.365234 0.450000 0.365234
0 0.717187 0.939453 0.810937 0.941406 0.809375 0.982422 0.717187 0.984375
0 0.717187 0.880859 0.798438 0.888672 0.800000 0.927734 0.720313 0.923828
0 0.715625 0.835938 0.796875 0.845703 0.795312 0.884766 0.715625 0.876953
0 0.732812 0.794922 0.810937 0.802734 0.810937 0.839844 0.734375 0.832031
0 0.717187 0.744141 0.800000 0.748047 0.798438 0.787109 0.717187 0.787109
0 0.714063 0.703125 0.803125 0.705078 0.803125 0.746094 0.715625 0.746094
0 0.709375 0.660156 0.789062 0.662109 0.790625 0.703125 0.709375 0.699219
0 0.714063 0.625000 0.782813 0.623047 0.782813 0.662109 0.712500 0.658203
0 0.706250 0.585938 0.779687 0.583984 0.778125 0.617188 0.709375 0.619141
0 0.709375 0.511719 0.793750 0.507812 0.792188 0.546875 0.709375 0.546875
0 0.714063 0.460938 0.785937 0.458984 0.785937 0.501953 0.712500 0.500000
0 0.717187 0.421875 0.784375 0.423828 0.782813 0.458984 0.718750 0.458984
0 0.725000 0.335938 0.795312 0.337891 0.793750 0.376953 0.725000 0.376953
0 0.718750 0.304688 0.785937 0.304688 0.787500 0.332031 0.717187 0.328125
0 0.710938 0.269531 0.771875 0.265625 0.770312 0.298828 0.709375 0.298828
0 0.706250 0.154297 0.759375 0.158203 0.759375 0.187500 0.706250 0.187500
0 0.706250 0.109375 0.760938 0.111328 0.760938 0.136719 0.706250 0.136719
0 0.714063 0.087891 0.765625 0.087891 0.765625 0.113281 0.715625 0.113281
0 0.642188 0.103516 0.668750 0.101562 0.667188 0.158203 0.642188 0.158203
0 0.582812 0.009766 0.612500 0.007812 0.612500 0.066406 0.576562 0.066406
0 0.703125 0.033203 0.768750 0.033203 0.770312 0.064453 0.703125 0.062500
0 0.690625 0.007812 0.757812 0.007812 0.757812 0.031250 0.692187 0.037109
