0 0.237500 0.693359 0.295312 0.646484 0.312500 0.681641 0.257812 0.720703
0 0.025000 0.859375 0.050000 0.896484 0.000000 0.953125 0.000000 0.908203
0 0.068750 0.818359 0.150000 0.757812 0.170313 0.796875 0.095312 0.859375
0 0.164062 0.750000 0.235937 0.693359 0.257812 0.726562 0.182812 0.781250
0 0.509375 0.589844 0.587500 0.583984 0.589063 0.630859 0.509375 0.626953
0 0.453125 0.640625 0.534375 0.640625 0.534375 0.677734 0.454688 0.677734
0 0.389062 0.677734 0.464062 0.689453 0.460938 0.734375 0.389062 0.714844
0 0.364063 0.712891 0.439063 0.736328 0.434375 0.775391 0.346875 0.750000
0 0.325000 0.751953 0.379688 0.773438 0.371875 0.808594 0.312500 0.779297
0 0.267188 0.785156 0.350000 0.810547 0.335938 0.855469 0.253125 0.818359
0 0.148438 0.878906 0.232813 0.908203 0.212500 0.953125 0.135937 0.916016
0 0.070312 0.943359 0.154688 0.968750 0.143750 1.000000 0.059375 0.980469
0 0.468750 0.861328 0.532813 0.898438 0.514062 0.941406 0.446875 0.898438
0 0.715625 0.882812 0.773438 0.820312 0.800000 0.847656 0.745313 0.917969
0 0.667188 0.751953 0.695312 0.732422 0.740625 0.804688 0.710938 0.828125
0 0.717187 0.658203 0.789062 0.671875 0.784375 0.708984 0.714063 0.699219
0 0.828125 0.539062 0.912500 0.531250 0.917188 0.568359 0.832812 0.583984
0 0.623437 0.498047 0.706250 0.494141 0.701562 0.537109 0.620313 0.531250
0 0.332813 0.615234 0.404687 0.562500 0.418750 0.599609 0.353125 0.650391
0 0.437500 0.535156 0.503125 0.494141 0.525000 0.519531 0.457813 0.564453
0 0.942187 0.148438 1.000000 0.095703 1.000000 0.123047 0.964063 0.171875
0 0.867188 0.210938 0.918750 0.167969 0.943750 0.195312 0.885938 0.236328
0 0.742188 0.306641 0.800000 0.259766 0.826562 0.287109 0.767188 0.335938
0 0.695312 0.449219 0.773438 0.455078 0.771875 0.494141 0.692187 0.482422
0 0.793750 0.357422 0.873437 0.363281 0.870313 0.402344 0.798438 0.396484
0 0.651563 0.373047 0.707812 0.328125 0.731250 0.357422 0.675000 0.408203
0 0.853125 0.316406 0.929688 0.304688 0.928125 0.345703 0.859375 0.351562
0 0.909375 0.267578 1.000000 0.255859 1.000000 0.298828 0.912500 0.306641
0 0.570312 0.433594 0.643750 0.384766 0.659375 0.417969 0.589063 0.466797
