0 0.928125 0.265625 0.960938 0.277344 0.934375 0.369141 0.900000 0.349609
4 0.896875 0.357422 0.932813 0.369141 0.903125 0.474609 0.865625 0.457031
0 0.795312 0.320312 0.832812 0.330078 0.809375 0.421875 0.768750 0.406250
2 0.832812 0.222656 0.862500 0.238281 0.835938 0.335938 0.801562 0.316406
2 0.787500 0.000000 0.831250 0.000000 0.812500 0.142578 0.762500 0.130859
2 0.631250 0.023438 0.679688 0.025391 0.668750 0.234375 0.618750 0.232422
0 0.985938 0.250000 1.000000 0.261719 0.992188 0.347656 0.956250 0.335938
0 0.967187 0.355469 0.998437 0.367188 0.965625 0.472656 0.934375 0.457031
0 0.928125 0.458984 0.964063 0.470703 0.929688 0.578125 0.893750 0.558594
0 0.956250 0.181641 0.990625 0.191406 0.967187 0.283203 0.935937 0.271484
