0 0.346875 0.000000 0.376563 0.023438 0.317188 0.101562 0.292187 0.074219
0 0.956250 0.291016 1.000000 0.369141 1.000000 0.410156 0.932813 0.330078
0 0.921875 0.357422 0.998437 0.435547 0.973437 0.472656 0.895312 0.398438
0 0.885938 0.402344 0.964063 0.478516 0.939063 0.515625 0.859375 0.445312
0 0.807813 0.505859 0.895312 0.568359 0.870313 0.613281 0.785937 0.544922
0 0.779687 0.560547 0.864062 0.632812 0.835938 0.675781 0.754687 0.603516
0 0.737500 0.603516 0.820312 0.675781 0.792188 0.716797 0.710938 0.646484
0 0.714063 0.667969 0.795312 0.744141 0.767188 0.785156 0.684375 0.707031
0 0.678125 0.726562 0.765625 0.806641 0.737500 0.845703 0.654687 0.765625
0 0.632812 0.759766 0.712500 0.839844 0.684375 0.882812 0.604688 0.804688
0 0.598437 0.816406 0.676562 0.890625 0.651563 0.931641 0.570312 0.857422
0 0.557813 0.876953 0.643750 0.955078 0.614062 0.998047 0.531250 0.916016
0 0.520312 0.925781 0.593750 0.994141 0.560937 1.000000 0.490625 0.970703
0 0.318750 0.681641 0.395313 0.755859 0.371875 0.789062 0.296875 0.714844
0 0.181250 0.541016 0.267188 0.601562 0.245312 0.642578 0.159375 0.589844
0 0.182812 0.445312 0.253125 0.521484 0.228125 0.562500 0.154688 0.482422
0 0.043750 0.419922 0.075000 0.447266 0.004687 0.542969 0.000000 0.511719
0 0.112500 0.320312 0.148438 0.349609 0.085938 0.433594 0.051562 0.404297
0 0.209375 0.191406 0.240625 0.218750 0.167187 0.322266 0.134375 0.289062
0 0.843750 0.451172 0.921875 0.519531 0.903125 0.554688 0.820312 0.486328
