0 0.634375 0.361328 0.687500 0.351562 0.695312 0.380859 0.639062 0.390625
0 0.628125 0.335938 0.684375 0.320312 0.690625 0.347656 0.634375 0.357422
0 0.609375 0.294922 0.667188 0.283203 0.671875 0.310547 0.612500 0.320312
0 0.468750 0.322266 0.518750 0.312500 0.523438 0.337891 0.473438 0.349609
0 0.609375 0.240234 0.667188 0.232422 0.671875 0.257812 0.609375 0.267578
0 0.601562 0.158203 0.654687 0.150391 0.657813 0.181641 0.607812 0.185547
0 0.467187 0.185547 0.521875 0.195312 0.518750 0.218750 0.465625 0.212891
0 0.000000 0.673828 0.015625 0.673828 0.017188 0.710938 0.000000 0.710938
0 0.000000 0.562500 0.025000 0.564453 0.025000 0.593750 0.000000 0.593750
0 0.000000 0.501953 0.025000 0.500000 0.028125 0.525391 0.000000 0.531250
0 0.000000 0.439453 0.042188 0.433594 0.040625 0.460938 0.000000 0.466797
0 0.000000 0.402344 0.035937 0.400391 0.039062 0.429688 0.000000 0.431641
0 0.150000 0.414062 0.209375 0.414062 0.210938 0.443359 0.148438 0.447266
0 0.150000 0.457031 0.201563 0.455078 0.201563 0.476562 0.150000 0.480469
0 0.139063 0.498047 0.206250 0.496094 0.206250 0.525391 0.140625 0.529297
0 0.139063 0.533203 0.195312 0.533203 0.196875 0.560547 0.139063 0.566406
0 0.134375 0.597656 0.200000 0.589844 0.201563 0.617188 0.134375 0.625000
0 0.142187 0.750000 0.193750 0.742188 0.195312 0.767578 0.142187 0.775391
0 0.682813 0.728516 0.742188 0.720703 0.750000 0.750000 0.692187 0.759766
0 0.682813 0.771484 0.748437 0.765625 0.751563 0.800781 0.684375 0.802734
0 0.501563 0.808594 0.562500 0.796875 0.567187 0.832031 0.506250 0.837891
0 0.492188 0.759766 0.557813 0.751953 0.560937 0.789062 0.495312 0.791016
0 0.676562 0.660156 0.729688 0.656250 0.737500 0.679688 0.682813 0.689453
4 0.501563 0.566406 0.553125 0.560547 0.556250 0.595703 0.500000 0.601562
4 0.654687 0.533203 0.710938 0.531250 0.712500 0.564453 0.654687 0.572266
0 0.470313 0.160156 0.525000 0.156250 0.525000 0.189453 0.470313 0.189453
2 0.639062 0.406250 0.696875 0.402344 0.703125 0.439453 0.642188 0.443359
4 0.142187 0.363281 0.207813 0.357422 0.210938 0.400391 0.143750 0.406250
0 0.481250 0.476562 0.542188 0.468750 0.546875 0.498047 0.482812 0.505859
0 0.468750 0.439453 0.528125 0.435547 0.531250 0.462891 0.471875 0.468750
0 0.642188 0.445312 0.704688 0.443359 0.707812 0.476562 0.640625 0.476562
0 0.606250 0.216797 0.670312 0.212891 0.671875 0.234375 0.609375 0.238281
0 0.468750 0.402344 0.525000 0.398438 0.528125 0.429688 0.470313 0.433594
