0 0.492188 0.824219 0.531250 0.798828 0.606250 0.875000 0.567187 0.906250
3 0.332813 0.658203 0.376563 0.609375 0.534375 0.767578 0.492188 0.826172
0 0.732812 0.367188 0.801562 0.416016 0.779687 0.451172 0.714063 0.404297
0 0.607812 0.875000 0.678125 0.941406 0.656250 0.978516 0.579688 0.914062
0 0.954688 0.562500 1.000000 0.609375 1.000000 0.652344 0.935937 0.595703
0 0.868750 0.486328 0.939063 0.539062 0.920312 0.578125 0.853125 0.525391
0 0.809375 0.429688 0.871875 0.470703 0.850000 0.511719 0.790625 0.466797
0 0.650000 0.298828 0.725000 0.355469 0.704688 0.388672 0.635938 0.332031
0 0.581250 0.218750 0.650000 0.279297 0.623437 0.318359 0.556250 0.257812
0 0.460938 0.175781 0.489063 0.146484 0.550000 0.203125 0.526563 0.238281
0 0.420312 0.087891 0.475000 0.134766 0.451562 0.166016 0.398438 0.117188
0 0.364063 0.015625 0.395313 0.023438 0.382812 0.107422 0.350000 0.093750
0 0.276562 0.009766 0.300000 0.000000 0.354687 0.029297 0.329688 0.064453
0 0.478125 0.574219 0.537500 0.625000 0.509375 0.658203 0.456250 0.603516
0 0.248438 0.503906 0.317188 0.578125 0.295312 0.611328 0.223438 0.541016
0 0.162500 0.431641 0.225000 0.494141 0.201563 0.527344 0.139063 0.468750
0 0.053125 0.388672 0.078125 0.357422 0.145313 0.425781 0.125000 0.457031
0 0.006250 0.279297 0.065625 0.339844 0.042188 0.369141 0.000000 0.304688
