0 0.201563 0.478516 0.293750 0.457031 0.298438 0.503906 0.207813 0.523438
1 0.000000 0.576172 0.087500 0.539062 0.101562 0.638672 0.000000 0.675781
2 0.179688 0.544922 0.343750 0.509766 0.359375 0.578125 0.190625 0.617188
2 0.450000 0.466797 0.745313 0.392578 0.762500 0.468750 0.464062 0.546875
2 0.687500 0.228516 0.976562 0.183594 0.987500 0.244141 0.692187 0.304688
2 0.817187 0.373047 1.000000 0.320312 1.000000 0.390625 0.832812 0.449219
2 0.785937 0.318359 1.000000 0.230469 1.000000 0.287109 0.809375 0.376953
4 0.323437 0.443359 0.406250 0.417969 0.418750 0.472656 0.331250 0.500000
1 0.442188 0.384766 0.750000 0.300781 0.770312 0.380859 0.460938 0.462891
0 0.050000 0.521484 0.135937 0.503906 0.142187 0.552734 0.050000 0.568359
