0 0.459375 0.222656 0.576562 0.189453 0.585938 0.240234 0.475000 0.283203
0 0.312500 0.267578 0.360938 0.250000 0.396875 0.390625 0.350000 0.408203
0 0.364063 0.433594 0.407813 0.416016 0.445312 0.560547 0.396875 0.582031
0 0.398438 0.621094 0.453125 0.593750 0.481250 0.736328 0.437500 0.755859
0 0.657813 0.951172 0.767188 0.896484 0.782813 0.955078 0.676562 1.000000
0 0.646875 0.853516 0.732812 0.808594 0.750000 0.865234 0.660937 0.908203
0 0.607812 0.771484 0.707812 0.712891 0.728125 0.777344 0.629687 0.828125
0 0.579688 0.589844 0.703125 0.550781 0.712500 0.613281 0.592187 0.652344
0 0.537500 0.449219 0.634375 0.365234 0.656250 0.410156 0.567187 0.496094
0 0.489063 0.328125 0.607812 0.273438 0.625000 0.335938 0.507812 0.384766
4 0.590625 0.679688 0.693750 0.634766 0.712500 0.693359 0.607812 0.740234
4 0.446875 0.810547 0.492188 0.785156 0.539062 0.925781 0.493750 0.951172
