0 0.373437 0.445312 0.428125 0.412109 0.437500 0.437500 0.382812 0.472656
0 0.370312 0.480469 0.431250 0.457031 0.440625 0.488281 0.381250 0.511719
0 0.245312 0.302734 0.304688 0.298828 0.307812 0.333984 0.245312 0.335938
0 0.253125 0.482422 0.304688 0.509766 0.295312 0.539062 0.240625 0.515625
0 0.217188 0.927734 0.285938 0.888672 0.298438 0.923828 0.232813 0.972656
0 0.215625 0.894531 0.273438 0.851562 0.290625 0.884766 0.232813 0.929688
0 0.214062 0.839844 0.276562 0.810547 0.292187 0.849609 0.229687 0.880859
0 0.242188 0.574219 0.300000 0.585938 0.293750 0.625000 0.235937 0.615234
0 0.251563 0.521484 0.304688 0.544922 0.293750 0.576172 0.239063 0.550781
0 0.250000 0.453125 0.310937 0.474609 0.301563 0.505859 0.243750 0.488281
0 0.225000 0.998047 0.278125 0.947266 0.296875 0.980469 0.245312 1.000000
0 0.393750 0.917969 0.448437 0.972656 0.428125 1.000000 0.367188 0.955078
0 0.345313 0.056641 0.370312 0.056641 0.367188 0.125000 0.339062 0.123047
0 0.403125 0.060547 0.428125 0.058594 0.432812 0.113281 0.406250 0.117188
0 0.253125 0.166016 0.312500 0.152344 0.317188 0.187500 0.256250 0.195312
0 0.253125 0.205078 0.312500 0.205078 0.312500 0.234375 0.253125 0.234375
0 0.368750 0.187500 0.423438 0.171875 0.432812 0.203125 0.375000 0.222656
0 0.375000 0.205078 0.432812 0.205078 0.432812 0.240234 0.375000 0.236328
0 0.371875 0.289062 0.425000 0.281250 0.428125 0.320312 0.370312 0.322266
0 0.375000 0.371094 0.426563 0.357422 0.431250 0.388672 0.376563 0.400391
0 0.370312 0.406250 0.425000 0.382812 0.437500 0.419922 0.382812 0.441406
