0 0.079687 0.744141 0.206250 0.724609 0.210938 0.781250 0.084375 0.802734
0 0.084375 0.642578 0.207813 0.628906 0.209375 0.695312 0.084375 0.701172
0 0.203125 0.558594 0.331250 0.533203 0.335938 0.593750 0.209375 0.619141
0 0.065625 0.560547 0.189062 0.541016 0.192188 0.609375 0.070312 0.630859
0 0.000000 0.558594 0.046875 0.552734 0.051562 0.707031 0.000000 0.707031
0 0.464062 0.474609 0.589063 0.458984 0.595313 0.523438 0.471875 0.541016
0 0.229687 0.455078 0.356250 0.460938 0.350000 0.525391 0.220312 0.513672
4 0.078125 0.406250 0.192188 0.392578 0.195312 0.449219 0.076563 0.460938
0 0.207813 0.367188 0.323437 0.359375 0.323437 0.419922 0.209375 0.423828
0 0.207813 0.287109 0.331250 0.287109 0.328125 0.345703 0.206250 0.343750
0 0.057813 0.345703 0.184375 0.316406 0.193750 0.369141 0.067187 0.396484
0 0.189062 0.230469 0.307812 0.201172 0.315625 0.255859 0.195312 0.279297
0 0.051562 0.255859 0.171875 0.234375 0.176563 0.298828 0.057813 0.316406
0 0.437500 0.044922 0.548438 0.013672 0.557813 0.068359 0.450000 0.103516
0 0.057813 0.083984 0.157812 0.083984 0.154688 0.142578 0.053125 0.142578
0 0.173437 0.039062 0.298438 0.013672 0.306250 0.076172 0.179688 0.105469
0 0.026562 0.017578 0.151562 0.013672 0.151562 0.072266 0.026562 0.076172
0 0.518750 0.835938 0.640625 0.873047 0.629687 0.931641 0.504687 0.898438
4 0.106250 0.824219 0.209375 0.804688 0.214062 0.855469 0.110937 0.873047
4 0.103125 0.896484 0.220312 0.882812 0.225000 0.939453 0.106250 0.953125
0 0.260937 0.890625 0.392188 0.882812 0.392188 0.951172 0.260937 0.958984
2 0.223438 0.806641 0.373437 0.765625 0.384375 0.828125 0.234375 0.867188
0 0.229687 0.726562 0.364063 0.693359 0.371875 0.753906 0.237500 0.785156
