0 0.389062 0.386719 0.476562 0.384766 0.475000 0.437500 0.387500 0.435547
0 0.384375 0.320312 0.481250 0.318359 0.482812 0.375000 0.385937 0.375000
0 0.384375 0.253906 0.490625 0.261719 0.484375 0.314453 0.379688 0.306641
0 0.384375 0.205078 0.490625 0.208984 0.490625 0.253906 0.384375 0.253906
0 0.387500 0.150391 0.479687 0.144531 0.479687 0.195312 0.387500 0.199219
0 0.384375 0.093750 0.482812 0.093750 0.484375 0.142578 0.384375 0.142578
0 0.512500 0.044922 0.546875 0.044922 0.548438 0.154297 0.512500 0.154297
4 0.393750 0.027344 0.468750 0.027344 0.467187 0.082031 0.393750 0.078125
0 0.262500 0.093750 0.303125 0.093750 0.300000 0.212891 0.259375 0.210938
0 0.512500 0.466797 0.550000 0.466797 0.548438 0.572266 0.509375 0.572266
0 0.510938 0.582031 0.554688 0.580078 0.560937 0.707031 0.515625 0.708984
0 0.515625 0.736328 0.560937 0.734375 0.560937 0.878906 0.515625 0.876953
0 0.517188 0.929688 0.556250 0.929688 0.556250 1.000000 0.518750 1.000000
0 0.717187 0.818359 0.762500 0.818359 0.767188 0.972656 0.720313 0.970703
0 0.706250 0.656250 0.751563 0.656250 0.760938 0.791016 0.715625 0.791016
0 0.698438 0.500000 0.745313 0.498047 0.751563 0.623047 0.704688 0.621094
0 0.689063 0.361328 0.728125 0.359375 0.728125 0.466797 0.687500 0.466797
0 0.376563 0.732422 0.479687 0.728516 0.479687 0.785156 0.376563 0.785156
0 0.375000 0.658203 0.481250 0.656250 0.482812 0.712891 0.373437 0.712891
0 0.373437 0.593750 0.476562 0.580078 0.482812 0.630859 0.379688 0.644531
0 0.373437 0.511719 0.481250 0.509766 0.484375 0.564453 0.375000 0.570312
0 0.382812 0.443359 0.484375 0.443359 0.487500 0.494141 0.384375 0.496094
0 0.685937 0.087891 0.723437 0.085938 0.731250 0.191406 0.690625 0.191406
0 0.682813 0.000000 0.723437 0.000000 0.720313 0.066406 0.681250 0.066406
0 0.753125 0.046875 0.848437 0.041016 0.850000 0.087891 0.756250 0.091797
0 0.750000 0.099609 0.851562 0.095703 0.856250 0.144531 0.756250 0.150391
0 0.754687 0.162109 0.857812 0.154297 0.864062 0.207031 0.759375 0.216797
0 0.745313 0.222656 0.850000 0.218750 0.850000 0.271484 0.745313 0.271484
0 0.742188 0.275391 0.854688 0.273438 0.857812 0.326172 0.745313 0.330078
0 0.768750 0.343750 0.875000 0.339844 0.875000 0.388672 0.767188 0.392578
0 0.768750 0.398438 0.865625 0.398438 0.870313 0.449219 0.770312 0.451172
0 0.762500 0.462891 0.876563 0.462891 0.879687 0.525391 0.762500 0.527344
0 0.685937 0.226562 0.725000 0.228516 0.725000 0.343750 0.682813 0.339844
0 0.771875 0.539062 0.879687 0.539062 0.884375 0.599609 0.770312 0.597656
0 0.782813 0.603516 0.879687 0.603516 0.879687 0.664062 0.781250 0.664062
0 0.789062 0.675781 0.904687 0.673828 0.907813 0.730469 0.789062 0.730469
0 0.779687 0.751953 0.892188 0.751953 0.896875 0.810547 0.782813 0.810547
0 0.775000 0.822266 0.882812 0.818359 0.885938 0.876953 0.775000 0.876953
0 0.776563 0.902344 0.906250 0.894531 0.917188 0.962891 0.781250 0.972656
0 0.954688 0.369141 0.996875 0.367188 0.996875 0.482422 0.956250 0.482422
0 0.940625 0.214844 1.000000 0.269531 1.000000 0.314453 0.918750 0.259766
0 0.934375 0.109375 0.975000 0.107422 0.985938 0.220703 0.942187 0.222656
0 0.923438 0.068359 0.982812 0.000000 1.000000 0.000000 0.960938 0.097656
0 0.903125 0.017578 0.950000 0.000000 0.984375 0.000000 0.934375 0.046875
0 0.375000 0.806641 0.492188 0.806641 0.492188 0.863281 0.371875 0.865234
0 0.362500 0.878906 0.475000 0.878906 0.476562 0.937500 0.364063 0.939453
0 0.376563 0.962891 0.489063 0.960938 0.490625 1.000000 0.375000 1.000000
0 0.520312 0.179688 0.554688 0.177734 0.564063 0.294922 0.525000 0.296875
0 0.510938 0.328125 0.548438 0.326172 0.551562 0.449219 0.514062 0.449219
