0 0.656250 0.796875 0.729688 0.796875 0.729688 0.835938 0.653125 0.835938
0 0.792188 0.955078 0.821875 0.955078 0.825000 1.000000 0.795312 1.000000
0 0.790625 0.859375 0.820312 0.859375 0.828125 0.941406 0.792188 0.941406
0 0.781250 0.748047 0.812500 0.746094 0.821875 0.822266 0.789062 0.822266
0 0.778125 0.699219 0.851562 0.695312 0.854688 0.732422 0.779687 0.740234
0 0.770312 0.636719 0.837500 0.630859 0.842187 0.671875 0.770312 0.675781
0 0.764062 0.554688 0.792188 0.554688 0.795312 0.625000 0.765625 0.625000
0 0.668750 0.574219 0.731250 0.570312 0.734375 0.605469 0.668750 0.611328
0 0.665625 0.613281 0.731250 0.607422 0.734375 0.644531 0.668750 0.646484
0 0.664062 0.675781 0.739062 0.675781 0.740625 0.716797 0.664062 0.716797
0 0.662500 0.712891 0.721875 0.714844 0.721875 0.750000 0.660937 0.750000
0 0.657813 0.753906 0.732812 0.753906 0.732812 0.791016 0.656250 0.789062
0 0.659375 0.843750 0.728125 0.835938 0.732812 0.875000 0.664062 0.886719
0 0.662500 0.880859 0.731250 0.880859 0.735938 0.923828 0.662500 0.923828
0 0.656250 0.953125 0.731250 0.937500 0.739062 0.974609 0.662500 0.990234
0 0.382812 0.935547 0.409375 0.935547 0.407813 1.000000 0.379688 1.000000
0 0.387500 0.833984 0.414062 0.835938 0.412500 0.916016 0.382812 0.916016
4 0.389062 0.736328 0.417187 0.736328 0.415625 0.820312 0.385937 0.820312
0 0.393750 0.646484 0.420312 0.646484 0.418750 0.722656 0.390625 0.722656
0 0.393750 0.560547 0.421875 0.560547 0.420312 0.626953 0.393750 0.626953
0 0.403125 0.490234 0.428125 0.490234 0.429688 0.558594 0.403125 0.558594
0 0.403125 0.431641 0.431250 0.431641 0.429688 0.486328 0.403125 0.488281
0 0.407813 0.365234 0.432812 0.365234 0.429688 0.423828 0.404687 0.423828
0 0.409375 0.279297 0.431250 0.279297 0.432812 0.339844 0.407813 0.341797
0 0.418750 0.218750 0.440625 0.218750 0.439063 0.275391 0.415625 0.275391
0 0.420312 0.160156 0.442188 0.160156 0.442188 0.214844 0.417187 0.214844
0 0.423438 0.097656 0.445312 0.097656 0.442188 0.150391 0.418750 0.150391
0 0.425000 0.046875 0.448437 0.046875 0.446875 0.097656 0.421875 0.097656
0 0.406250 0.015625 0.460938 0.017578 0.462500 0.048828 0.404687 0.048828
