0 0.885938 0.246094 0.971875 0.169922 1.000000 0.220703 0.917188 0.292969
0 0.884375 0.324219 0.998437 0.261719 1.000000 0.310547 0.909375 0.367188
0 0.765625 0.300781 0.814063 0.330078 0.750000 0.425781 0.712500 0.406250
4 0.640625 0.253906 0.721875 0.226562 0.729688 0.283203 0.650000 0.302734
0 0.654687 0.214844 0.729688 0.154297 0.754687 0.193359 0.671875 0.242188
0 0.304688 0.605469 0.371875 0.527344 0.398438 0.568359 0.329688 0.642578
0 0.392188 0.597656 0.429688 0.580078 0.471875 0.699219 0.429688 0.724609
0 0.167187 0.458984 0.276562 0.441406 0.284375 0.488281 0.178125 0.517578
0 0.173437 0.521484 0.276562 0.507812 0.276562 0.564453 0.176563 0.576172
0 0.214062 0.578125 0.268750 0.574219 0.253125 0.716797 0.210938 0.712891
0 0.115625 0.607422 0.162500 0.591797 0.187500 0.710938 0.140625 0.732422
0 0.057813 0.628906 0.103125 0.609375 0.129688 0.744141 0.079687 0.757812
0 0.031250 0.468750 0.050000 0.515625 0.000000 0.566406 0.000000 0.515625
0 0.173437 0.400391 0.273438 0.386719 0.275000 0.437500 0.176563 0.449219
0 0.154688 0.355469 0.251563 0.302734 0.271875 0.361328 0.170313 0.408203
0 0.154688 0.291016 0.229687 0.263672 0.239063 0.304688 0.164062 0.339844
0 0.262500 0.232422 0.300000 0.208984 0.340625 0.333984 0.304688 0.355469
