4 0.043750 0.343750 0.157812 0.343750 0.159375 0.406250 0.045312 0.414062
0 0.056250 0.177734 0.175000 0.181641 0.176563 0.244141 0.056250 0.240234
0 0.218750 0.158203 0.326562 0.156250 0.334375 0.214844 0.217188 0.224609
4 0.451562 0.441406 0.509375 0.445312 0.518750 0.626953 0.457813 0.632812
4 0.206250 0.601562 0.343750 0.605469 0.343750 0.666016 0.198437 0.656250
0 0.232813 0.296875 0.351562 0.291016 0.356250 0.345703 0.232813 0.363281
0 0.856250 0.150391 0.978125 0.140625 0.981250 0.195312 0.857812 0.210938
0 0.204687 0.546875 0.331250 0.507812 0.335938 0.568359 0.218750 0.609375
0 0.400000 0.447266 0.446875 0.464844 0.414062 0.607422 0.362500 0.582031
0 0.767188 0.687500 0.885938 0.683594 0.892188 0.750000 0.770312 0.755859
0 0.215625 0.007812 0.331250 0.001953 0.334375 0.068359 0.218750 0.064453
0 0.200000 0.078125 0.318750 0.074219 0.320312 0.132812 0.204687 0.138672
0 0.464062 0.011719 0.507812 0.011719 0.510938 0.152344 0.467187 0.148438
0 0.212500 0.226562 0.342187 0.222656 0.337500 0.285156 0.206250 0.281250
