0 0.075000 0.451172 0.206250 0.455078 0.198437 0.513672 0.070312 0.501953
0 0.000000 0.453125 0.060937 0.453125 0.060937 0.523438 0.000000 0.521484
0 0.000000 0.382812 0.075000 0.382812 0.075000 0.445312 0.000000 0.443359
0 0.081250 0.380859 0.212500 0.382812 0.209375 0.441406 0.079687 0.435547
0 0.100000 0.242188 0.228125 0.224609 0.229687 0.289062 0.106250 0.308594
0 0.000000 0.167969 0.098437 0.175781 0.096875 0.234375 0.000000 0.236328
0 0.000000 0.103516 0.104688 0.105469 0.101562 0.169922 0.000000 0.162109
0 0.000000 0.021484 0.098437 0.039062 0.100000 0.095703 0.000000 0.087891
4 0.331250 0.015625 0.384375 0.015625 0.385937 0.146484 0.329688 0.148438
2 0.575000 0.000000 0.650000 0.000000 0.659375 0.287109 0.578125 0.289062
0 0.176563 0.810547 0.293750 0.824219 0.285938 0.880859 0.168750 0.873047
