0 0.587500 0.552734 0.700000 0.544922 0.698438 0.599609 0.587500 0.601562
0 0.020313 0.732422 0.065625 0.738281 0.053125 0.869141 0.006250 0.855469
0 0.064062 0.726562 0.121875 0.724609 0.123438 0.873047 0.065625 0.878906
0 0.132812 0.734375 0.181250 0.728516 0.189062 0.865234 0.134375 0.873047
0 0.206250 0.740234 0.250000 0.738281 0.250000 0.867188 0.203125 0.869141
0 0.404687 0.726562 0.453125 0.726562 0.453125 0.867188 0.406250 0.873047
0 0.471875 0.716797 0.523438 0.718750 0.520312 0.865234 0.465625 0.869141
0 0.532813 0.728516 0.581250 0.730469 0.587500 0.853516 0.539062 0.855469
0 0.604688 0.732422 0.650000 0.732422 0.656250 0.859375 0.606250 0.863281
0 0.668750 0.734375 0.712500 0.734375 0.723437 0.863281 0.681250 0.865234
0 0.793750 0.722656 0.856250 0.722656 0.868750 0.851562 0.801562 0.851562
0 0.868750 0.728516 0.918750 0.722656 0.932813 0.869141 0.882812 0.871094
0 0.939063 0.710938 0.993750 0.707031 1.000000 0.855469 0.951562 0.863281
0 0.050000 0.558594 0.160938 0.546875 0.157812 0.613281 0.050000 0.621094
0 0.179688 0.568359 0.268750 0.566406 0.267188 0.615234 0.175000 0.609375
0 0.293750 0.564453 0.400000 0.558594 0.398438 0.611328 0.293750 0.617188
0 0.425000 0.552734 0.543750 0.552734 0.543750 0.613281 0.423438 0.615234
0 0.882812 0.533203 1.000000 0.529297 1.000000 0.583984 0.887500 0.587891
