0 0.135937 0.484375 0.214062 0.490234 0.214062 0.529297 0.132812 0.529297
0 0.578125 0.195312 0.614062 0.193359 0.610938 0.255859 0.573438 0.250000
3 0.560937 0.009766 0.710938 0.013672 0.707812 0.048828 0.560937 0.039062
3 0.560937 0.033203 0.700000 0.044922 0.704688 0.115234 0.551562 0.109375
3 0.896875 0.224609 0.951562 0.210938 0.992188 0.402344 0.925000 0.412109
3 0.762500 0.474609 0.884375 0.457031 0.900000 0.517578 0.768750 0.535156
0 0.040625 0.716797 0.118750 0.720703 0.115625 0.759766 0.037500 0.759766
0 0.137500 0.718750 0.220312 0.726562 0.218750 0.769531 0.137500 0.767578
0 0.232813 0.724609 0.317188 0.724609 0.321875 0.769531 0.232813 0.767578
0 0.337500 0.734375 0.403125 0.728516 0.407813 0.769531 0.335938 0.773438
0 0.429688 0.726562 0.506250 0.732422 0.510938 0.775391 0.431250 0.777344
0 0.537500 0.734375 0.618750 0.736328 0.620313 0.783203 0.534375 0.779297
0 0.634375 0.726562 0.723437 0.730469 0.725000 0.773438 0.634375 0.773438
0 0.760938 0.738281 0.840625 0.744141 0.840625 0.779297 0.760938 0.781250
0 0.878125 0.742188 0.945312 0.740234 0.951562 0.785156 0.876563 0.783203
0 0.103125 0.443359 0.175000 0.437500 0.179688 0.480469 0.103125 0.484375
0 0.200000 0.437500 0.259375 0.443359 0.256250 0.486328 0.195312 0.476562
0 0.279687 0.445312 0.356250 0.447266 0.354687 0.484375 0.279687 0.482422
0 0.360938 0.447266 0.434375 0.447266 0.429688 0.494141 0.359375 0.496094
0 0.446875 0.441406 0.523438 0.447266 0.525000 0.490234 0.442188 0.484375
0 0.487500 0.488281 0.551562 0.492188 0.554688 0.531250 0.485938 0.529297
0 0.532813 0.445312 0.612500 0.449219 0.606250 0.490234 0.535937 0.490234
0 0.612500 0.445312 0.701562 0.447266 0.698438 0.494141 0.617188 0.488281
0 0.698438 0.470703 0.746875 0.439453 0.770312 0.476562 0.715625 0.503906
0 0.764062 0.433594 0.790625 0.425781 0.812500 0.472656 0.789062 0.484375
0 0.809375 0.404297 0.835938 0.398438 0.850000 0.460938 0.820312 0.472656
0 0.853125 0.398438 0.884375 0.392578 0.901563 0.458984 0.871875 0.462891
0 0.784375 0.312500 0.812500 0.304688 0.814063 0.371094 0.778125 0.373047
0 0.000000 0.445312 0.076563 0.445312 0.078125 0.478516 0.000000 0.478516
