0 0.665625 0.023438 0.706250 0.023438 0.703125 0.146484 0.662500 0.146484
0 0.592187 0.087891 0.632812 0.095703 0.607812 0.224609 0.565625 0.210938
0 0.615625 0.000000 0.653125 0.003906 0.634375 0.091797 0.595313 0.080078
2 0.553125 0.000000 0.607812 0.000000 0.573438 0.138672 0.521875 0.128906
2 0.496875 0.000000 0.545312 0.000000 0.515625 0.126953 0.467187 0.113281
2 0.439063 0.000000 0.492188 0.000000 0.459375 0.103516 0.412500 0.089844
2 0.376563 0.000000 0.431250 0.000000 0.393750 0.121094 0.346875 0.109375
2 0.264062 0.000000 0.309375 0.000000 0.275000 0.070312 0.232813 0.050781
2 0.032813 0.000000 0.090625 0.000000 0.056250 0.144531 0.000000 0.123047
2 0.103125 0.000000 0.157812 0.003906 0.121875 0.167969 0.064062 0.148438
2 0.167187 0.050781 0.217188 0.064453 0.184375 0.218750 0.134375 0.207031
2 0.228125 0.074219 0.273438 0.087891 0.243750 0.232422 0.193750 0.212891
2 0.287500 0.091797 0.339062 0.113281 0.304688 0.246094 0.254688 0.228516
2 0.340625 0.113281 0.392188 0.123047 0.362500 0.269531 0.314063 0.255859
2 0.393750 0.109375 0.446875 0.123047 0.420312 0.287109 0.362500 0.273438
2 0.446875 0.126953 0.496875 0.146484 0.467187 0.296875 0.417187 0.287109
2 0.509375 0.142578 0.557813 0.156250 0.525000 0.316406 0.475000 0.306641
2 0.320312 0.265625 0.448437 0.296875 0.434375 0.353516 0.306250 0.318359
2 0.239063 0.533203 0.282813 0.507812 0.332813 0.644531 0.282813 0.669922
2 0.070312 0.492188 0.198437 0.552734 0.168750 0.621094 0.045312 0.558594
2 0.400000 0.593750 0.448437 0.556641 0.520312 0.687500 0.470313 0.730469
0 0.654687 0.156250 0.695312 0.166016 0.676562 0.275391 0.635938 0.263672
0 0.557813 0.240234 0.598437 0.248047 0.587500 0.341797 0.546875 0.335938
