0 0.048438 0.923828 0.073438 0.931641 0.059375 1.000000 0.039062 0.994141
0 0.068750 0.757812 0.093750 0.765625 0.079687 0.833984 0.059375 0.828125
0 0.698438 0.591797 0.765625 0.578125 0.770312 0.617188 0.701562 0.625000
0 0.687500 0.564453 0.759375 0.552734 0.759375 0.582031 0.687500 0.591797
0 0.701562 0.523438 0.765625 0.517578 0.767188 0.550781 0.701562 0.554688
0 0.690625 0.484375 0.748437 0.482422 0.750000 0.513672 0.690625 0.521484
0 0.000000 0.177734 0.015625 0.162109 0.046875 0.201172 0.029687 0.216797
0 0.017188 0.126953 0.067187 0.138672 0.059375 0.171875 0.009375 0.154297
0 0.295312 0.074219 0.321875 0.074219 0.323437 0.134766 0.295312 0.136719
0 0.056250 0.843750 0.081250 0.851562 0.067187 0.919922 0.046875 0.914062
