4 0.939063 0.550781 1.000000 0.628906 1.000000 0.693359 0.910937 0.613281
2 0.000000 0.519531 0.098437 0.500000 0.101562 0.566406 0.000000 0.589844
0 0.000000 0.337891 0.117188 0.337891 0.117188 0.408203 0.000000 0.408203
0 0.000000 0.255859 0.115625 0.250000 0.112500 0.330078 0.000000 0.324219
0 0.000000 0.156250 0.101562 0.152344 0.104688 0.234375 0.000000 0.224609
0 0.000000 0.050781 0.115625 0.066406 0.117188 0.132812 0.000000 0.107422
0 0.225000 0.000000 0.271875 0.000000 0.265625 0.115234 0.218750 0.117188
0 0.376563 0.017578 0.506250 0.009766 0.509375 0.074219 0.381250 0.083984
0 0.378125 0.097656 0.510938 0.103516 0.507812 0.167969 0.381250 0.169922
0 0.373437 0.167969 0.510938 0.175781 0.506250 0.248047 0.371875 0.238281
0 0.384375 0.248047 0.512500 0.263672 0.510938 0.337891 0.375000 0.328125
0 0.371875 0.351562 0.510938 0.353516 0.510938 0.423828 0.371875 0.429688
0 0.526563 0.013672 0.650000 0.007812 0.654687 0.072266 0.525000 0.076172
0 0.529687 0.089844 0.660937 0.089844 0.665625 0.156250 0.529687 0.160156
0 0.534375 0.173828 0.664062 0.173828 0.667188 0.238281 0.532813 0.242188
0 0.543750 0.263672 0.662500 0.259766 0.667188 0.330078 0.537500 0.330078
0 0.537500 0.351562 0.673438 0.351562 0.679688 0.433594 0.545312 0.435547
0 0.896875 0.011719 1.000000 0.003906 1.000000 0.080078 0.906250 0.091797
0 0.906250 0.113281 1.000000 0.083984 1.000000 0.160156 0.912500 0.181641
0 0.904687 0.191406 1.000000 0.175781 1.000000 0.246094 0.915625 0.257812
0 0.931250 0.287109 1.000000 0.281250 1.000000 0.357422 0.928125 0.357422
0 0.931250 0.390625 1.000000 0.371094 1.000000 0.449219 0.937500 0.464844
0 0.842187 0.619141 0.900000 0.583984 0.981250 0.744141 0.917188 0.781250
0 0.779687 0.587891 0.848437 0.589844 0.856250 0.757812 0.792188 0.759766
0 0.709375 0.582031 0.776563 0.576172 0.771875 0.751953 0.710938 0.746094
0 0.629687 0.587891 0.696875 0.585938 0.701562 0.751953 0.639062 0.753906
0 0.553125 0.574219 0.617188 0.576172 0.617188 0.730469 0.564063 0.730469
0 0.481250 0.585938 0.543750 0.578125 0.560937 0.738281 0.504687 0.748047
0 0.406250 0.583984 0.468750 0.578125 0.471875 0.750000 0.412500 0.751953
0 0.337500 0.595703 0.404687 0.595703 0.404687 0.755859 0.339062 0.761719
0 0.259375 0.591797 0.321875 0.591797 0.323437 0.750000 0.257812 0.753906
0 0.190625 0.593750 0.248438 0.591797 0.239063 0.759766 0.187500 0.761719
0 0.115625 0.583984 0.179688 0.582031 0.178125 0.757812 0.120313 0.757812
