0 0.223438 0.787109 0.325000 0.789062 0.328125 0.847656 0.226562 0.845703
0 0.232813 0.859375 0.325000 0.861328 0.323437 0.917969 0.234375 0.916016
0 0.245312 0.984375 0.342187 0.986328 0.337500 1.000000 0.240625 1.000000
0 0.417187 0.845703 0.464062 0.843750 0.462500 0.972656 0.417187 0.974609
0 0.784375 0.412109 0.865625 0.410156 0.862500 0.472656 0.782813 0.474609
0 0.764062 0.626953 0.834375 0.570312 0.854688 0.615234 0.784375 0.669922
0 0.750000 0.703125 0.837500 0.650391 0.859375 0.703125 0.771875 0.751953
0 0.725000 0.781250 0.810937 0.750000 0.826562 0.806641 0.740625 0.833984
0 0.846875 0.800781 0.867188 0.837891 0.820312 0.894531 0.800000 0.859375
0 0.792188 0.947266 0.845313 0.888672 0.867188 0.925781 0.812500 0.984375
0 0.932813 0.917969 0.971875 0.917969 0.975000 1.000000 0.937500 1.000000
0 0.917188 0.742188 0.970313 0.736328 0.978125 0.867188 0.925000 0.873047
0 0.915625 0.605469 0.967187 0.605469 0.967187 0.736328 0.920312 0.740234
0 0.254688 0.083984 0.346875 0.085938 0.350000 0.136719 0.250000 0.136719
0 0.225000 0.722656 0.328125 0.724609 0.326562 0.779297 0.228125 0.781250
0 0.817187 0.003906 0.882812 0.046875 0.859375 0.097656 0.795312 0.048828
0 0.771875 0.181641 0.856250 0.156250 0.859375 0.203125 0.779687 0.226562
0 0.771875 0.236328 0.859375 0.224609 0.859375 0.271484 0.773438 0.283203
0 0.782813 0.287109 0.865625 0.287109 0.860938 0.337891 0.781250 0.335938
0 0.771875 0.349609 0.851562 0.351562 0.851562 0.404297 0.771875 0.402344
0 0.253125 0.269531 0.345313 0.269531 0.345313 0.320312 0.251563 0.318359
0 0.240625 0.208984 0.334375 0.214844 0.334375 0.263672 0.240625 0.259766
0 0.248438 0.136719 0.342187 0.136719 0.343750 0.189453 0.248438 0.189453
0 0.253125 0.023438 0.332813 0.023438 0.334375 0.072266 0.254688 0.070312
0 0.223438 0.664062 0.323437 0.662109 0.323437 0.712891 0.228125 0.716797
0 0.231250 0.593750 0.321875 0.593750 0.323437 0.646484 0.231250 0.644531
0 0.485938 0.751953 0.581250 0.753906 0.581250 0.806641 0.485938 0.800781
0 0.264062 0.521484 0.342187 0.527344 0.340625 0.576172 0.262500 0.572266
0 0.262500 0.457031 0.354687 0.457031 0.357812 0.507812 0.260937 0.507812
0 0.271875 0.390625 0.345313 0.390625 0.348438 0.439453 0.271875 0.439453
0 0.271875 0.330078 0.357812 0.328125 0.359375 0.382812 0.271875 0.380859
