0 0.790625 0.125000 0.815625 0.125000 0.815625 0.177734 0.790625 0.177734
0 0.270313 0.083984 0.287500 0.066406 0.326562 0.099609 0.312500 0.117188
0 0.276562 0.119141 0.290625 0.105469 0.325000 0.132812 0.312500 0.148438
0 0.896875 0.833984 0.910937 0.851562 0.879687 0.904297 0.857812 0.884766
0 0.798438 0.861328 0.840625 0.812500 0.857812 0.833984 0.817187 0.884766
0 0.756250 0.794922 0.784375 0.800781 0.773438 0.876953 0.743750 0.869141
0 0.000000 0.703125 0.023438 0.681641 0.064062 0.726562 0.040625 0.751953
0 0.031250 0.679688 0.051562 0.660156 0.087500 0.703125 0.068750 0.722656
0 0.068750 0.650391 0.090625 0.634766 0.129688 0.683594 0.112500 0.703125
0 0.245312 0.400391 0.296875 0.400391 0.296875 0.429688 0.245312 0.429688
0 0.231250 0.435547 0.295312 0.435547 0.295312 0.472656 0.231250 0.472656
0 0.229687 0.484375 0.293750 0.478516 0.295312 0.509766 0.231250 0.511719
0 0.232813 0.515625 0.293750 0.509766 0.295312 0.541016 0.232813 0.544922
0 0.225000 0.554688 0.290625 0.554688 0.289062 0.583984 0.225000 0.582031
0 0.226562 0.576172 0.290625 0.576172 0.290625 0.609375 0.226562 0.609375
0 0.184375 0.552734 0.209375 0.558594 0.201563 0.623047 0.176563 0.621094
0 0.206250 0.767578 0.279687 0.767578 0.279687 0.814453 0.206250 0.814453
0 0.196875 0.728516 0.279687 0.728516 0.279687 0.771484 0.196875 0.771484
0 0.212500 0.617188 0.276562 0.617188 0.276562 0.662109 0.212500 0.662109
0 0.632812 0.748047 0.654687 0.748047 0.654687 0.824219 0.632812 0.824219
0 0.632812 0.576172 0.653125 0.576172 0.653125 0.642578 0.632812 0.642578
0 0.623437 0.500000 0.653125 0.500000 0.653125 0.576172 0.623437 0.576172
0 0.696875 0.486328 0.721875 0.486328 0.721875 0.552734 0.696875 0.552734
0 0.693750 0.347656 0.715625 0.347656 0.715625 0.400391 0.693750 0.400391
0 0.723437 0.332031 0.748437 0.332031 0.748437 0.384766 0.723437 0.384766
0 0.782813 0.037109 0.804688 0.037109 0.804688 0.087891 0.782813 0.087891
0 0.798438 0.277344 0.821875 0.277344 0.821875 0.330078 0.798438 0.330078
0 0.684375 0.285156 0.742188 0.285156 0.742188 0.314453 0.684375 0.314453
0 0.682813 0.246094 0.743750 0.246094 0.743750 0.277344 0.682813 0.277344
0 0.684375 0.220703 0.729688 0.220703 0.729688 0.246094 0.684375 0.246094
0 0.682813 0.199219 0.739062 0.199219 0.739062 0.226562 0.682813 0.226562
0 0.682813 0.167969 0.742188 0.167969 0.742188 0.195312 0.682813 0.195312
0 0.676562 0.136719 0.732812 0.136719 0.732812 0.162109 0.676562 0.162109
0 0.678125 0.115234 0.726562 0.115234 0.726562 0.136719 0.678125 0.136719
0 0.681250 0.089844 0.732812 0.089844 0.732812 0.115234 0.681250 0.115234
0 0.678125 0.021484 0.734375 0.021484 0.734375 0.046875 0.678125 0.046875
0 0.243750 0.330078 0.309375 0.330078 0.309375 0.367188 0.243750 0.367188
0 0.253125 0.298828 0.314063 0.298828 0.314063 0.328125 0.253125 0.328125
0 0.618750 0.361328 0.639062 0.361328 0.639062 0.419922 0.618750 0.419922
0 0.618750 0.298828 0.643750 0.298828 0.643750 0.357422 0.618750 0.357422
0 0.625000 0.255859 0.645312 0.255859 0.645312 0.296875 0.625000 0.296875
0 0.623437 0.185547 0.645312 0.185547 0.645312 0.238281 0.623437 0.238281
0 0.615625 0.130859 0.642188 0.130859 0.642188 0.177734 0.615625 0.177734
0 0.617188 0.091797 0.640625 0.091797 0.640625 0.130859 0.617188 0.130859
0 0.617188 0.039062 0.639062 0.039062 0.639062 0.091797 0.617188 0.091797
0 0.618750 0.000000 0.637500 0.000000 0.637500 0.031250 0.618750 0.031250
0 0.590625 0.201172 0.617188 0.199219 0.620313 0.261719 0.590625 0.261719
0 0.357812 0.273438 0.382812 0.277344 0.378125 0.343750 0.351562 0.341797
0 0.271875 0.238281 0.325000 0.236328 0.328125 0.263672 0.270313 0.265625
0 0.260937 0.218750 0.315625 0.212891 0.317188 0.236328 0.262500 0.242188
0 0.256250 0.191406 0.315625 0.189453 0.315625 0.216797 0.259375 0.220703
0 0.259375 0.156250 0.317188 0.162109 0.315625 0.191406 0.259375 0.187500
0 0.268750 0.134766 0.328125 0.132812 0.328125 0.166016 0.270313 0.164062
4 0.378125 0.058594 0.401562 0.062500 0.396875 0.109375 0.375000 0.109375
4 0.381250 0.015625 0.403125 0.017578 0.401562 0.062500 0.378125 0.062500
