0 0.229687 0.769531 0.278125 0.769531 0.276562 0.917969 0.225000 0.923828
0 0.618750 0.332031 0.665625 0.332031 0.675000 0.435547 0.632812 0.443359
0 0.559375 0.187500 0.598437 0.195312 0.604688 0.294922 0.554688 0.294922
0 0.610938 0.201172 0.654687 0.193359 0.665625 0.300781 0.625000 0.314453
0 0.603125 0.060547 0.650000 0.058594 0.656250 0.175781 0.610938 0.177734
0 0.589063 0.000000 0.626563 0.000000 0.635938 0.046875 0.596875 0.054688
0 0.467187 0.037109 0.510938 0.035156 0.509375 0.136719 0.465625 0.140625
0 0.467187 0.318359 0.517188 0.318359 0.515625 0.435547 0.473438 0.441406
0 0.629687 0.466797 0.678125 0.464844 0.685937 0.589844 0.639062 0.589844
0 0.643750 0.646484 0.685937 0.644531 0.701562 0.777344 0.653125 0.779297
0 0.654687 0.808594 0.706250 0.808594 0.712500 0.964844 0.650000 0.958984
0 0.492188 0.847656 0.551562 0.841797 0.554688 0.996094 0.504687 0.996094
0 0.226562 0.941406 0.278125 0.945312 0.275000 1.000000 0.218750 1.000000
0 0.235937 0.578125 0.284375 0.580078 0.289062 0.730469 0.234375 0.724609
0 0.234375 0.417969 0.285938 0.417969 0.285938 0.558594 0.234375 0.554688
0 0.248438 0.269531 0.298438 0.271484 0.293750 0.400391 0.250000 0.400391
0 0.254688 0.136719 0.296875 0.132812 0.298438 0.248047 0.257812 0.246094
0 0.250000 0.000000 0.300000 0.000000 0.298438 0.087891 0.256250 0.089844
