3 0.615625 0.455078 0.795312 0.341797 0.821875 0.396484 0.640625 0.509766
3 0.595313 0.382812 0.778125 0.269531 0.804688 0.328125 0.617188 0.433594
3 0.567187 0.302734 0.756250 0.191406 0.778125 0.250000 0.590625 0.355469
3 0.387500 0.035156 0.426563 0.015625 0.518750 0.230469 0.475000 0.259766
3 0.332813 0.060547 0.368750 0.035156 0.459375 0.257812 0.417187 0.289062
3 0.271875 0.091797 0.312500 0.072266 0.400000 0.294922 0.359375 0.318359
3 0.207813 0.121094 0.246875 0.097656 0.337500 0.314453 0.296875 0.339844
3 0.860938 0.958984 1.000000 0.867188 1.000000 0.921875 0.882812 1.000000
3 0.815625 0.878906 1.000000 0.759766 1.000000 0.826172 0.850000 0.949219
3 0.756250 0.726562 0.942187 0.603516 0.968750 0.673828 0.781250 0.783203
3 0.785937 0.808594 0.971875 0.691406 0.995313 0.740234 0.806250 0.863281
3 0.721875 0.654297 0.906250 0.541016 0.931250 0.603516 0.750000 0.716797
3 0.687500 0.587891 0.868750 0.472656 0.895312 0.535156 0.710938 0.652344
3 0.651563 0.517578 0.837500 0.402344 0.859375 0.462891 0.675000 0.578125
