0 0.893750 0.000000 0.935937 0.000000 0.939063 0.083984 0.900000 0.080078
0 0.131250 0.000000 0.250000 0.000000 0.242188 0.044922 0.123438 0.044922
0 0.407813 0.000000 0.445312 0.000000 0.418750 0.056641 0.382812 0.035156
0 0.364063 0.279297 0.415625 0.285156 0.401562 0.443359 0.348438 0.433594
0 0.371875 0.091797 0.425000 0.099609 0.407813 0.248047 0.362500 0.242188
0 0.176563 0.093750 0.217188 0.050781 0.292187 0.156250 0.256250 0.195312
0 0.087500 0.091797 0.143750 0.089844 0.143750 0.240234 0.089063 0.240234
0 0.087500 0.253906 0.129688 0.255859 0.134375 0.398438 0.084375 0.402344
0 0.048438 0.529297 0.096875 0.513672 0.110937 0.673828 0.053125 0.685547
0 0.350000 0.498047 0.396875 0.509766 0.385937 0.664062 0.334375 0.656250
0 0.342187 0.687500 0.392188 0.693359 0.387500 0.837891 0.332813 0.830078
4 0.032813 0.781250 0.076563 0.791016 0.067187 0.941406 0.015625 0.941406
0 0.050000 0.953125 0.087500 0.970703 0.070312 1.000000 0.014063 1.000000
0 0.332813 0.921875 0.370312 0.927734 0.365625 1.000000 0.323437 1.000000
0 0.696875 0.000000 0.739062 0.000000 0.735938 0.056641 0.690625 0.058594
0 0.692187 0.250000 0.735938 0.246094 0.735938 0.378906 0.692187 0.378906
0 0.690625 0.072266 0.739062 0.070312 0.737500 0.208984 0.690625 0.208984
0 0.684375 0.427734 0.734375 0.427734 0.732812 0.574219 0.685937 0.576172
0 0.690625 0.623047 0.740625 0.626953 0.731250 0.794922 0.675000 0.783203
0 0.771875 0.644531 0.818750 0.642578 0.815625 0.769531 0.773438 0.769531
0 0.771875 0.824219 0.820312 0.828125 0.814063 0.988281 0.764062 0.980469
0 0.684375 0.830078 0.728125 0.828125 0.735938 0.982422 0.684375 0.980469
0 0.887500 0.791016 0.939063 0.794922 0.932813 0.945312 0.884375 0.939453
0 0.879687 0.619141 0.926562 0.617188 0.929688 0.759766 0.885938 0.761719
0 0.857812 0.462891 0.901563 0.453125 0.918750 0.591797 0.876563 0.597656
0 0.878125 0.300781 0.928125 0.298828 0.925000 0.445312 0.878125 0.439453
0 0.887500 0.117188 0.931250 0.117188 0.932813 0.248047 0.884375 0.248047
