3 0.160938 0.214844 0.237500 0.146484 0.265625 0.175781 0.185938 0.251953
1 0.739062 0.587891 0.770312 0.623047 0.707812 0.705078 0.678125 0.664062
1 0.706250 0.548828 0.735938 0.580078 0.668750 0.656250 0.645312 0.625000
1 0.665625 0.507812 0.695312 0.539062 0.634375 0.613281 0.610938 0.578125
4 0.000000 0.375000 0.062500 0.304688 0.084375 0.345703 0.003125 0.421875
4 0.792188 0.525391 0.840625 0.478516 0.865625 0.509766 0.818750 0.562500
4 0.790625 0.455078 0.817187 0.464844 0.789062 0.539062 0.757812 0.525391
0 0.723437 0.464844 0.771875 0.410156 0.795312 0.437500 0.743750 0.494141
0 0.684375 0.429688 0.732812 0.375000 0.754687 0.402344 0.704688 0.458984
0 0.659375 0.400391 0.704688 0.353516 0.723437 0.375000 0.678125 0.419922
0 0.982812 0.636719 1.000000 0.664062 0.971875 0.724609 0.943750 0.695312
0 0.928125 0.513672 0.982812 0.566406 0.965625 0.591797 0.910937 0.539062
0 0.834375 0.462891 0.854688 0.441406 0.904687 0.492188 0.885938 0.521484
0 0.571875 0.314453 0.618750 0.265625 0.645312 0.296875 0.598437 0.347656
0 0.671875 0.039062 0.700000 0.064453 0.642188 0.136719 0.620313 0.111328
