0 0.700000 0.582031 0.751563 0.574219 0.754687 0.718750 0.707812 0.714844
0 0.443750 0.900391 0.559375 0.847656 0.570312 0.904297 0.459375 0.955078
4 0.440625 0.468750 0.554688 0.453125 0.560937 0.501953 0.443750 0.517578
0 0.442188 0.767578 0.564063 0.753906 0.568750 0.824219 0.445312 0.835938
2 0.442188 0.367188 0.554688 0.363281 0.559375 0.431641 0.451562 0.443359
0 0.435937 0.218750 0.553125 0.201172 0.562500 0.259766 0.442188 0.285156
0 0.679688 0.001953 0.731250 0.003906 0.734375 0.140625 0.687500 0.142578
0 0.689063 0.320312 0.731250 0.318359 0.742188 0.474609 0.689063 0.482422
0 0.429688 0.548828 0.568750 0.548828 0.576562 0.611328 0.435937 0.613281
0 0.439063 0.646484 0.568750 0.642578 0.564063 0.701172 0.439063 0.705078
0 0.710938 0.894531 0.759375 0.892578 0.759375 1.000000 0.715625 1.000000
