3 0.715625 0.660156 0.875000 0.810547 0.839063 0.880859 0.675000 0.732422
3 0.660937 0.730469 0.818750 0.871094 0.779687 0.945312 0.617188 0.800781
3 0.610938 0.816406 0.771875 0.955078 0.737500 1.000000 0.573438 0.878906
3 0.556250 0.886719 0.698438 1.000000 0.671875 1.000000 0.515625 0.957031
3 0.603125 0.000000 0.757812 0.099609 0.735938 0.164062 0.578125 0.042969
3 0.565625 0.039062 0.721875 0.152344 0.698438 0.205078 0.537500 0.089844
3 0.525000 0.097656 0.687500 0.201172 0.662500 0.261719 0.498437 0.148438
3 0.487500 0.142578 0.656250 0.253906 0.625000 0.318359 0.456250 0.191406
3 0.448437 0.199219 0.609375 0.310547 0.571875 0.378906 0.412500 0.253906
3 0.412500 0.261719 0.546875 0.375000 0.515625 0.437500 0.375000 0.316406
3 0.359375 0.310547 0.506250 0.421875 0.475000 0.484375 0.323437 0.371094
3 0.312500 0.363281 0.478125 0.488281 0.446875 0.562500 0.267188 0.433594
3 0.229687 0.470703 0.393750 0.617188 0.350000 0.677734 0.185938 0.531250
3 0.200000 0.558594 0.350000 0.681641 0.314063 0.742188 0.162500 0.611328
3 0.137500 0.597656 0.306250 0.753906 0.265625 0.816406 0.098437 0.660156
3 0.084375 0.658203 0.251563 0.816406 0.214062 0.882812 0.037500 0.732422
3 0.059375 0.738281 0.212500 0.886719 0.167187 0.949219 0.017188 0.792969
3 0.000000 0.794922 0.150000 0.958984 0.112500 1.000000 0.000000 0.851562
3 0.307812 0.050781 0.442188 0.154297 0.409375 0.214844 0.275000 0.099609
3 0.270313 0.097656 0.409375 0.207031 0.376563 0.265625 0.234375 0.152344
3 0.225000 0.138672 0.368750 0.269531 0.332813 0.333984 0.184375 0.199219
3 0.178125 0.189453 0.321875 0.326172 0.284375 0.384766 0.139063 0.250000
3 0.125000 0.248047 0.285938 0.380859 0.250000 0.443359 0.092188 0.302734
3 0.084375 0.298828 0.237500 0.439453 0.201563 0.492188 0.045312 0.355469
3 0.037500 0.359375 0.189062 0.494141 0.153125 0.552734 0.000000 0.412109
3 0.006250 0.431641 0.145313 0.548828 0.106250 0.607422 0.000000 0.488281
3 0.914062 0.328125 1.000000 0.417969 1.000000 0.494141 0.875000 0.400391
3 0.878125 0.392578 1.000000 0.515625 1.000000 0.582031 0.840625 0.460938
3 0.839063 0.470703 1.000000 0.583984 0.965625 0.656250 0.804688 0.529297
3 0.793750 0.537109 0.962500 0.664062 0.929688 0.730469 0.760938 0.597656
3 0.754687 0.605469 0.912500 0.738281 0.881250 0.800781 0.718750 0.675781
