0 0.745313 0.478516 0.771875 0.451172 0.826562 0.503906 0.801562 0.531250
0 0.862500 0.404297 0.914062 0.371094 0.935937 0.392578 0.881250 0.431641
0 0.840625 0.380859 0.892188 0.347656 0.914062 0.369141 0.859375 0.408203
0 0.750000 0.351562 0.796875 0.298828 0.825000 0.328125 0.779687 0.378906
0 0.598437 0.328125 0.620313 0.302734 0.671875 0.333984 0.657813 0.375000
0 0.575000 0.468750 0.629687 0.414062 0.653125 0.437500 0.600000 0.498047
0 0.553125 0.609375 0.618750 0.570312 0.640625 0.597656 0.570312 0.646484
0 0.526563 0.582031 0.581250 0.548828 0.601562 0.582031 0.543750 0.619141
0 0.423438 0.478516 0.454688 0.492188 0.431250 0.564453 0.396875 0.556641
2 0.539062 0.068359 0.587500 0.087891 0.465625 0.265625 0.414062 0.230469
2 0.385937 0.080078 0.568750 0.000000 0.609375 0.025391 0.423438 0.146484
2 0.209375 0.113281 0.414062 0.009766 0.442188 0.048828 0.232813 0.164062
1 0.014063 0.125000 0.185938 0.039062 0.210938 0.109375 0.032813 0.195312
2 0.129688 0.199219 0.343750 0.095703 0.373437 0.158203 0.157812 0.271484
