2 0.682813 0.656250 0.740625 0.654297 0.756250 1.000000 0.690625 1.000000
0 0.781250 0.867188 0.821875 0.859375 0.834375 0.962891 0.790625 0.966797
0 0.804688 0.425781 0.834375 0.417969 0.848437 0.501953 0.814063 0.507812
0 0.781250 0.060547 0.812500 0.054688 0.820312 0.132812 0.785937 0.126953
0 0.306250 0.867188 0.350000 0.873047 0.342187 1.000000 0.298438 0.996094
0 0.315625 0.738281 0.356250 0.746094 0.351562 0.859375 0.306250 0.853516
0 0.331250 0.626953 0.370312 0.621094 0.365625 0.728516 0.321875 0.724609
0 0.337500 0.509766 0.375000 0.511719 0.371875 0.615234 0.325000 0.613281
0 0.346875 0.404297 0.384375 0.412109 0.379688 0.500000 0.342187 0.498047
0 0.364063 0.234375 0.396875 0.238281 0.396875 0.318359 0.357812 0.316406
0 0.373437 0.162109 0.404687 0.164062 0.400000 0.230469 0.365625 0.230469
0 0.370312 0.091797 0.401562 0.095703 0.400000 0.167969 0.365625 0.160156
0 0.378125 0.021484 0.401562 0.023438 0.403125 0.097656 0.368750 0.097656
