2 0.279687 0.972656 0.407813 0.943359 0.417187 1.000000 0.285938 1.000000
0 0.185938 0.283203 0.214062 0.277344 0.229687 0.347656 0.193750 0.359375
0 0.123438 0.294922 0.157812 0.283203 0.178125 0.359375 0.140625 0.373047
0 0.071875 0.304688 0.106250 0.292969 0.123438 0.369141 0.089063 0.380859
0 0.020313 0.308594 0.057813 0.304688 0.071875 0.386719 0.034375 0.398438
0 0.525000 0.195312 0.557813 0.187500 0.578125 0.269531 0.543750 0.277344
0 0.571875 0.183594 0.604688 0.175781 0.625000 0.257812 0.590625 0.265625
0 0.648438 0.169922 0.681250 0.162109 0.706250 0.240234 0.675000 0.250000
0 0.690625 0.160156 0.723437 0.152344 0.748437 0.230469 0.717187 0.240234
0 0.735938 0.148438 0.768750 0.140625 0.793750 0.218750 0.762500 0.228516
0 0.314063 0.271484 0.343750 0.267578 0.356250 0.322266 0.321875 0.326172
0 0.915625 0.115234 0.956250 0.103516 0.981250 0.185547 0.945312 0.199219
0 0.151562 0.050781 0.210938 0.000000 0.240625 0.021484 0.184375 0.080078
4 0.170313 0.085938 0.225000 0.039062 0.253125 0.068359 0.196875 0.125000
0 0.860938 0.125000 0.900000 0.117188 0.934375 0.191406 0.892188 0.208984
0 0.193750 0.189453 0.268750 0.138672 0.292187 0.166016 0.229687 0.222656
0 0.207813 0.226562 0.284375 0.185547 0.304688 0.216797 0.228125 0.255859
0 0.270313 0.281250 0.300000 0.277344 0.312500 0.332031 0.278125 0.335938
0 0.231250 0.291016 0.260937 0.287109 0.273438 0.341797 0.239063 0.345703
0 0.481250 0.888672 0.525000 0.861328 0.585938 0.968750 0.540625 0.990234
0 0.364063 0.902344 0.459375 0.878906 0.475000 0.925781 0.370312 0.947266
0 0.104688 0.962891 0.218750 0.945312 0.226562 1.000000 0.110937 1.000000
4 0.240625 0.919922 0.350000 0.902344 0.357812 0.953125 0.246875 0.978516
