0 0.735938 0.910156 0.846875 0.964844 0.829688 1.000000 0.720313 0.962891
4 0.682813 0.662109 0.762500 0.691406 0.753125 0.734375 0.667188 0.712891
0 0.350000 0.031250 0.387500 0.015625 0.414062 0.109375 0.378125 0.128906
0 0.384375 0.150391 0.421875 0.134766 0.460938 0.255859 0.418750 0.273438
0 0.418750 0.279297 0.456250 0.263672 0.492188 0.376953 0.453125 0.402344
0 0.465625 0.408203 0.503125 0.392578 0.534375 0.500000 0.495312 0.521484
0 0.495312 0.542969 0.532813 0.527344 0.564063 0.634766 0.525000 0.656250
0 0.532813 0.667969 0.570312 0.652344 0.601562 0.759766 0.562500 0.781250
0 0.089063 0.826172 0.129688 0.812500 0.157812 0.947266 0.115625 0.960938
0 0.054688 0.677734 0.096875 0.662109 0.128125 0.792969 0.082812 0.808594
0 0.023438 0.529297 0.065625 0.513672 0.096875 0.630859 0.045312 0.652344
0 0.000000 0.380859 0.031250 0.365234 0.062500 0.482422 0.010937 0.503906
0 0.467187 0.000000 0.562500 0.011719 0.546875 0.062500 0.450000 0.025391
0 0.490625 0.048828 0.585938 0.082031 0.570312 0.132812 0.473438 0.095703
0 0.506250 0.109375 0.601562 0.142578 0.585938 0.193359 0.489063 0.156250
0 0.529687 0.193359 0.625000 0.226562 0.609375 0.277344 0.512500 0.240234
0 0.551562 0.263672 0.643750 0.298828 0.626563 0.351562 0.531250 0.310547
0 0.575000 0.357422 0.670312 0.388672 0.664062 0.431641 0.562500 0.400391
0 0.595313 0.423828 0.690625 0.455078 0.678125 0.515625 0.579688 0.478516
0 0.614062 0.500000 0.701562 0.531250 0.685937 0.583984 0.603125 0.554688
0 0.642188 0.589844 0.731250 0.611328 0.723437 0.662109 0.632812 0.638672
0 0.685937 0.736328 0.790625 0.777344 0.782813 0.832031 0.670312 0.789062
0 0.717187 0.826172 0.817187 0.875000 0.806250 0.929688 0.701562 0.878906
1 0.565625 0.794922 0.610938 0.777344 0.662500 0.929688 0.610938 0.957031
