0 0.000000 0.134766 0.054688 0.146484 0.050000 0.187500 0.000000 0.169922
1 0.803125 0.650391 0.934375 0.638672 0.940625 0.714844 0.801562 0.712891
0 0.175000 0.062500 0.251563 0.068359 0.248438 0.095703 0.171875 0.089844
0 0.160938 0.183594 0.239063 0.201172 0.229687 0.230469 0.154688 0.214844
0 0.167187 0.146484 0.245312 0.164062 0.235937 0.193359 0.160938 0.177734
0 0.176563 0.107422 0.254688 0.125000 0.245312 0.154297 0.170313 0.138672
0 0.176563 0.089844 0.254688 0.107422 0.245312 0.136719 0.170313 0.121094
0 0.179688 0.033203 0.256250 0.039062 0.253125 0.066406 0.176563 0.060547
0 0.110937 0.470703 0.187500 0.472656 0.181250 0.513672 0.109375 0.505859
0 0.148438 0.228516 0.229687 0.234375 0.221875 0.275391 0.142187 0.269531
0 0.142187 0.273438 0.223438 0.279297 0.215625 0.320312 0.135937 0.314453
0 0.131250 0.310547 0.212500 0.316406 0.204687 0.357422 0.125000 0.351562
0 0.110937 0.404297 0.192188 0.410156 0.184375 0.451172 0.106250 0.443359
0 0.118750 0.365234 0.200000 0.371094 0.193750 0.408203 0.114062 0.396484
0 0.081250 0.498047 0.165625 0.511719 0.162500 0.554688 0.071875 0.539062
0 0.073438 0.542969 0.153125 0.550781 0.150000 0.591797 0.064062 0.583984
0 0.078125 0.593750 0.157812 0.601562 0.154688 0.642578 0.068750 0.634766
0 0.064062 0.634766 0.143750 0.642578 0.140625 0.683594 0.054688 0.675781
0 0.587500 0.144531 0.656250 0.136719 0.657813 0.175781 0.584375 0.179688
0 0.579688 0.326172 0.657813 0.328125 0.657813 0.369141 0.582812 0.361328
0 0.587500 0.283203 0.668750 0.283203 0.665625 0.328125 0.584375 0.324219
0 0.582812 0.101562 0.657813 0.105469 0.653125 0.142578 0.581250 0.138672
0 0.571875 0.181641 0.653125 0.171875 0.657813 0.216797 0.581250 0.222656
0 0.671875 0.212891 0.701562 0.210938 0.704688 0.292969 0.670312 0.289062
0 0.575000 0.367188 0.648438 0.367188 0.648438 0.416016 0.570312 0.406250
0 0.585938 0.486328 0.665625 0.488281 0.665625 0.527344 0.584375 0.525391
0 0.675000 0.414062 0.706250 0.419922 0.698438 0.494141 0.667188 0.490234
0 0.582812 0.531250 0.673438 0.531250 0.673438 0.583984 0.582812 0.580078
0 0.589063 0.582031 0.665625 0.587891 0.662500 0.628906 0.585938 0.621094
0 0.582812 0.732422 0.678125 0.744141 0.675000 0.798828 0.581250 0.781250
0 0.584375 0.017578 0.665625 0.017578 0.662500 0.058594 0.582812 0.054688
0 0.773438 0.080078 0.857812 0.082031 0.859375 0.126953 0.771875 0.128906
0 0.771875 0.115234 0.856250 0.117188 0.857812 0.162109 0.770312 0.164062
0 0.782813 0.144531 0.867188 0.146484 0.868750 0.191406 0.781250 0.193359
0 0.781250 0.185547 0.865625 0.187500 0.867188 0.232422 0.779687 0.234375
0 0.781250 0.228516 0.865625 0.230469 0.867188 0.275391 0.779687 0.277344
0 0.779687 0.298828 0.864062 0.300781 0.865625 0.345703 0.778125 0.347656
0 0.790625 0.357422 0.875000 0.359375 0.876563 0.404297 0.789062 0.406250
0 0.790625 0.396484 0.875000 0.398438 0.876563 0.443359 0.789062 0.445312
0 0.804688 0.443359 0.889062 0.445312 0.890625 0.490234 0.803125 0.492188
0 0.789062 0.494141 0.881250 0.498047 0.884375 0.541016 0.787500 0.542969
0 0.790625 0.542969 0.882812 0.546875 0.885938 0.589844 0.789062 0.591797
0 0.806250 0.585938 0.887500 0.589844 0.887500 0.628906 0.804688 0.625000
