0 0.081250 0.878906 0.120313 0.892578 0.098437 1.000000 0.056250 0.996094
0 0.201563 0.535156 0.278125 0.591797 0.257812 0.626953 0.181250 0.570312
0 0.932813 0.289062 0.968750 0.306641 0.931250 0.404297 0.896875 0.382812
0 0.410938 0.003906 0.485938 0.054688 0.467187 0.097656 0.392188 0.042969
0 0.354687 0.101562 0.428125 0.158203 0.407813 0.195312 0.337500 0.136719
0 0.326562 0.248047 0.403125 0.306641 0.379688 0.349609 0.304688 0.287109
0 0.273438 0.343750 0.360938 0.384766 0.342187 0.427734 0.259375 0.384766
0 0.126562 0.705078 0.207813 0.746094 0.192188 0.787109 0.110937 0.746094
4 0.115625 0.765625 0.187500 0.798828 0.175000 0.839844 0.101562 0.806641
0 0.096875 0.804688 0.179688 0.839844 0.165625 0.886719 0.084375 0.851562
