2 0.562500 0.359375 0.601562 0.367188 0.581250 0.699219 0.535937 0.689453
2 0.476562 0.333984 0.515625 0.337891 0.492188 0.556641 0.446875 0.560547
2 0.517188 0.349609 0.554688 0.345703 0.539062 0.570312 0.498437 0.568359
2 0.615625 0.380859 0.651563 0.376953 0.637500 0.613281 0.601562 0.607422
2 0.375000 0.703125 0.415625 0.710938 0.373437 0.986328 0.329688 0.974609
2 0.490625 0.572266 0.532813 0.572266 0.507812 0.859375 0.468750 0.859375
2 0.665625 0.443359 0.704688 0.447266 0.684375 0.689453 0.640625 0.683594
2 0.437500 0.621094 0.473438 0.626953 0.450000 0.896484 0.403125 0.896484
0 0.590625 0.751953 0.626563 0.765625 0.618750 0.847656 0.579688 0.841797
0 0.534375 0.734375 0.573438 0.742188 0.571875 0.830078 0.532813 0.824219
0 0.592187 0.666016 0.628125 0.669922 0.620313 0.746094 0.593750 0.744141
0 0.753125 0.648438 0.834375 0.654297 0.831250 0.691406 0.751563 0.685547
2 0.459375 0.931641 0.492188 0.935547 0.484375 1.000000 0.448437 1.000000
4 0.748437 0.824219 0.800000 0.835938 0.801562 0.873047 0.745313 0.859375
1 0.835938 0.824219 0.915625 0.847656 0.912500 0.886719 0.829688 0.867188
4 0.851562 0.798828 0.914062 0.814453 0.912500 0.843750 0.850000 0.820312
1 0.714063 0.703125 0.990625 0.736328 0.990625 0.810547 0.709375 0.777344
1 0.810937 0.875000 0.956250 0.892578 0.953125 0.951172 0.809375 0.927734
2 0.700000 0.904297 0.929688 0.953125 0.925000 1.000000 0.695312 0.958984
0 0.060937 0.134766 0.095312 0.142578 0.076563 0.199219 0.042188 0.189453
0 0.000000 0.371094 0.031250 0.378906 0.007812 0.447266 0.000000 0.433594
