0 0.385937 0.314453 0.409375 0.318359 0.410938 0.369141 0.384375 0.369141
0 0.850000 0.585938 0.871875 0.580078 0.879687 0.650391 0.851562 0.654297
0 0.843750 0.484375 0.865625 0.478516 0.873437 0.548828 0.845313 0.552734
0 0.826562 0.298828 0.848437 0.292969 0.856250 0.363281 0.828125 0.367188
0 0.817187 0.216797 0.839063 0.210938 0.846875 0.281250 0.818750 0.285156
0 0.859375 0.669922 0.881250 0.664062 0.889062 0.734375 0.860938 0.738281
0 0.950000 0.958984 0.971875 0.953125 0.979688 1.000000 0.951562 1.000000
0 0.454688 0.318359 0.478125 0.322266 0.476562 0.371094 0.453125 0.373047
0 0.421875 0.316406 0.445312 0.320312 0.443750 0.369141 0.420312 0.371094
0 0.359375 0.316406 0.382812 0.320312 0.384375 0.371094 0.357812 0.371094
0 0.320312 0.306641 0.343750 0.310547 0.345313 0.361328 0.318750 0.361328
0 0.434375 0.904297 0.456250 0.900391 0.454688 0.962891 0.431250 0.958984
0 0.442188 0.820312 0.464062 0.816406 0.462500 0.878906 0.439063 0.875000
0 0.450000 0.658203 0.471875 0.654297 0.470313 0.716797 0.446875 0.712891
0 0.454688 0.583984 0.476562 0.580078 0.475000 0.642578 0.451562 0.638672
0 0.459375 0.464844 0.481250 0.460938 0.479687 0.523438 0.456250 0.519531
0 0.467187 0.396484 0.489063 0.392578 0.487500 0.455078 0.464062 0.451172
0 0.265625 0.433594 0.289062 0.429688 0.287500 0.492188 0.264062 0.488281
0 0.251563 0.562500 0.275000 0.558594 0.273438 0.621094 0.250000 0.617188
0 0.240625 0.628906 0.264062 0.625000 0.262500 0.687500 0.239063 0.683594
0 0.226562 0.777344 0.250000 0.773438 0.248438 0.835938 0.225000 0.832031
0 0.217188 0.851562 0.240625 0.847656 0.234375 0.935547 0.209375 0.931641
0 0.279687 0.949219 0.301563 0.947266 0.301563 1.000000 0.275000 1.000000
0 0.285938 0.855469 0.307812 0.853516 0.307812 0.923828 0.281250 0.921875
0 0.295312 0.779297 0.317188 0.777344 0.317188 0.847656 0.290625 0.845703
0 0.307812 0.695312 0.329688 0.693359 0.329688 0.763672 0.303125 0.761719
0 0.312500 0.625000 0.334375 0.623047 0.334375 0.693359 0.307812 0.691406
0 0.318750 0.552734 0.340625 0.550781 0.340625 0.621094 0.314063 0.619141
0 0.318750 0.484375 0.340625 0.482422 0.340625 0.552734 0.314063 0.550781
0 0.329688 0.427734 0.351562 0.425781 0.351562 0.496094 0.325000 0.494141
0 0.331250 0.884766 0.373437 0.925781 0.356250 0.953125 0.314063 0.908203
0 0.331250 0.966797 0.373437 1.000000 0.356250 1.000000 0.314063 0.990234
0 0.332813 0.830078 0.375000 0.871094 0.357812 0.898438 0.315625 0.853516
0 0.345313 0.791016 0.387500 0.832031 0.370312 0.859375 0.328125 0.814453
0 0.346875 0.746094 0.389062 0.787109 0.371875 0.814453 0.329688 0.769531
0 0.357812 0.699219 0.400000 0.740234 0.382812 0.767578 0.340625 0.722656
0 0.362500 0.658203 0.404687 0.699219 0.387500 0.726562 0.345313 0.681641
0 0.364063 0.617188 0.406250 0.658203 0.389062 0.685547 0.346875 0.640625
0 0.367188 0.582031 0.409375 0.623047 0.392188 0.650391 0.350000 0.605469
0 0.370312 0.539062 0.412500 0.580078 0.395313 0.607422 0.353125 0.562500
0 0.370312 0.500000 0.412500 0.541016 0.395313 0.568359 0.353125 0.523438
0 0.368750 0.451172 0.410938 0.492188 0.393750 0.519531 0.351562 0.474609
0 0.370312 0.437500 0.409375 0.431641 0.409375 0.464844 0.368750 0.464844
0 0.357812 0.404297 0.396875 0.398438 0.396875 0.431641 0.356250 0.431641
