0 0.764062 0.937500 0.815625 0.900391 0.832812 0.927734 0.781250 0.968750
0 0.796875 0.970703 0.856250 0.931641 0.873437 0.960938 0.812500 1.000000
0 0.656250 0.828125 0.704688 0.777344 0.728125 0.798828 0.679688 0.859375
0 0.585938 0.675781 0.637500 0.630859 0.654687 0.654297 0.603125 0.697266
0 0.648438 0.630859 0.700000 0.582031 0.717187 0.603516 0.673438 0.650391
0 0.503125 0.642578 0.560937 0.595703 0.582812 0.615234 0.518750 0.671875
0 0.485938 0.607422 0.540625 0.570312 0.556250 0.589844 0.495312 0.640625
0 0.454688 0.582031 0.512500 0.541016 0.529687 0.564453 0.471875 0.605469
0 0.437500 0.548828 0.492188 0.505859 0.506250 0.531250 0.450000 0.582031
0 0.115625 0.167969 0.171875 0.128906 0.184375 0.150391 0.129688 0.189453
0 0.129688 0.189453 0.184375 0.150391 0.196875 0.173828 0.139063 0.216797
0 0.151562 0.212891 0.203125 0.175781 0.212500 0.191406 0.159375 0.232422
0 0.168750 0.228516 0.221875 0.185547 0.234375 0.210938 0.179688 0.250000
0 0.195312 0.267578 0.235937 0.228516 0.248438 0.253906 0.206250 0.287109
0 0.221875 0.283203 0.267188 0.246094 0.282813 0.267578 0.234375 0.306641
0 0.231250 0.308594 0.287500 0.273438 0.303125 0.294922 0.245312 0.339844
0 0.253125 0.330078 0.304688 0.298828 0.326562 0.324219 0.268750 0.355469
0 0.340625 0.433594 0.381250 0.388672 0.404687 0.408203 0.364063 0.458984
0 0.103125 0.144531 0.146875 0.107422 0.159375 0.130859 0.112500 0.162109
