0 0.631250 0.656250 0.668750 0.656250 0.675000 0.769531 0.635938 0.775391
2 0.315625 0.013672 0.475000 0.009766 0.481250 0.082031 0.317188 0.085938
2 0.510938 0.013672 0.664062 0.013672 0.664062 0.074219 0.510938 0.074219
2 0.731250 0.011719 0.873437 0.000000 0.878125 0.066406 0.735938 0.066406
0 0.381250 0.339844 0.457813 0.339844 0.457813 0.386719 0.379688 0.384766
2 0.775000 0.464844 1.000000 0.449219 1.000000 0.525391 0.775000 0.535156
2 0.314063 0.476562 0.537500 0.464844 0.537500 0.531250 0.312500 0.542969
2 0.267188 0.730469 0.314063 0.728516 0.307812 0.863281 0.260937 0.863281
0 0.804688 0.664062 0.843750 0.656250 0.856250 0.761719 0.812500 0.765625
0 0.687500 0.656250 0.721875 0.652344 0.725000 0.748047 0.689063 0.750000
0 0.414062 0.658203 0.451562 0.656250 0.456250 0.761719 0.415625 0.761719
