0 0.014063 0.150391 0.057813 0.140625 0.089063 0.240234 0.042188 0.257812
0 0.071875 0.134766 0.115625 0.125000 0.146875 0.224609 0.103125 0.240234
0 0.137500 0.117188 0.181250 0.107422 0.212500 0.207031 0.168750 0.222656
0 0.195312 0.101562 0.239063 0.091797 0.270313 0.191406 0.226562 0.207031
0 0.253125 0.093750 0.296875 0.083984 0.328125 0.183594 0.284375 0.199219
0 0.306250 0.074219 0.350000 0.064453 0.381250 0.164062 0.337500 0.179688
0 0.360938 0.058594 0.404687 0.048828 0.435937 0.148438 0.392188 0.164062
0 0.523438 0.234375 0.570312 0.216797 0.610938 0.300781 0.564063 0.316406
0 0.584375 0.216797 0.631250 0.199219 0.671875 0.283203 0.625000 0.298828
0 0.640625 0.201172 0.687500 0.183594 0.728125 0.267578 0.681250 0.283203
0 0.692187 0.187500 0.739062 0.169922 0.779687 0.253906 0.732812 0.269531
0 0.746875 0.169922 0.793750 0.152344 0.834375 0.236328 0.787500 0.251953
0 0.800000 0.150391 0.846875 0.132812 0.887500 0.216797 0.840625 0.232422
0 0.906250 0.121094 0.953125 0.103516 0.993750 0.187500 0.946875 0.203125
0 0.909375 0.222656 0.956250 0.205078 0.996875 0.289062 0.950000 0.304688
0 0.851562 0.240234 0.898438 0.222656 0.939063 0.306641 0.892188 0.322266
0 0.796875 0.257812 0.843750 0.240234 0.884375 0.324219 0.837500 0.339844
0 0.740625 0.273438 0.787500 0.255859 0.828125 0.339844 0.781250 0.355469
0 0.682813 0.292969 0.732812 0.271484 0.770312 0.359375 0.723437 0.375000
0 0.625000 0.312500 0.675000 0.291016 0.712500 0.378906 0.665625 0.394531
0 0.568750 0.330078 0.618750 0.308594 0.656250 0.396484 0.609375 0.412109
0 0.218750 0.427734 0.267188 0.414062 0.290625 0.507812 0.240625 0.521484
0 0.153125 0.447266 0.201563 0.433594 0.225000 0.527344 0.175000 0.541016
0 0.093750 0.468750 0.142187 0.455078 0.165625 0.548828 0.115625 0.562500
0 0.028125 0.484375 0.076563 0.470703 0.100000 0.564453 0.050000 0.578125
0 0.003125 0.378906 0.043750 0.367188 0.071875 0.455078 0.023438 0.466797
0 0.067187 0.363281 0.107813 0.351562 0.135937 0.439453 0.087500 0.451172
0 0.125000 0.347656 0.165625 0.335938 0.193750 0.423828 0.151562 0.437500
0 0.187500 0.328125 0.228125 0.316406 0.256250 0.404297 0.214062 0.417969
0 0.250000 0.310547 0.290625 0.298828 0.318750 0.386719 0.276562 0.400391
0 0.276562 0.414062 0.317188 0.402344 0.351562 0.488281 0.309375 0.503906
0 0.335938 0.392578 0.376563 0.380859 0.410938 0.466797 0.368750 0.482422
0 0.304688 0.294922 0.345313 0.283203 0.379688 0.369141 0.337500 0.384766
0 0.365625 0.283203 0.406250 0.271484 0.440625 0.357422 0.398438 0.373047
0 0.395313 0.376953 0.435937 0.365234 0.470313 0.451172 0.428125 0.466797
0 0.293750 0.910156 0.406250 0.869141 0.420312 0.917969 0.312500 0.960938
0 0.421875 0.861328 0.534375 0.820312 0.548438 0.869141 0.440625 0.912109
0 0.664062 0.775391 0.768750 0.738281 0.785937 0.789062 0.682813 0.822266
0 0.776563 0.740234 0.870313 0.714844 0.887500 0.753906 0.795312 0.787109
0 0.664062 0.000000 0.707812 0.000000 0.748437 0.050781 0.703125 0.064453
0 0.150000 0.062500 0.245312 0.033203 0.264062 0.072266 0.159375 0.107422
0 0.575000 0.005859 0.618750 0.000000 0.659375 0.091797 0.614062 0.105469
0 0.517188 0.013672 0.560937 0.003906 0.601562 0.099609 0.556250 0.113281
0 0.467187 0.033203 0.510938 0.023438 0.548438 0.113281 0.506250 0.132812
