0 0.384375 0.625000 0.503125 0.619141 0.507812 0.683594 0.390625 0.683594
0 0.648438 0.570312 0.696875 0.558594 0.695312 0.693359 0.645312 0.697266
0 0.385937 0.718750 0.510938 0.710938 0.514062 0.773438 0.384375 0.781250
0 0.382812 0.845703 0.518750 0.835938 0.521875 0.906250 0.384375 0.908203
0 0.378125 0.953125 0.504687 0.923828 0.518750 0.992188 0.385937 1.000000
0 0.642188 0.064453 0.687500 0.062500 0.689063 0.207031 0.637500 0.210938
0 0.634375 0.353516 0.689063 0.347656 0.692187 0.498047 0.645312 0.503906
0 0.390625 0.044922 0.515625 0.042969 0.515625 0.101562 0.390625 0.103516
0 0.393750 0.134766 0.512500 0.130859 0.514062 0.191406 0.390625 0.187500
0 0.392188 0.242188 0.512500 0.232422 0.515625 0.283203 0.401562 0.308594
0 0.395313 0.367188 0.500000 0.314453 0.520312 0.371094 0.412500 0.421875
0 0.389062 0.443359 0.510938 0.437500 0.515625 0.507812 0.389062 0.511719
