1 0.381250 0.449219 0.590625 0.429688 0.593750 0.525391 0.384375 0.535156
0 0.770312 0.750000 0.806250 0.751953 0.810937 0.855469 0.771875 0.853516
0 0.771875 0.685547 0.809375 0.666016 0.857812 0.763672 0.818750 0.783203
0 0.389062 0.613281 0.482812 0.576172 0.496875 0.615234 0.401562 0.648438
0 0.285938 0.207031 0.370312 0.220703 0.364063 0.269531 0.279687 0.253906
0 0.364063 0.556641 0.454688 0.539062 0.460938 0.578125 0.371875 0.605469
2 0.925000 0.382812 0.984375 0.373047 1.000000 0.546875 0.945312 0.552734
1 0.189062 0.109375 0.271875 0.107422 0.229687 0.335938 0.143750 0.330078
1 0.312500 0.107422 0.618750 0.136719 0.607812 0.265625 0.306250 0.224609
1 0.415625 0.285156 0.618750 0.289062 0.625000 0.369141 0.415625 0.382812
1 0.382812 0.373047 0.584375 0.359375 0.590625 0.439453 0.389062 0.458984
