0 0.146875 0.960938 0.251563 0.978516 0.243750 1.000000 0.135937 1.000000
0 0.396875 0.082031 0.484375 0.097656 0.476562 0.138672 0.385937 0.121094
0 0.378125 0.158203 0.468750 0.175781 0.460938 0.216797 0.371875 0.203125
0 0.392188 0.121094 0.482812 0.138672 0.475000 0.179688 0.385937 0.166016
0 0.364063 0.197266 0.454688 0.214844 0.446875 0.255859 0.357812 0.242188
0 0.348438 0.240234 0.439063 0.257812 0.431250 0.298828 0.342187 0.285156
0 0.343750 0.281250 0.434375 0.298828 0.426563 0.339844 0.337500 0.326172
0 0.937500 0.431641 1.000000 0.437500 1.000000 0.492188 0.932813 0.484375
0 0.940625 0.390625 1.000000 0.396484 1.000000 0.439453 0.937500 0.429688
0 0.943750 0.783203 1.000000 0.800781 1.000000 0.859375 0.934375 0.841797
0 0.796875 0.927734 0.887500 0.988281 0.860938 1.000000 0.775000 0.978516
0 0.804688 0.853516 0.903125 0.933594 0.878125 0.968750 0.779687 0.896484
0 0.796875 0.488281 0.892188 0.472656 0.900000 0.511719 0.806250 0.533203
0 0.801562 0.445312 0.878125 0.417969 0.895312 0.455078 0.815625 0.484375
0 0.815625 0.341797 0.887500 0.330078 0.895312 0.369141 0.823438 0.390625
0 0.814063 0.279297 0.870313 0.238281 0.892188 0.269531 0.839063 0.314453
0 0.828125 0.181641 0.884375 0.152344 0.898438 0.179688 0.840625 0.210938
0 0.779687 0.177734 0.809375 0.175781 0.807813 0.244141 0.775000 0.244141
0 0.662500 0.166016 0.746875 0.173828 0.742188 0.218750 0.657813 0.208984
0 0.657813 0.208984 0.742188 0.216797 0.737500 0.261719 0.653125 0.251953
0 0.651563 0.294922 0.740625 0.302734 0.735938 0.341797 0.650000 0.332031
0 0.643750 0.341797 0.734375 0.345703 0.731250 0.384766 0.642188 0.378906
0 0.643750 0.378906 0.731250 0.392578 0.725000 0.437500 0.637500 0.423828
0 0.632812 0.427734 0.726562 0.443359 0.717187 0.496094 0.626563 0.474609
0 0.623437 0.533203 0.715625 0.537109 0.717187 0.591797 0.621875 0.580078
0 0.606250 0.781250 0.687500 0.714844 0.710938 0.757812 0.626563 0.826172
0 0.584375 0.972656 0.670312 0.923828 0.692187 0.972656 0.596875 1.000000
0 0.332813 0.332031 0.423438 0.349609 0.415625 0.390625 0.326562 0.376953
0 0.318750 0.384766 0.410938 0.394531 0.406250 0.447266 0.314063 0.435547
0 0.309375 0.427734 0.401562 0.437500 0.396875 0.490234 0.304688 0.478516
0 0.292187 0.480469 0.384375 0.490234 0.379688 0.542969 0.287500 0.531250
0 0.490625 0.097656 0.585938 0.117188 0.579688 0.162109 0.482812 0.144531
0 0.484375 0.140625 0.579688 0.160156 0.573438 0.205078 0.476562 0.187500
0 0.448437 0.251953 0.543750 0.271484 0.537500 0.316406 0.440625 0.298828
0 0.445312 0.296875 0.540625 0.316406 0.534375 0.361328 0.437500 0.343750
0 0.428125 0.341797 0.534375 0.365234 0.526563 0.412109 0.421875 0.394531
0 0.415625 0.443359 0.506250 0.462891 0.498437 0.507812 0.409375 0.484375
0 0.396875 0.488281 0.503125 0.513672 0.493750 0.556641 0.392188 0.531250
0 0.389062 0.542969 0.492188 0.560547 0.485938 0.607422 0.379688 0.585938
0 0.503125 0.765625 0.601562 0.781250 0.593750 0.841797 0.493750 0.820312
0 0.000000 0.156250 0.071875 0.183594 0.057813 0.224609 0.000000 0.199219
0 0.064062 0.208984 0.151562 0.236328 0.137500 0.277344 0.050000 0.251953
0 0.039062 0.246094 0.126562 0.273438 0.112500 0.314453 0.025000 0.289062
0 0.000000 0.359375 0.078125 0.386719 0.059375 0.435547 0.000000 0.402344
0 0.225000 0.085938 0.317188 0.113281 0.306250 0.156250 0.212500 0.126953
0 0.214062 0.121094 0.306250 0.148438 0.295312 0.191406 0.201563 0.162109
0 0.196875 0.164062 0.289062 0.191406 0.278125 0.234375 0.184375 0.205078
0 0.178125 0.212891 0.275000 0.234375 0.267188 0.287109 0.168750 0.263672
0 0.162500 0.253906 0.264062 0.273438 0.256250 0.326172 0.153125 0.304688
0 0.143750 0.351562 0.245312 0.371094 0.237500 0.423828 0.134375 0.402344
0 0.104688 0.445312 0.206250 0.466797 0.200000 0.511719 0.096875 0.490234
0 0.090625 0.500000 0.184375 0.521484 0.171875 0.570312 0.082812 0.544922
0 0.076563 0.550781 0.171875 0.570312 0.167187 0.611328 0.070312 0.597656
0 0.042188 0.646484 0.145313 0.662109 0.137500 0.712891 0.035937 0.695312
0 0.000000 0.740234 0.109375 0.775391 0.093750 0.830078 0.000000 0.791016
0 0.000000 0.796875 0.093750 0.835938 0.076563 0.886719 0.000000 0.847656
0 0.000000 0.861328 0.076563 0.898438 0.057813 0.951172 0.000000 0.912109
0 0.225000 0.677734 0.318750 0.687500 0.310937 0.738281 0.217188 0.724609
0 0.201563 0.738281 0.304688 0.750000 0.296875 0.800781 0.192188 0.781250
0 0.189062 0.785156 0.293750 0.802734 0.285938 0.853516 0.178125 0.835938
0 0.162500 0.902344 0.267188 0.919922 0.259375 0.970703 0.151562 0.953125
0 0.334375 0.666016 0.435937 0.685547 0.428125 0.738281 0.328125 0.720703
0 0.323437 0.714844 0.425000 0.734375 0.417187 0.787109 0.317188 0.769531
0 0.310937 0.769531 0.417187 0.791016 0.410938 0.841797 0.304688 0.824219
0 0.301563 0.826172 0.407813 0.847656 0.401562 0.898438 0.295312 0.880859
0 0.290625 0.886719 0.396875 0.908203 0.390625 0.958984 0.284375 0.941406
0 0.273438 0.947266 0.379688 0.968750 0.373437 1.000000 0.267188 1.000000
0 0.475000 0.939453 0.581250 0.945312 0.579688 1.000000 0.470313 0.994141
