3 0.462500 0.119141 0.506250 0.125000 0.479687 0.283203 0.437500 0.273438
3 0.362500 0.105469 0.406250 0.111328 0.379688 0.269531 0.337500 0.259766
3 0.317188 0.095703 0.360938 0.101562 0.318750 0.261719 0.276562 0.246094
3 0.262500 0.093750 0.306250 0.099609 0.267188 0.240234 0.218750 0.222656
3 0.220312 0.078125 0.264062 0.083984 0.217188 0.226562 0.173437 0.212891
3 0.173437 0.072266 0.217188 0.078125 0.170313 0.220703 0.120313 0.205078
3 0.079687 0.046875 0.125000 0.060547 0.067187 0.201172 0.017188 0.185547
3 0.389062 0.000000 0.426563 0.000000 0.395313 0.105469 0.345313 0.097656
3 0.721875 0.167969 0.765625 0.173828 0.745313 0.330078 0.698438 0.324219
3 0.671875 0.160156 0.715625 0.166016 0.695312 0.322266 0.648438 0.316406
3 0.618750 0.148438 0.662500 0.154297 0.642188 0.310547 0.595313 0.304688
3 0.565625 0.134766 0.609375 0.140625 0.589063 0.296875 0.542188 0.291016
3 0.518750 0.128906 0.562500 0.134766 0.535937 0.292969 0.493750 0.283203
3 0.410938 0.111328 0.454688 0.117188 0.428125 0.275391 0.385937 0.265625
3 0.845313 0.500000 0.890625 0.509766 0.873437 0.683594 0.826562 0.673828
3 0.781250 0.480469 0.826562 0.490234 0.809375 0.664062 0.762500 0.654297
3 0.723437 0.472656 0.768750 0.482422 0.743750 0.654297 0.698438 0.636719
3 0.660937 0.466797 0.701562 0.474609 0.681250 0.630859 0.640625 0.625000
3 0.595313 0.458984 0.635938 0.466797 0.617188 0.628906 0.570312 0.621094
3 0.532813 0.439453 0.573438 0.447266 0.554688 0.609375 0.506250 0.603516
3 0.300000 0.394531 0.343750 0.406250 0.301563 0.564453 0.257812 0.544922
3 0.360938 0.402344 0.401562 0.410156 0.357812 0.568359 0.318750 0.558594
3 0.418750 0.410156 0.459375 0.417969 0.426563 0.574219 0.382812 0.564453
3 0.342187 0.000000 0.379688 0.000000 0.348438 0.095703 0.298438 0.087891
3 0.300000 0.000000 0.337500 0.000000 0.298438 0.089844 0.248438 0.082031
3 0.245312 0.388672 0.289062 0.400391 0.246875 0.558594 0.193750 0.542969
3 0.175000 0.376953 0.218750 0.388672 0.176563 0.546875 0.123438 0.531250
3 0.115625 0.371094 0.159375 0.382812 0.107813 0.535156 0.056250 0.521484
3 0.479687 0.429688 0.520312 0.437500 0.492188 0.599609 0.445312 0.589844
3 0.060937 0.359375 0.104688 0.371094 0.048438 0.511719 0.000000 0.498047
3 0.946875 0.201172 0.987500 0.207031 0.981250 0.369141 0.931250 0.365234
3 0.882812 0.191406 0.926562 0.197266 0.906250 0.353516 0.864062 0.347656
3 0.831250 0.179688 0.875000 0.185547 0.854688 0.341797 0.812500 0.335938
3 0.776563 0.173828 0.820312 0.179688 0.800000 0.335938 0.753125 0.330078
