0 0.642188 0.363281 0.695312 0.357422 0.704688 0.398438 0.645312 0.404297
0 0.789062 0.216797 0.839063 0.214844 0.845313 0.238281 0.795312 0.240234
0 0.767188 0.195312 0.835938 0.191406 0.842187 0.210938 0.771875 0.218750
0 0.775000 0.162109 0.834375 0.166016 0.840625 0.195312 0.776563 0.187500
0 0.762500 0.105469 0.820312 0.107422 0.825000 0.132812 0.767188 0.132812
0 0.765625 0.078125 0.817187 0.080078 0.823438 0.107422 0.768750 0.101562
0 0.762500 0.056641 0.815625 0.058594 0.818750 0.078125 0.764062 0.078125
0 0.754687 0.025391 0.806250 0.025391 0.815625 0.058594 0.762500 0.060547
0 0.271875 0.857422 0.351562 0.859375 0.348438 0.902344 0.270313 0.902344
0 0.271875 0.820312 0.345313 0.814453 0.353125 0.853516 0.276562 0.855469
0 0.273438 0.740234 0.340625 0.740234 0.345313 0.777344 0.273438 0.783203
0 0.284375 0.701172 0.350000 0.699219 0.351562 0.732422 0.282813 0.730469
0 0.103125 0.576172 0.165625 0.568359 0.168750 0.605469 0.100000 0.605469
0 0.284375 0.464844 0.359375 0.457031 0.362500 0.496094 0.285938 0.503906
0 0.282813 0.613281 0.350000 0.615234 0.350000 0.660156 0.279687 0.662109
0 0.114062 0.457031 0.175000 0.455078 0.175000 0.494141 0.110937 0.494141
1 0.117188 0.400391 0.184375 0.394531 0.189062 0.447266 0.115625 0.449219
3 0.889062 0.882812 1.000000 0.880859 1.000000 0.943359 0.892188 0.945312
0 0.298438 0.427734 0.360938 0.427734 0.362500 0.455078 0.298438 0.455078
0 0.296875 0.333984 0.356250 0.333984 0.353125 0.375000 0.293750 0.371094
0 0.146875 0.275391 0.203125 0.271484 0.209375 0.302734 0.145313 0.308594
0 0.134375 0.244141 0.192188 0.238281 0.198437 0.271484 0.134375 0.279297
0 0.150000 0.121094 0.209375 0.121094 0.209375 0.156250 0.146875 0.154297
0 0.151562 0.095703 0.214062 0.093750 0.210938 0.121094 0.148438 0.117188
0 0.300000 0.183594 0.356250 0.187500 0.357812 0.216797 0.298438 0.214844
0 0.295312 0.156250 0.360938 0.156250 0.362500 0.185547 0.295312 0.183594
0 0.300000 0.095703 0.353125 0.101562 0.357812 0.140625 0.295312 0.134766
0 0.306250 0.015625 0.360938 0.021484 0.360938 0.052734 0.303125 0.048828
0 0.862500 0.751953 0.942187 0.751953 0.948438 0.789062 0.868750 0.794922
0 0.862500 0.703125 0.935937 0.693359 0.940625 0.732422 0.865625 0.740234
0 0.845313 0.578125 0.904687 0.583984 0.907813 0.619141 0.843750 0.609375
0 0.843750 0.539062 0.907813 0.546875 0.906250 0.578125 0.843750 0.570312
0 0.835938 0.505859 0.895312 0.503906 0.904687 0.537109 0.839063 0.542969
0 0.825000 0.472656 0.887500 0.470703 0.893750 0.498047 0.826562 0.505859
0 0.823438 0.443359 0.885938 0.441406 0.893750 0.466797 0.828125 0.468750
0 0.814063 0.382812 0.870313 0.384766 0.876563 0.412109 0.815625 0.414062
0 0.804688 0.347656 0.868750 0.341797 0.873437 0.375000 0.807813 0.380859
0 0.665625 0.726562 0.742188 0.726562 0.745313 0.765625 0.665625 0.763672
0 0.667188 0.689453 0.735938 0.689453 0.740625 0.726562 0.668750 0.724609
0 0.660937 0.539062 0.721875 0.537109 0.725000 0.574219 0.660937 0.574219
0 0.654687 0.462891 0.709375 0.466797 0.714063 0.501953 0.657813 0.500000
0 0.789062 0.248047 0.853125 0.244141 0.860938 0.271484 0.790625 0.273438
