2 0.464062 0.427734 0.498437 0.447266 0.462500 0.542969 0.425000 0.527344
2 0.332813 0.425781 0.421875 0.476562 0.404687 0.515625 0.312500 0.460938
4 0.357812 0.392578 0.435937 0.435547 0.420312 0.472656 0.342187 0.433594
4 0.557813 0.445312 0.625000 0.486328 0.612500 0.529297 0.540625 0.484375
0 0.775000 0.130859 0.851562 0.160156 0.843750 0.205078 0.762500 0.173828
2 0.376563 0.341797 0.453125 0.392578 0.432812 0.435547 0.356250 0.376953
0 0.743750 0.541016 0.775000 0.554688 0.748437 0.646484 0.717187 0.625000
0 0.801562 0.054688 0.876563 0.097656 0.860938 0.142578 0.785937 0.105469
2 0.493750 0.468750 0.600000 0.511719 0.584375 0.570312 0.473438 0.523438
2 0.634375 0.486328 0.732812 0.531250 0.715625 0.578125 0.620313 0.529297
2 0.621875 0.529297 0.721875 0.578125 0.704688 0.628906 0.601562 0.578125
2 0.589063 0.576172 0.701562 0.628906 0.684375 0.683594 0.568750 0.625000
2 0.618750 0.644531 0.726562 0.695312 0.709375 0.750000 0.595313 0.689453
2 0.367188 0.515625 0.467187 0.574219 0.446875 0.625000 0.337500 0.566406
