0 0.743750 0.847656 0.792188 0.794922 0.812500 0.824219 0.759375 0.876953
0 0.529687 0.693359 0.575000 0.750000 0.556250 0.775391 0.512500 0.726562
0 0.401562 0.607422 0.418750 0.585938 0.464062 0.634766 0.448437 0.652344
0 0.135937 0.580078 0.195312 0.542969 0.210938 0.570312 0.146875 0.609375
0 0.453125 0.664062 0.470313 0.642578 0.515625 0.691406 0.500000 0.708984
0 0.293750 0.511719 0.362500 0.511719 0.362500 0.541016 0.293750 0.541016
0 0.509375 0.574219 0.537500 0.574219 0.537500 0.636719 0.509375 0.636719
0 0.354687 0.552734 0.371875 0.531250 0.417187 0.580078 0.401562 0.597656
0 0.198437 0.541016 0.253125 0.500000 0.265625 0.527344 0.210938 0.566406
0 0.540625 0.593750 0.565625 0.593750 0.565625 0.664062 0.540625 0.664062
0 0.557813 0.896484 0.581250 0.869141 0.631250 0.925781 0.609375 0.955078
0 0.115625 0.552734 0.165625 0.509766 0.178125 0.539062 0.132812 0.582031
0 0.242188 0.460938 0.293750 0.417969 0.312500 0.449219 0.257812 0.488281
0 0.353125 0.386719 0.375000 0.394531 0.373437 0.455078 0.346875 0.449219
0 0.476562 0.535156 0.500000 0.533203 0.503125 0.595703 0.478125 0.597656
0 0.439063 0.496094 0.462500 0.494141 0.465625 0.556641 0.440625 0.558594
0 0.632812 0.695312 0.656250 0.693359 0.659375 0.755859 0.634375 0.757812
0 0.571875 0.650391 0.595313 0.638672 0.610938 0.705078 0.592187 0.710938
0 0.675000 0.732422 0.696875 0.738281 0.693750 0.798828 0.667188 0.794922
0 0.710938 0.765625 0.740625 0.773438 0.723437 0.847656 0.695312 0.832031
0 0.568750 0.792969 0.590625 0.767578 0.637500 0.822266 0.618750 0.841797
