0 0.376563 0.945312 0.403125 0.953125 0.395313 1.000000 0.364063 1.000000
3 0.117188 0.560547 0.287500 0.564453 0.284375 0.636719 0.114062 0.638672
0 0.395313 0.427734 0.426563 0.425781 0.426563 0.492188 0.392188 0.492188
0 0.120313 0.900391 0.195312 0.904297 0.193750 0.949219 0.117188 0.945312
0 0.050000 0.861328 0.123438 0.855469 0.123438 0.904297 0.048438 0.904297
0 0.057813 0.814453 0.129688 0.826172 0.123438 0.865234 0.051562 0.865234
0 0.054688 0.775391 0.126562 0.779297 0.126562 0.826172 0.051562 0.826172
0 0.076563 0.722656 0.148438 0.734375 0.139063 0.785156 0.071875 0.769531
0 0.093750 0.691406 0.164062 0.705078 0.160938 0.740234 0.089063 0.730469
0 0.106250 0.652344 0.178125 0.664062 0.170313 0.697266 0.098437 0.685547
4 0.281250 0.423828 0.307812 0.410156 0.325000 0.462891 0.300000 0.478516
0 0.053125 0.515625 0.117188 0.513672 0.118750 0.552734 0.050000 0.552734
0 0.039062 0.480469 0.106250 0.478516 0.106250 0.515625 0.045312 0.523438
0 0.198437 0.417969 0.228125 0.398438 0.254688 0.449219 0.229687 0.470703
0 0.435937 0.427734 0.464062 0.427734 0.462500 0.478516 0.431250 0.478516
0 0.592187 0.445312 0.618750 0.447266 0.618750 0.498047 0.590625 0.496094
0 0.631250 0.437500 0.657813 0.437500 0.654687 0.486328 0.628125 0.486328
0 0.845313 0.439453 0.871875 0.441406 0.879687 0.490234 0.853125 0.496094
0 0.929688 0.351562 0.957812 0.347656 0.964063 0.392578 0.935937 0.398438
0 0.918750 0.224609 0.943750 0.222656 0.948438 0.281250 0.923438 0.281250
0 0.923438 0.093750 0.946875 0.091797 0.950000 0.136719 0.928125 0.138672
