0 0.487500 0.195312 0.562500 0.179688 0.564063 0.224609 0.498437 0.234375
2 0.000000 0.400391 0.060937 0.347656 0.076563 0.380859 0.000000 0.439453
0 0.020313 0.437500 0.106250 0.441406 0.107813 0.472656 0.018750 0.470703
0 0.171875 0.435547 0.260937 0.433594 0.259375 0.478516 0.167187 0.478516
0 0.275000 0.435547 0.356250 0.433594 0.354687 0.470703 0.276562 0.474609
0 0.112500 0.560547 0.200000 0.558594 0.196875 0.595703 0.115625 0.595703
0 0.214062 0.560547 0.303125 0.560547 0.303125 0.597656 0.214062 0.597656
0 0.325000 0.552734 0.406250 0.564453 0.400000 0.595703 0.320312 0.589844
0 0.479687 0.082031 0.557813 0.072266 0.562500 0.117188 0.484375 0.123047
0 0.442188 0.568359 0.518750 0.566406 0.520312 0.597656 0.437500 0.599609
0 0.551562 0.566406 0.621875 0.597656 0.617188 0.625000 0.543750 0.605469
0 0.607812 0.683594 0.642188 0.681641 0.643750 0.792969 0.610938 0.796875
0 0.557813 0.449219 0.631250 0.443359 0.635938 0.484375 0.559375 0.488281
0 0.468750 0.357422 0.503125 0.355469 0.512500 0.447266 0.481250 0.449219
0 0.514062 0.332031 0.548438 0.332031 0.553125 0.429688 0.523438 0.433594
0 0.479687 0.146484 0.562500 0.125000 0.567187 0.169922 0.490625 0.189453
