0 0.079687 0.000000 0.170313 0.009766 0.165625 0.046875 0.068750 0.037109
0 0.907813 0.269531 1.000000 0.273438 1.000000 0.330078 0.906250 0.322266
0 0.887500 0.142578 0.985938 0.140625 0.989062 0.189453 0.896875 0.197266
0 0.893750 0.103516 0.987500 0.103516 0.985938 0.146484 0.903125 0.146484
0 0.720313 0.195312 0.801562 0.205078 0.801562 0.255859 0.721875 0.250000
0 0.721875 0.166016 0.809375 0.173828 0.809375 0.210938 0.721875 0.205078
0 0.728125 0.066406 0.815625 0.064453 0.814063 0.109375 0.731250 0.115234
0 0.728125 0.031250 0.806250 0.039062 0.804688 0.066406 0.726562 0.058594
0 0.720313 0.000000 0.806250 0.000000 0.804688 0.035156 0.721875 0.029297
0 0.081250 0.037109 0.162500 0.042969 0.151562 0.089844 0.068750 0.076172
0 0.715625 0.269531 0.814063 0.283203 0.812500 0.335938 0.714063 0.324219
0 0.039062 0.218750 0.125000 0.230469 0.110937 0.267578 0.028125 0.263672
0 0.043750 0.173828 0.128125 0.183594 0.123438 0.226562 0.039062 0.212891
0 0.060937 0.099609 0.145313 0.103516 0.137500 0.146484 0.050000 0.144531
