0 0.582812 0.207031 0.682813 0.212891 0.681250 0.265625 0.579688 0.269531
0 0.462500 0.039062 0.567187 0.019531 0.579688 0.080078 0.470313 0.097656
0 0.573438 0.015625 0.679688 0.007812 0.684375 0.062500 0.581250 0.072266
0 0.764062 0.136719 0.867188 0.144531 0.868750 0.207031 0.767188 0.203125
0 0.575000 0.070312 0.675000 0.068359 0.676562 0.125000 0.581250 0.125000
0 0.460938 0.125000 0.562500 0.123047 0.564063 0.191406 0.464062 0.187500
0 0.565625 0.125000 0.679688 0.136719 0.676562 0.195312 0.573438 0.189453
0 0.468750 0.214844 0.565625 0.208984 0.568750 0.261719 0.473438 0.271484
4 0.567187 0.271484 0.667188 0.273438 0.660937 0.332031 0.559375 0.324219
0 0.560937 0.335938 0.673438 0.335938 0.673438 0.394531 0.565625 0.392578
0 0.557813 0.404297 0.673438 0.404297 0.675000 0.466797 0.567187 0.468750
0 0.760938 0.416016 0.856250 0.417969 0.854688 0.476562 0.760938 0.474609
0 0.579688 0.470703 0.682813 0.484375 0.675000 0.541016 0.578125 0.523438
0 0.773438 0.488281 0.879687 0.494141 0.884375 0.560547 0.773438 0.552734
0 0.564063 0.546875 0.670312 0.541016 0.673438 0.601562 0.570312 0.603516
0 0.614062 0.687500 0.671875 0.667969 0.696875 0.798828 0.648438 0.824219
0 0.764062 0.683594 0.867188 0.677734 0.867188 0.742188 0.767188 0.748047
0 0.746875 0.929688 0.848437 0.902344 0.868750 0.974609 0.764062 1.000000
4 0.754687 0.572266 0.850000 0.562500 0.857812 0.619141 0.762500 0.632812
