0 0.542188 0.039062 0.570312 0.035156 0.581250 0.091797 0.548438 0.099609
0 0.323437 0.607422 0.360938 0.601562 0.364063 0.689453 0.323437 0.695312
0 0.267188 0.603516 0.300000 0.599609 0.300000 0.683594 0.265625 0.685547
0 0.264062 0.457031 0.304688 0.462891 0.304688 0.533203 0.267188 0.533203
0 0.334375 0.494141 0.360938 0.494141 0.362500 0.576172 0.334375 0.578125
0 0.321875 0.408203 0.362500 0.412109 0.362500 0.472656 0.321875 0.476562
0 0.387500 0.429688 0.414062 0.435547 0.410938 0.501953 0.389062 0.503906
0 0.328125 0.324219 0.362500 0.326172 0.362500 0.404297 0.326562 0.398438
0 0.384375 0.332031 0.414062 0.330078 0.412500 0.400391 0.385937 0.404297
1 0.385937 0.558594 0.425000 0.558594 0.426563 0.685547 0.384375 0.687500
1 0.264062 0.292969 0.306250 0.292969 0.304688 0.439453 0.268750 0.437500
1 0.306250 0.169922 0.354687 0.164062 0.357812 0.275391 0.320312 0.281250
2 0.615625 0.214844 0.667188 0.208984 0.682813 0.439453 0.632812 0.445312
0 0.315625 0.037109 0.351562 0.037109 0.353125 0.097656 0.317188 0.099609
0 0.593750 0.044922 0.621875 0.041016 0.634375 0.111328 0.595313 0.115234
