0 0.632812 0.617188 0.660937 0.617188 0.662500 0.677734 0.634375 0.675781
0 0.329688 0.603516 0.360938 0.603516 0.360938 0.669922 0.328125 0.669922
0 0.593750 0.607422 0.625000 0.609375 0.625000 0.681641 0.593750 0.681641
0 0.000000 0.599609 0.023438 0.601562 0.007812 0.667969 0.000000 0.667969
0 0.034375 0.589844 0.060937 0.589844 0.054688 0.656250 0.025000 0.656250
0 0.098437 0.593750 0.123438 0.595703 0.117188 0.660156 0.090625 0.660156
0 0.134375 0.589844 0.160938 0.591797 0.157812 0.664062 0.128125 0.664062
0 0.554688 0.615234 0.585938 0.613281 0.585938 0.681641 0.556250 0.683594
0 0.509375 0.597656 0.545312 0.597656 0.539062 0.667969 0.509375 0.669922
0 0.476562 0.601562 0.503125 0.603516 0.506250 0.673828 0.476562 0.673828
0 0.440625 0.603516 0.471875 0.601562 0.475000 0.669922 0.442188 0.673828
0 0.176563 0.587891 0.201563 0.589844 0.201563 0.656250 0.171875 0.658203
0 0.210938 0.595703 0.235937 0.595703 0.234375 0.644531 0.209375 0.646484
0 0.289062 0.599609 0.317188 0.601562 0.312500 0.666016 0.282813 0.664062
0 0.251563 0.593750 0.278125 0.593750 0.276562 0.662109 0.248438 0.664062
2 0.739062 0.433594 1.000000 0.439453 1.000000 0.517578 0.740625 0.515625
0 0.939063 0.613281 0.968750 0.609375 0.978125 0.691406 0.948438 0.691406
0 0.898438 0.617188 0.926562 0.615234 0.937500 0.689453 0.906250 0.691406
0 0.857812 0.617188 0.887500 0.613281 0.896875 0.691406 0.864062 0.695312
0 0.820312 0.607422 0.848437 0.607422 0.856250 0.677734 0.826562 0.681641
0 0.779687 0.611328 0.810937 0.611328 0.812500 0.677734 0.785937 0.677734
0 0.735938 0.607422 0.767188 0.607422 0.768750 0.673828 0.739062 0.673828
0 0.692187 0.613281 0.721875 0.611328 0.723437 0.675781 0.692187 0.677734
