0 0.650000 0.236328 0.685937 0.234375 0.690625 0.330078 0.656250 0.330078
0 0.385937 0.550781 0.429688 0.550781 0.428125 0.660156 0.382812 0.662109
0 0.340625 0.550781 0.375000 0.550781 0.376563 0.667969 0.335938 0.667969
0 0.285938 0.552734 0.323437 0.556641 0.320312 0.660156 0.279687 0.660156
0 0.237500 0.546875 0.276562 0.554688 0.264062 0.660156 0.223438 0.658203
0 0.185938 0.552734 0.225000 0.554688 0.214062 0.660156 0.175000 0.658203
0 0.129688 0.548828 0.176563 0.550781 0.167187 0.660156 0.123438 0.660156
0 0.126562 0.662109 0.165625 0.667969 0.153125 0.775391 0.110937 0.775391
0 0.170313 0.664062 0.210938 0.664062 0.203125 0.777344 0.162500 0.773438
0 0.225000 0.664062 0.268750 0.666016 0.262500 0.785156 0.214062 0.785156
0 0.278125 0.666016 0.320312 0.667969 0.317188 0.781250 0.273438 0.781250
0 0.329688 0.667969 0.368750 0.667969 0.371875 0.777344 0.331250 0.777344
0 0.387500 0.666016 0.428125 0.667969 0.428125 0.775391 0.385937 0.773438
0 0.439063 0.660156 0.476562 0.660156 0.476562 0.771484 0.435937 0.771484
0 0.492188 0.656250 0.526563 0.660156 0.526563 0.769531 0.489063 0.765625
0 0.640625 0.648438 0.679688 0.654297 0.679688 0.765625 0.639062 0.765625
0 0.589063 0.660156 0.631250 0.656250 0.629687 0.765625 0.590625 0.769531
0 0.439063 0.546875 0.476562 0.550781 0.479687 0.656250 0.439063 0.652344
0 0.490625 0.554688 0.525000 0.552734 0.529687 0.656250 0.490625 0.656250
0 0.542188 0.546875 0.579688 0.550781 0.576562 0.652344 0.539062 0.652344
0 0.587500 0.548828 0.623437 0.550781 0.629687 0.652344 0.592187 0.654297
0 0.632812 0.542969 0.673438 0.539062 0.681250 0.652344 0.643750 0.652344
0 0.682813 0.542969 0.728125 0.542969 0.729688 0.650391 0.689063 0.648438
0 0.693750 0.652344 0.732812 0.656250 0.734375 0.759766 0.692187 0.761719
0 0.854688 0.656250 0.895312 0.660156 0.898438 0.769531 0.862500 0.767578
0 0.800000 0.656250 0.851562 0.656250 0.854688 0.771484 0.801562 0.769531
0 0.790625 0.544922 0.829688 0.537109 0.842187 0.646484 0.800000 0.650391
0 0.839063 0.546875 0.879687 0.542969 0.895312 0.650391 0.856250 0.654297
0 0.885938 0.548828 0.926562 0.541016 0.945312 0.648438 0.901563 0.650391
0 0.937500 0.544922 0.982812 0.539062 0.995313 0.642578 0.957812 0.646484
0 0.923438 0.435547 0.968750 0.437500 0.976562 0.537109 0.937500 0.541016
0 0.873437 0.441406 0.914062 0.443359 0.926562 0.542969 0.885938 0.546875
0 0.826562 0.433594 0.860938 0.433594 0.873437 0.531250 0.839063 0.535156
0 0.779687 0.437500 0.815625 0.437500 0.826562 0.531250 0.787500 0.531250
0 0.726562 0.433594 0.767188 0.435547 0.776563 0.529297 0.734375 0.529297
0 0.679688 0.437500 0.720313 0.433594 0.723437 0.533203 0.682813 0.535156
0 0.632812 0.437500 0.671875 0.439453 0.676562 0.535156 0.635938 0.535156
0 0.582812 0.437500 0.618750 0.427734 0.629687 0.541016 0.587500 0.539062
0 0.537500 0.445312 0.575000 0.443359 0.575000 0.539062 0.539062 0.541016
0 0.440625 0.445312 0.479687 0.443359 0.479687 0.541016 0.435937 0.542969
0 0.392188 0.441406 0.428125 0.445312 0.426563 0.544922 0.392188 0.544922
0 0.335938 0.437500 0.375000 0.433594 0.376563 0.535156 0.337500 0.537109
0 0.290625 0.435547 0.328125 0.435547 0.331250 0.535156 0.295312 0.535156
0 0.704688 0.332031 0.743750 0.333984 0.743750 0.423828 0.704688 0.425781
0 0.657813 0.341797 0.689063 0.339844 0.698438 0.437500 0.664062 0.437500
0 0.598437 0.335938 0.639062 0.335938 0.639062 0.429688 0.601562 0.433594
0 0.548438 0.341797 0.589063 0.337891 0.595313 0.441406 0.551562 0.445312
0 0.239063 0.441406 0.273438 0.441406 0.276562 0.546875 0.239063 0.546875
0 0.189062 0.445312 0.226562 0.445312 0.225000 0.544922 0.185938 0.546875
0 0.142187 0.443359 0.179688 0.449219 0.178125 0.546875 0.134375 0.546875
0 0.079687 0.550781 0.117188 0.554688 0.114062 0.654297 0.073438 0.654297
0 0.073438 0.660156 0.110937 0.660156 0.103125 0.769531 0.064062 0.769531
0 0.017188 0.666016 0.057813 0.671875 0.054688 0.781250 0.004687 0.781250
0 0.029687 0.548828 0.071875 0.556641 0.060937 0.656250 0.015625 0.656250
0 0.089063 0.441406 0.126562 0.445312 0.120313 0.550781 0.082812 0.550781
0 0.046875 0.443359 0.089063 0.443359 0.076563 0.546875 0.035937 0.544922
0 0.451562 0.339844 0.489063 0.337891 0.493750 0.435547 0.454688 0.435547
0 0.401562 0.335938 0.442188 0.337891 0.437500 0.439453 0.400000 0.439453
0 0.354687 0.333984 0.392188 0.335938 0.389062 0.423828 0.350000 0.427734
0 0.301563 0.337891 0.337500 0.337891 0.335938 0.429688 0.300000 0.431641
0 0.248438 0.335938 0.287500 0.337891 0.284375 0.437500 0.245312 0.437500
0 0.203125 0.333984 0.240625 0.335938 0.237500 0.433594 0.195312 0.433594
0 0.148438 0.333984 0.185938 0.341797 0.182812 0.435547 0.140625 0.433594
0 0.098437 0.335938 0.139063 0.337891 0.131250 0.429688 0.092188 0.429688
0 0.048438 0.324219 0.087500 0.324219 0.075000 0.427734 0.032813 0.427734
0 0.809375 0.332031 0.851562 0.335938 0.857812 0.423828 0.815625 0.425781
0 0.909375 0.324219 0.951562 0.318359 0.962500 0.427734 0.920312 0.429688
0 0.968750 0.328125 1.000000 0.320312 1.000000 0.423828 0.976562 0.425781
0 0.859375 0.324219 0.896875 0.320312 0.903125 0.425781 0.864062 0.429688
0 0.851562 0.226562 0.889062 0.226562 0.890625 0.328125 0.854688 0.328125
0 0.900000 0.218750 0.942187 0.216797 0.945312 0.312500 0.904687 0.312500
0 0.801562 0.232422 0.840625 0.230469 0.845313 0.328125 0.807813 0.328125
0 0.696875 0.220703 0.732812 0.222656 0.742188 0.330078 0.701562 0.332031
0 0.600000 0.236328 0.640625 0.238281 0.639062 0.328125 0.598437 0.330078
0 0.546875 0.224609 0.589063 0.228516 0.589063 0.330078 0.543750 0.332031
0 0.498437 0.224609 0.534375 0.226562 0.529687 0.320312 0.495312 0.320312
0 0.398438 0.230469 0.429688 0.230469 0.432812 0.322266 0.398438 0.322266
0 0.346875 0.230469 0.384375 0.226562 0.389062 0.322266 0.351562 0.322266
0 0.300000 0.242188 0.337500 0.240234 0.337500 0.332031 0.296875 0.333984
0 0.251563 0.230469 0.289062 0.234375 0.284375 0.324219 0.251563 0.326172
0 0.204687 0.234375 0.239063 0.236328 0.239063 0.322266 0.201563 0.324219
0 0.159375 0.228516 0.192188 0.230469 0.190625 0.320312 0.154688 0.322266
0 0.110937 0.236328 0.145313 0.238281 0.143750 0.324219 0.103125 0.324219
0 0.067187 0.220703 0.101562 0.228516 0.093750 0.320312 0.057813 0.320312
0 0.095312 0.171875 0.182812 0.179688 0.184375 0.222656 0.095312 0.216797
0 0.954688 0.017578 0.989062 0.015625 0.995313 0.113281 0.954688 0.115234
0 0.896875 0.019531 0.940625 0.023438 0.946875 0.117188 0.901563 0.117188
0 0.839063 0.015625 0.876563 0.019531 0.882812 0.123047 0.846875 0.125000
0 0.792188 0.019531 0.832812 0.023438 0.839063 0.121094 0.796875 0.121094
0 0.745313 0.029297 0.782813 0.031250 0.782813 0.126953 0.745313 0.126953
0 0.701562 0.031250 0.732812 0.033203 0.737500 0.128906 0.704688 0.128906
0 0.657813 0.025391 0.695312 0.027344 0.696875 0.126953 0.651563 0.130859
0 0.604688 0.021484 0.642188 0.019531 0.642188 0.123047 0.607812 0.125000
0 0.560937 0.029297 0.595313 0.027344 0.595313 0.121094 0.557813 0.123047
0 0.507812 0.023438 0.545312 0.023438 0.551562 0.121094 0.510938 0.125000
0 0.470313 0.025391 0.501563 0.023438 0.504687 0.128906 0.467187 0.128906
0 0.421875 0.027344 0.451562 0.027344 0.454688 0.117188 0.417187 0.117188
0 0.376563 0.019531 0.404687 0.015625 0.407813 0.115234 0.373437 0.117188
0 0.323437 0.013672 0.357812 0.013672 0.360938 0.111328 0.321875 0.111328
0 0.281250 0.013672 0.312500 0.011719 0.312500 0.109375 0.276562 0.109375
0 0.235937 0.023438 0.268750 0.023438 0.270313 0.121094 0.235937 0.121094
0 0.189062 0.015625 0.223438 0.021484 0.221875 0.121094 0.185938 0.121094
0 0.143750 0.015625 0.179688 0.021484 0.176563 0.117188 0.135937 0.119141
0 0.089063 0.013672 0.128125 0.017578 0.121875 0.119141 0.079687 0.117188
0 0.631250 0.904297 0.673438 0.906250 0.682813 1.000000 0.639062 1.000000
0 0.575000 0.914062 0.610938 0.912109 0.623437 1.000000 0.584375 1.000000
0 0.526563 0.908203 0.562500 0.910156 0.564063 1.000000 0.529687 1.000000
0 0.478125 0.902344 0.517188 0.902344 0.520312 1.000000 0.476562 1.000000
0 0.425000 0.906250 0.462500 0.904297 0.460938 1.000000 0.423438 1.000000
0 0.376563 0.906250 0.417187 0.910156 0.412500 1.000000 0.373437 1.000000
0 0.328125 0.904297 0.370312 0.904297 0.362500 1.000000 0.323437 1.000000
0 0.276562 0.898438 0.317188 0.896484 0.310937 1.000000 0.270313 1.000000
0 0.742188 0.902344 0.787500 0.902344 0.795312 1.000000 0.748437 1.000000
0 0.801562 0.902344 0.848437 0.894531 0.859375 1.000000 0.812500 1.000000
0 0.857812 0.896484 0.901563 0.894531 0.910937 1.000000 0.867188 1.000000
0 0.915625 0.902344 0.960938 0.904297 0.971875 1.000000 0.926562 1.000000
0 0.964063 0.863281 1.000000 0.863281 1.000000 0.980469 0.973437 0.986328
0 0.178125 0.867188 0.221875 0.871094 0.204687 0.996094 0.160938 0.996094
0 0.117188 0.873047 0.156250 0.875000 0.145313 1.000000 0.104688 1.000000
0 0.100000 0.791016 0.201563 0.785156 0.201563 0.839844 0.103125 0.843750
0 0.000000 0.796875 0.092188 0.792969 0.092188 0.839844 0.000000 0.847656
0 0.057813 0.875000 0.100000 0.875000 0.092188 1.000000 0.048438 0.998047
