0 0.873437 0.646484 0.914062 0.658203 0.900000 0.773438 0.862500 0.761719
0 0.000000 0.195312 0.032813 0.218750 0.000000 0.324219 0.000000 0.300781
0 0.046875 0.210938 0.085938 0.218750 0.060937 0.337891 0.020313 0.324219
0 0.098437 0.226562 0.139063 0.232422 0.112500 0.353516 0.070312 0.343750
0 0.015625 0.333984 0.054688 0.347656 0.028125 0.466797 0.000000 0.451172
0 0.070312 0.347656 0.109375 0.359375 0.082812 0.480469 0.042188 0.464844
0 0.000000 0.462891 0.029687 0.476562 0.001563 0.585938 0.000000 0.568359
0 0.042188 0.476562 0.087500 0.480469 0.056250 0.603516 0.015625 0.591797
0 0.159375 0.236328 0.200000 0.244141 0.175000 0.359375 0.132812 0.351562
0 0.131250 0.363281 0.168750 0.371094 0.143750 0.486328 0.101562 0.476562
0 0.098437 0.488281 0.145313 0.500000 0.117188 0.621094 0.070312 0.607422
0 0.209375 0.511719 0.248438 0.523438 0.218750 0.634766 0.184375 0.619141
0 0.326562 0.275391 0.360938 0.285156 0.337500 0.402344 0.293750 0.388672
0 0.296875 0.400391 0.332813 0.408203 0.312500 0.525391 0.275000 0.509766
0 0.271875 0.525391 0.306250 0.535156 0.279687 0.648438 0.242188 0.636719
0 0.376563 0.279297 0.414062 0.283203 0.395313 0.402344 0.351562 0.398438
0 0.356250 0.402344 0.390625 0.414062 0.370312 0.535156 0.332813 0.525391
0 0.329688 0.533203 0.367188 0.542969 0.340625 0.660156 0.304688 0.648438
0 0.435937 0.296875 0.467187 0.306641 0.446875 0.419922 0.412500 0.412109
0 0.385937 0.552734 0.418750 0.558594 0.395313 0.671875 0.359375 0.662109
0 0.409375 0.419922 0.443750 0.431641 0.420312 0.544922 0.387500 0.533203
0 0.465625 0.427734 0.498437 0.443359 0.476562 0.546875 0.440625 0.533203
0 0.439063 0.554688 0.475000 0.564453 0.446875 0.681641 0.414062 0.669922
0 0.548438 0.310547 0.579688 0.320312 0.551562 0.439453 0.517188 0.429688
0 0.512500 0.441406 0.550000 0.449219 0.528125 0.558594 0.490625 0.554688
0 0.489063 0.566406 0.525000 0.576172 0.503125 0.691406 0.465625 0.677734
0 0.543750 0.574219 0.579688 0.585938 0.560937 0.701172 0.520312 0.687500
0 0.601562 0.591797 0.637500 0.601562 0.620313 0.714844 0.582812 0.707031
0 0.654687 0.599609 0.696875 0.613281 0.670312 0.728516 0.632812 0.714844
0 0.712500 0.609375 0.748437 0.623047 0.725000 0.744141 0.689063 0.732422
0 0.762500 0.623047 0.800000 0.632812 0.784375 0.753906 0.743750 0.744141
0 0.465625 0.000000 0.503125 0.000000 0.481250 0.041016 0.446875 0.031250
0 0.529687 0.000000 0.571875 0.000000 0.548438 0.050781 0.509375 0.042969
0 0.593750 0.000000 0.637500 0.000000 0.615625 0.046875 0.575000 0.037109
0 0.987500 0.000000 1.000000 0.000000 1.000000 0.128906 0.962500 0.119141
0 0.935937 0.000000 0.978125 0.000000 0.945312 0.119141 0.907813 0.107422
0 0.882812 0.000000 0.923438 0.000000 0.892188 0.107422 0.851562 0.099609
0 0.823438 0.000000 0.856250 0.000000 0.832812 0.101562 0.796875 0.091797
0 0.764062 0.000000 0.806250 0.000000 0.779687 0.089844 0.737500 0.082031
0 0.700000 0.000000 0.746875 0.000000 0.726562 0.082031 0.682813 0.076172
0 0.039062 0.000000 0.085938 0.000000 0.065625 0.066406 0.020313 0.062500
0 0.221875 0.000000 0.265625 0.000000 0.243750 0.085938 0.203125 0.080078
0 0.106250 0.000000 0.145313 0.000000 0.109375 0.103516 0.067187 0.089844
0 0.156250 0.000000 0.195312 0.000000 0.171875 0.113281 0.129688 0.105469
0 0.276562 0.005859 0.312500 0.015625 0.279687 0.138672 0.246875 0.121094
0 0.331250 0.011719 0.364063 0.023438 0.339062 0.150391 0.296875 0.136719
0 0.384375 0.017578 0.418750 0.031250 0.390625 0.148438 0.356250 0.136719
0 0.440625 0.035156 0.476562 0.042969 0.454688 0.167969 0.415625 0.158203
0 0.507812 0.050781 0.542188 0.062500 0.521875 0.181641 0.485938 0.173828
0 0.578125 0.046875 0.614062 0.060547 0.585938 0.167969 0.550000 0.160156
0 0.681250 0.080078 0.720313 0.089844 0.703125 0.207031 0.664062 0.201172
0 0.739062 0.089844 0.778125 0.095703 0.756250 0.216797 0.717187 0.205078
0 0.793750 0.103516 0.831250 0.105469 0.809375 0.240234 0.770312 0.232422
0 0.851562 0.109375 0.887500 0.115234 0.867188 0.248047 0.828125 0.242188
0 0.900000 0.125000 0.942187 0.128906 0.921875 0.259766 0.879687 0.251953
0 0.962500 0.128906 1.000000 0.142578 0.982812 0.265625 0.939063 0.255859
0 0.840625 0.515625 0.876563 0.525391 0.856250 0.638672 0.817187 0.626953
0 0.782813 0.498047 0.817187 0.501953 0.801562 0.625000 0.764062 0.617188
0 0.731250 0.486328 0.762500 0.492188 0.748437 0.611328 0.712500 0.603516
0 0.676562 0.470703 0.715625 0.484375 0.695312 0.607422 0.654687 0.593750
0 0.621875 0.464844 0.659375 0.470703 0.640625 0.593750 0.598437 0.582031
0 0.856250 0.392578 0.898438 0.404297 0.881250 0.515625 0.837500 0.503906
0 0.804688 0.367188 0.842187 0.376953 0.820312 0.500000 0.782813 0.490234
0 0.748437 0.363281 0.782813 0.371094 0.764062 0.480469 0.731250 0.470703
0 0.695312 0.349609 0.728125 0.359375 0.714063 0.470703 0.678125 0.460938
0 0.643750 0.339844 0.676562 0.345703 0.657813 0.464844 0.621875 0.457031
0 0.596875 0.320312 0.628125 0.330078 0.603125 0.451172 0.567187 0.441406
0 0.567187 0.441406 0.603125 0.457031 0.579688 0.578125 0.540625 0.564453
0 0.950000 0.523438 0.990625 0.533203 0.975000 0.656250 0.932813 0.648438
0 0.931250 0.656250 0.971875 0.666016 0.960938 0.791016 0.918750 0.785156
0 0.817187 0.636719 0.856250 0.644531 0.842187 0.769531 0.801562 0.757812
