0 0.134375 0.330078 0.159375 0.326172 0.170313 0.378906 0.140625 0.382812
0 0.000000 0.312500 0.021875 0.314453 0.018750 0.371094 0.000000 0.361328
0 0.006250 0.222656 0.034375 0.224609 0.029687 0.281250 0.000000 0.279297
0 0.018750 0.169922 0.050000 0.169922 0.040625 0.226562 0.010937 0.218750
0 0.029687 0.275391 0.089063 0.275391 0.087500 0.310547 0.026562 0.308594
0 0.028125 0.332031 0.053125 0.328125 0.057813 0.361328 0.037500 0.367188
0 0.068750 0.324219 0.085938 0.326172 0.089063 0.376953 0.068750 0.382812
0 0.100000 0.326172 0.128125 0.326172 0.134375 0.376953 0.107813 0.384766
0 0.164062 0.337891 0.190625 0.332031 0.209375 0.371094 0.182812 0.382812
0 0.203125 0.314453 0.220312 0.306641 0.251563 0.363281 0.229687 0.376953
0 0.253125 0.308594 0.276562 0.296875 0.292187 0.376953 0.265625 0.382812
0 0.298438 0.337891 0.325000 0.333984 0.331250 0.373047 0.307812 0.386719
0 0.335938 0.337891 0.356250 0.324219 0.385937 0.365234 0.370312 0.382812
0 0.390625 0.343750 0.409375 0.322266 0.437500 0.353516 0.425000 0.376953
0 0.437500 0.320312 0.456250 0.308594 0.498437 0.347656 0.467187 0.371094
0 0.490625 0.328125 0.509375 0.310547 0.540625 0.357422 0.520312 0.375000
0 0.529687 0.322266 0.554688 0.304688 0.589063 0.353516 0.562500 0.359375
0 0.710938 0.261719 0.768750 0.259766 0.784375 0.289062 0.717187 0.296875
0 0.576562 0.314453 0.601562 0.304688 0.631250 0.345703 0.607812 0.359375
0 0.620313 0.316406 0.640625 0.298828 0.675000 0.347656 0.651563 0.361328
0 0.671875 0.298828 0.690625 0.298828 0.714063 0.347656 0.695312 0.349609
0 0.718750 0.308594 0.746875 0.296875 0.773438 0.347656 0.745313 0.349609
0 0.760938 0.298828 0.784375 0.289062 0.806250 0.341797 0.781250 0.349609
0 0.820312 0.291016 0.837500 0.287109 0.870313 0.337891 0.851562 0.345703
0 0.881250 0.279297 0.914062 0.341797 0.885938 0.347656 0.862500 0.304688
0 0.935937 0.308594 0.962500 0.292969 1.000000 0.328125 0.978125 0.345703
0 0.981250 0.285156 1.000000 0.304688 1.000000 0.326172 0.973437 0.308594
