4 0.206250 0.275391 0.279687 0.195312 0.306250 0.226562 0.231250 0.306641
0 0.179688 0.199219 0.262500 0.158203 0.273438 0.199219 0.192188 0.240234
0 0.123438 0.197266 0.159375 0.175781 0.189062 0.269531 0.157812 0.285156
0 0.067187 0.048828 0.100000 0.033203 0.134375 0.140625 0.101562 0.160156
4 0.137500 0.046875 0.212500 0.011719 0.228125 0.056641 0.153125 0.093750
1 0.329688 0.083984 0.443750 0.007812 0.464062 0.066406 0.351562 0.140625
1 0.353125 0.152344 0.468750 0.082031 0.493750 0.140625 0.376563 0.207031
1 0.387500 0.214844 0.498437 0.150391 0.523438 0.214844 0.403125 0.277344
1 0.925000 0.521484 1.000000 0.449219 1.000000 0.500000 0.942187 0.564453
0 0.225000 0.337891 0.300000 0.291016 0.317188 0.330078 0.237500 0.376953
0 0.245312 0.392578 0.335938 0.343750 0.353125 0.384766 0.260937 0.435547
0 0.006250 0.255859 0.039062 0.238281 0.075000 0.324219 0.042188 0.343750
0 0.334375 0.634766 0.423438 0.585938 0.440625 0.640625 0.353125 0.681641
0 0.123438 0.968750 0.226562 0.912109 0.248438 0.964844 0.139063 1.000000
0 0.267188 0.451172 0.362500 0.396484 0.375000 0.443359 0.281250 0.488281
