1 0.448437 0.701172 0.490625 0.699219 0.475000 0.992188 0.423438 0.988281
0 0.171875 0.449219 0.200000 0.455078 0.189062 0.515625 0.159375 0.511719
0 0.843750 0.615234 0.915625 0.615234 0.917188 0.650391 0.842187 0.646484
0 0.853125 0.652344 0.914062 0.652344 0.915625 0.683594 0.850000 0.683594
0 0.892188 0.455078 0.951562 0.457031 0.950000 0.488281 0.890625 0.484375
0 0.971875 0.542969 1.000000 0.541016 0.998437 0.609375 0.970313 0.609375
1 0.871875 0.666016 0.929688 0.683594 0.925000 0.726562 0.857812 0.705078
1 0.189062 0.009766 0.225000 0.015625 0.206250 0.164062 0.165625 0.156250
2 0.317188 0.015625 0.356250 0.021484 0.331250 0.179688 0.295312 0.173828
2 0.610938 0.710938 0.654687 0.708984 0.671875 0.958984 0.629687 0.966797
2 0.564063 0.710938 0.607812 0.708984 0.617188 0.968750 0.576562 0.972656
2 0.615625 0.455078 0.662500 0.455078 0.648438 0.679688 0.603125 0.675781
1 0.126562 0.359375 0.170313 0.365234 0.126562 0.619141 0.070312 0.599609
1 0.040625 0.775391 0.096875 0.781250 0.032813 1.000000 0.000000 1.000000
1 0.698438 0.332031 0.735938 0.328125 0.737500 0.509766 0.689063 0.507812
1 0.687500 0.136719 0.718750 0.128906 0.740625 0.312500 0.706250 0.318359
1 0.617188 0.158203 0.654687 0.158203 0.653125 0.380859 0.614062 0.382812
1 0.478125 0.376953 0.515625 0.376953 0.500000 0.597656 0.454688 0.595703
