0 0.000000 0.156250 0.045312 0.162109 0.031250 0.269531 0.000000 0.265625
2 0.714063 0.066406 0.775000 0.070312 0.779687 0.242188 0.718750 0.242188
2 0.181250 0.052734 0.232813 0.060547 0.218750 0.244141 0.168750 0.240234
2 0.114062 0.783203 0.182812 0.789062 0.170313 1.000000 0.087500 1.000000
0 0.137500 0.660156 0.185938 0.660156 0.176563 0.781250 0.126562 0.781250
0 0.776563 0.830078 0.826562 0.833984 0.829688 0.974609 0.775000 0.970703
0 0.756250 0.675781 0.804688 0.669922 0.812500 0.800781 0.764062 0.804688
0 0.890625 0.457031 0.995313 0.437500 1.000000 0.496094 0.903125 0.515625
0 0.934375 0.373047 1.000000 0.394531 1.000000 0.443359 0.925000 0.425781
0 0.951562 0.312500 1.000000 0.339844 1.000000 0.386719 0.937500 0.361328
0 0.906250 0.294922 1.000000 0.234375 1.000000 0.273438 0.926562 0.333984
0 0.881250 0.085938 0.973437 0.046875 0.995313 0.095703 0.904687 0.138672
0 0.739062 0.261719 0.781250 0.255859 0.793750 0.357422 0.750000 0.365234
0 0.179688 0.253906 0.220312 0.257812 0.207813 0.386719 0.162500 0.382812
0 0.048438 0.261719 0.093750 0.269531 0.078125 0.386719 0.032813 0.380859
0 0.012500 0.017578 0.098437 0.019531 0.098437 0.066406 0.010937 0.060547
0 0.000000 0.089844 0.075000 0.060547 0.085938 0.109375 0.006250 0.130859
