2 0.021875 0.783203 0.051562 0.771484 0.079687 0.869141 0.050000 0.886719
0 0.107813 0.023438 0.189062 0.021484 0.189062 0.064453 0.110937 0.056641
0 0.703125 0.056641 0.728125 0.054688 0.732812 0.117188 0.704688 0.125000
0 0.128125 0.166016 0.185938 0.166016 0.189062 0.195312 0.128125 0.199219
0 0.287500 0.126953 0.350000 0.130859 0.346875 0.166016 0.278125 0.160156
0 0.923438 0.429688 0.998437 0.441406 0.992188 0.472656 0.918750 0.468750
0 0.900000 0.320312 0.987500 0.328125 0.982812 0.371094 0.903125 0.359375
4 0.884375 0.267578 0.954688 0.271484 0.953125 0.310547 0.887500 0.302734
0 0.892188 0.216797 0.960938 0.224609 0.959375 0.263672 0.890625 0.250000
0 0.893750 0.173828 0.962500 0.187500 0.956250 0.222656 0.887500 0.208984
0 0.876563 0.083984 0.953125 0.082031 0.957812 0.117188 0.876563 0.121094
0 0.881250 0.048828 0.942187 0.039062 0.943750 0.074219 0.882812 0.076172
0 0.718750 0.185547 0.785937 0.173828 0.792188 0.214844 0.718750 0.220703
0 0.239063 0.568359 0.312500 0.570312 0.310937 0.611328 0.234375 0.607422
0 0.203125 0.888672 0.279687 0.888672 0.275000 0.931641 0.200000 0.929688
0 0.914062 0.816406 1.000000 0.853516 0.993750 0.892578 0.904687 0.857422
4 0.234375 0.750000 0.293750 0.771484 0.282813 0.808594 0.223438 0.787109
