0 0.567187 0.052734 0.601562 0.058594 0.595313 0.123047 0.562500 0.117188
0 0.621875 0.066406 0.648438 0.082031 0.628125 0.132812 0.596875 0.115234
0 0.648438 0.074219 0.678125 0.076172 0.675000 0.142578 0.643750 0.142578
0 0.685937 0.080078 0.715625 0.082031 0.712500 0.142578 0.679688 0.142578
0 0.384375 0.386719 0.414062 0.400391 0.401562 0.472656 0.370312 0.460938
0 0.421875 0.410156 0.450000 0.414062 0.440625 0.484375 0.409375 0.478516
0 0.528125 0.046875 0.565625 0.056641 0.550000 0.123047 0.517188 0.113281
0 0.456250 0.412109 0.487500 0.408203 0.492188 0.482422 0.457813 0.482422
0 0.532813 0.398438 0.560937 0.400391 0.551562 0.474609 0.525000 0.470703
0 0.579688 0.371094 0.609375 0.371094 0.598437 0.441406 0.568750 0.435547
0 0.621875 0.324219 0.653125 0.335938 0.645312 0.402344 0.609375 0.398438
0 0.585938 0.523438 0.612500 0.531250 0.603125 0.589844 0.578125 0.582031
0 0.567187 0.582031 0.600000 0.589844 0.585938 0.660156 0.556250 0.652344
0 0.479687 0.562500 0.518750 0.576172 0.500000 0.648438 0.460938 0.634766
0 0.451562 0.660156 0.489063 0.662109 0.479687 0.740234 0.440625 0.738281
0 0.521875 0.763672 0.557813 0.767578 0.535937 0.855469 0.503125 0.847656
0 0.426563 0.761719 0.468750 0.765625 0.457813 0.849609 0.417187 0.843750
0 0.135937 0.931641 0.210938 0.947266 0.198437 0.998047 0.125000 0.976562
0 0.565625 0.972656 0.643750 0.970703 0.643750 1.000000 0.565625 1.000000
0 0.754687 0.927734 0.843750 0.953125 0.829688 1.000000 0.742188 0.972656
0 0.510938 0.937500 0.546875 0.933594 0.543750 1.000000 0.510938 1.000000
