0 0.603125 0.677734 0.653125 0.652344 0.725000 0.789062 0.678125 0.824219
4 0.775000 0.054688 0.875000 0.000000 0.904687 0.044922 0.803125 0.109375
4 0.640625 0.146484 0.753125 0.074219 0.776563 0.119141 0.675000 0.199219
4 0.056250 0.560547 0.170313 0.476562 0.198437 0.533203 0.082812 0.615234
4 0.498437 0.757812 0.532813 0.714844 0.620313 0.802734 0.585938 0.853516
4 0.295312 0.904297 0.337500 0.873047 0.398438 0.986328 0.351562 1.000000
0 0.684375 0.648438 0.723437 0.625000 0.792188 0.744141 0.753125 0.777344
0 0.748437 0.583984 0.796875 0.562500 0.865625 0.708984 0.815625 0.736328
0 0.815625 0.576172 0.853125 0.542969 0.943750 0.662109 0.903125 0.697266
0 0.896875 0.509766 0.939063 0.460938 1.000000 0.570312 0.993750 0.613281
0 0.207813 0.462891 0.307812 0.378906 0.335938 0.427734 0.231250 0.511719
0 0.345313 0.361328 0.462500 0.287109 0.485938 0.339844 0.373437 0.423828
