0 0.265625 0.798828 0.345313 0.798828 0.345313 0.841797 0.265625 0.841797
0 0.417187 0.847656 0.448437 0.847656 0.448437 0.945312 0.417187 0.945312
0 0.425000 0.740234 0.454688 0.740234 0.454688 0.822266 0.425000 0.822266
0 0.418750 0.628906 0.448437 0.628906 0.448437 0.712891 0.418750 0.712891
0 0.421875 0.962891 0.453125 0.962891 0.453125 1.000000 0.421875 1.000000
1 0.767188 0.382812 0.815625 0.373047 0.832812 0.507812 0.782813 0.509766
0 0.918750 0.019531 0.993750 0.000000 1.000000 0.013672 0.935937 0.048828
0 0.264062 0.488281 0.334375 0.488281 0.334375 0.527344 0.264062 0.527344
0 0.259375 0.544922 0.334375 0.544922 0.334375 0.583984 0.259375 0.583984
0 0.259375 0.642578 0.335938 0.642578 0.335938 0.679688 0.259375 0.679688
0 0.242188 0.132812 0.309375 0.132812 0.309375 0.171875 0.242188 0.171875
0 0.240625 0.189453 0.312500 0.173828 0.318750 0.208984 0.246875 0.224609
0 0.375000 0.164062 0.404687 0.160156 0.412500 0.228516 0.384375 0.230469
0 0.389062 0.244141 0.418750 0.244141 0.418750 0.318359 0.389062 0.318359
0 0.250000 0.271484 0.317188 0.271484 0.317188 0.306641 0.250000 0.306641
0 0.248438 0.357422 0.326562 0.357422 0.326562 0.392578 0.248438 0.392578
0 0.254688 0.402344 0.328125 0.402344 0.328125 0.443359 0.254688 0.443359
