0 0.232813 0.917969 0.256250 0.935547 0.203125 1.000000 0.179688 0.988281
0 0.143750 0.957031 0.201563 0.890625 0.223438 0.912109 0.165625 0.980469
0 0.112500 0.929688 0.170313 0.863281 0.193750 0.884766 0.135937 0.955078
0 0.140625 0.828125 0.162500 0.851562 0.107813 0.921875 0.087500 0.900391
0 0.053125 0.851562 0.114062 0.791016 0.131250 0.814453 0.075000 0.878906
0 0.026562 0.820312 0.081250 0.757812 0.106250 0.777344 0.048438 0.843750
0 0.000000 0.779297 0.053125 0.722656 0.076563 0.742188 0.018750 0.808594
0 0.796875 0.132812 0.820312 0.130859 0.820312 0.191406 0.793750 0.187500
0 0.623437 0.222656 0.640625 0.226562 0.620313 0.281250 0.600000 0.271484
0 0.798438 0.263672 0.846875 0.291016 0.834375 0.322266 0.785937 0.289062
0 0.820312 0.240234 0.881250 0.275391 0.868750 0.306641 0.806250 0.271484
0 0.884375 0.285156 0.945312 0.326172 0.932813 0.363281 0.870313 0.314453
0 0.871875 0.347656 0.901563 0.363281 0.865625 0.417969 0.834375 0.398438
0 0.807813 0.302734 0.826562 0.324219 0.793750 0.375000 0.770312 0.353516
0 0.767188 0.287109 0.792188 0.304688 0.771875 0.347656 0.745313 0.335938
0 0.742188 0.244141 0.795312 0.255859 0.789062 0.285156 0.735938 0.269531
0 0.726562 0.271484 0.753125 0.285156 0.721875 0.341797 0.695312 0.324219
0 0.665625 0.226562 0.687500 0.242188 0.656250 0.298828 0.632812 0.283203
0 0.840625 0.134766 0.865625 0.128906 0.876563 0.197266 0.851562 0.201172
0 0.760938 0.107422 0.789062 0.109375 0.790625 0.189453 0.764062 0.187500
0 0.726562 0.105469 0.746875 0.119141 0.721875 0.167969 0.700000 0.148438
0 0.701562 0.072266 0.725000 0.087891 0.692187 0.148438 0.671875 0.134766
0 0.660937 0.070312 0.682813 0.083984 0.656250 0.150391 0.628125 0.136719
0 0.537500 0.072266 0.587500 0.111328 0.570312 0.140625 0.518750 0.099609
