4 0.867188 0.214844 0.934375 0.197266 0.940625 0.226562 0.876563 0.250000
0 0.831250 0.109375 0.881250 0.095703 0.889062 0.119141 0.842187 0.132812
0 0.428125 0.312500 0.481250 0.292969 0.489063 0.326172 0.435937 0.341797
4 0.406250 0.216797 0.453125 0.210938 0.453125 0.246094 0.407813 0.251953
0 0.737500 0.242188 0.779687 0.230469 0.782813 0.253906 0.742188 0.263672
0 0.737500 0.328125 0.806250 0.310547 0.814063 0.337891 0.742188 0.355469
0 0.884375 0.265625 0.946875 0.248047 0.956250 0.273438 0.893750 0.292969
0 0.903125 0.287109 0.951562 0.271484 0.959375 0.298828 0.909375 0.312500
0 0.907813 0.320312 0.967187 0.294922 0.975000 0.322266 0.915625 0.345703
0 0.437500 0.396484 0.496875 0.376953 0.504687 0.406250 0.443750 0.427734
0 0.312500 0.699219 0.384375 0.679688 0.389062 0.720703 0.318750 0.740234
4 0.312500 0.656250 0.365625 0.640625 0.370312 0.683594 0.318750 0.697266
0 0.326562 0.816406 0.396875 0.808594 0.403125 0.843750 0.331250 0.857422
0 0.335938 0.908203 0.403125 0.894531 0.412500 0.933594 0.345313 0.951172
4 0.267188 0.248047 0.326562 0.244141 0.326562 0.285156 0.267188 0.289062
0 0.239063 0.058594 0.287500 0.044922 0.292187 0.070312 0.245312 0.087891
0 0.365625 0.029297 0.418750 0.009766 0.425000 0.037109 0.371875 0.054688
0 0.381250 0.054688 0.435937 0.039062 0.440625 0.064453 0.384375 0.082031
0 0.384375 0.085938 0.435937 0.064453 0.443750 0.093750 0.392188 0.113281
0 0.242188 0.128906 0.298438 0.119141 0.298438 0.148438 0.242188 0.154297
0 0.246875 0.156250 0.298438 0.142578 0.303125 0.171875 0.251563 0.185547
0 0.256250 0.181641 0.314063 0.175781 0.314063 0.203125 0.259375 0.210938
0 0.396875 0.148438 0.454688 0.144531 0.456250 0.173828 0.400000 0.181641
2 0.398438 0.113281 0.454688 0.113281 0.453125 0.146484 0.395313 0.148438
0 0.439063 0.359375 0.495312 0.351562 0.498437 0.380859 0.440625 0.388672
0 0.275000 0.402344 0.340625 0.392578 0.342187 0.421875 0.278125 0.433594
0 0.282813 0.427734 0.340625 0.412109 0.345313 0.449219 0.287500 0.466797
0 0.798438 0.035156 0.860938 0.019531 0.867188 0.044922 0.804688 0.064453
0 0.810937 0.058594 0.870313 0.041016 0.876563 0.066406 0.818750 0.083984
