0 0.564063 0.699219 0.657813 0.667969 0.671875 0.714844 0.571875 0.750000
0 0.620313 0.019531 0.660937 0.013672 0.689063 0.119141 0.639062 0.132812
0 0.760938 0.000000 0.800000 0.000000 0.768750 0.066406 0.734375 0.044922
0 0.207813 0.001953 0.287500 0.000000 0.303125 0.029297 0.214062 0.056641
0 0.281250 0.257812 0.365625 0.244141 0.373437 0.291016 0.290625 0.306641
0 0.431250 0.775391 0.526563 0.712891 0.551562 0.757812 0.451562 0.824219
0 0.731250 0.669922 0.828125 0.625000 0.845313 0.681641 0.740625 0.728516
0 0.896875 0.638672 1.000000 0.593750 1.000000 0.652344 0.910937 0.689453
0 0.868750 0.794922 0.970313 0.763672 0.982812 0.824219 0.879687 0.853516
0 0.684375 0.841797 0.781250 0.820312 0.785937 0.882812 0.695312 0.892578
0 0.540625 0.888672 0.651563 0.855469 0.667188 0.916016 0.551562 0.949219
0 0.421875 0.925781 0.517188 0.894531 0.531250 0.955078 0.431250 0.986328
