0 0.675000 0.808594 0.771875 0.691406 0.807813 0.732422 0.709375 0.855469
0 0.623437 0.724609 0.707812 0.621094 0.748437 0.666016 0.662500 0.777344
0 0.228125 0.201172 0.321875 0.103516 0.354687 0.156250 0.265625 0.246094
0 0.193750 0.470703 0.229687 0.429688 0.318750 0.548828 0.279687 0.591797
0 0.101562 0.335938 0.139063 0.302734 0.212500 0.402344 0.179688 0.445312
0 0.015625 0.179688 0.046875 0.146484 0.129688 0.263672 0.101562 0.304688
0 0.521875 0.597656 0.606250 0.505859 0.645312 0.558594 0.556250 0.646484
0 0.467187 0.521484 0.557813 0.417969 0.593750 0.462891 0.498437 0.572266
0 0.371875 0.392578 0.462500 0.292969 0.498437 0.341797 0.406250 0.441406
0 0.781250 0.943359 0.875000 0.839844 0.914062 0.890625 0.818750 0.992188
