0 0.889062 0.726562 0.921875 0.701172 0.967187 0.779297 0.939063 0.804688
2 0.589063 0.078125 0.639062 0.052734 0.732812 0.232422 0.687500 0.263672
4 0.771875 0.478516 0.798438 0.462891 0.826562 0.513672 0.801562 0.529297
2 0.360938 0.769531 0.415625 0.767578 0.414062 0.931641 0.359375 0.933594
2 0.198437 0.896484 0.240625 0.880859 0.285938 1.000000 0.240625 1.000000
2 0.146875 0.742188 0.187500 0.722656 0.215625 0.841797 0.176563 0.855469
2 0.010937 0.248047 0.053125 0.226562 0.098437 0.410156 0.050000 0.429688
0 0.000000 0.166016 0.029687 0.156250 0.037500 0.232422 0.012500 0.244141
0 0.064062 0.470703 0.098437 0.455078 0.129688 0.546875 0.092188 0.568359
0 0.109375 0.603516 0.148438 0.587891 0.168750 0.689453 0.132812 0.701172
0 0.210938 0.763672 0.250000 0.748047 0.276562 0.847656 0.235937 0.865234
0 0.126562 0.072266 0.157812 0.060547 0.182812 0.148438 0.153125 0.160156
0 0.909375 0.396484 0.987500 0.363281 1.000000 0.404297 0.928125 0.437500
2 0.698438 0.283203 0.742188 0.265625 0.820312 0.421875 0.773438 0.445312
0 0.882812 0.613281 0.942187 0.566406 0.973437 0.595703 0.909375 0.648438
