0 0.764062 0.503906 0.812500 0.500000 0.823438 0.601562 0.781250 0.603516
0 0.781250 0.710938 0.820312 0.697266 0.831250 0.806641 0.798438 0.812500
3 0.365625 0.650391 0.415625 0.646484 0.420312 0.841797 0.368750 0.839844
0 0.743750 0.736328 0.781250 0.736328 0.784375 0.841797 0.743750 0.839844
0 0.795312 0.828125 0.832812 0.820312 0.848437 0.929688 0.806250 0.937500
0 0.843750 0.750000 0.879687 0.751953 0.896875 0.869141 0.851562 0.867188
0 0.870313 0.652344 0.953125 0.724609 0.934375 0.771484 0.850000 0.708984
0 0.375000 0.900391 0.417187 0.904297 0.415625 1.000000 0.368750 1.000000
0 0.365625 0.531250 0.406250 0.523438 0.410938 0.640625 0.370312 0.640625
0 0.368750 0.408203 0.403125 0.408203 0.409375 0.511719 0.371875 0.513672
0 0.365625 0.292969 0.401562 0.294922 0.406250 0.412109 0.364063 0.408203
0 0.368750 0.193359 0.403125 0.197266 0.403125 0.283203 0.370312 0.289062
3 0.362500 0.000000 0.410938 0.000000 0.417187 0.169922 0.365625 0.167969
0 0.815625 0.208984 0.851562 0.197266 0.865625 0.298828 0.826562 0.296875
0 0.748437 0.183594 0.789062 0.183594 0.793750 0.271484 0.757812 0.281250
0 0.751563 0.289062 0.795312 0.277344 0.803125 0.382812 0.759375 0.380859
0 0.757812 0.384766 0.803125 0.386719 0.807813 0.488281 0.770312 0.486328
