0 0.746875 0.000000 0.798438 0.000000 0.800000 0.091797 0.748437 0.091797
0 0.828125 0.515625 0.887500 0.509766 0.898438 0.664062 0.837500 0.669922
0 0.543750 0.869141 0.685937 0.876953 0.682813 0.955078 0.542188 0.951172
0 0.665625 0.000000 0.714063 0.000000 0.721875 0.093750 0.673438 0.095703
0 0.393750 0.316406 0.517188 0.314453 0.515625 0.382812 0.387500 0.378906
0 0.359375 0.873047 0.507812 0.875000 0.504687 0.957031 0.356250 0.958984
0 0.382812 0.400391 0.501563 0.408203 0.498437 0.464844 0.378125 0.457031
0 0.390625 0.515625 0.517188 0.513672 0.514062 0.578125 0.385937 0.576172
0 0.400000 0.675781 0.526563 0.683594 0.521875 0.751953 0.392188 0.740234
0 0.396875 0.777344 0.523438 0.779297 0.525000 0.849609 0.393750 0.837891
