0 0.523438 0.328125 0.548438 0.302734 0.607812 0.375000 0.587500 0.406250
0 0.623437 0.375000 0.687500 0.451172 0.665625 0.486328 0.596875 0.416016
0 0.796875 0.476562 0.826562 0.443359 0.896875 0.523438 0.870313 0.562500
0 0.501563 0.621094 0.531250 0.595703 0.600000 0.677734 0.571875 0.714844
0 0.240625 0.644531 0.264062 0.625000 0.310937 0.701172 0.287500 0.728516
0 0.920312 0.744141 0.989062 0.820312 0.962500 0.855469 0.893750 0.779297
0 0.837500 0.638672 0.906250 0.714844 0.879687 0.750000 0.810937 0.673828
0 0.935937 0.582031 1.000000 0.658203 0.978125 0.693359 0.909375 0.617188
0 0.726562 0.564453 0.754687 0.533203 0.818750 0.617188 0.795312 0.646484
0 0.196875 0.701172 0.226562 0.671875 0.275000 0.744141 0.251563 0.779297
0 0.423438 0.205078 0.451562 0.173828 0.512500 0.255859 0.484375 0.283203
0 0.493750 0.103516 0.521875 0.072266 0.579688 0.146484 0.556250 0.179688
