0 0.704688 0.771484 0.742188 0.777344 0.734375 0.908203 0.690625 0.888672
0 0.723437 0.929688 0.823438 0.949219 0.817187 0.994141 0.720313 0.992188
0 0.378125 0.875000 0.425000 0.882812 0.414062 0.976562 0.371875 0.976562
0 0.229687 0.931641 0.267188 0.931641 0.260937 1.000000 0.225000 1.000000
4 0.248438 0.779297 0.342187 0.753906 0.345313 0.798828 0.250000 0.822266
0 0.059375 0.830078 0.167187 0.808594 0.171875 0.861328 0.068750 0.898438
0 0.301563 0.904297 0.348438 0.906250 0.335938 1.000000 0.295312 0.992188
0 0.546875 0.218750 0.632812 0.193359 0.642188 0.250000 0.554688 0.277344
0 0.520312 0.169922 0.603125 0.125000 0.625000 0.181641 0.539062 0.224609
0 0.517188 0.123047 0.579688 0.046875 0.612500 0.085938 0.553125 0.156250
0 0.970313 0.669922 1.000000 0.683594 0.989062 0.789062 0.946875 0.773438
0 0.848437 0.582031 0.953125 0.544922 0.971875 0.605469 0.865625 0.638672
0 0.709375 0.638672 0.801562 0.611328 0.809375 0.656250 0.717187 0.683594
0 0.612500 0.480469 0.685937 0.453125 0.700000 0.507812 0.629687 0.533203
0 0.879687 0.710938 0.914062 0.734375 0.882812 0.812500 0.850000 0.796875
0 0.796875 0.738281 0.834375 0.742188 0.815625 0.880859 0.765625 0.865234
