0 0.331250 0.099609 0.404687 0.164062 0.375000 0.195312 0.306250 0.132812
0 0.325000 0.175781 0.412500 0.242188 0.382812 0.287109 0.300000 0.210938
0 0.334375 0.257812 0.406250 0.296875 0.396875 0.335938 0.318750 0.302734
0 0.325000 0.326172 0.412500 0.384766 0.392188 0.421875 0.307812 0.363281
0 0.325000 0.390625 0.401562 0.457031 0.381250 0.490234 0.309375 0.429688
0 0.318750 0.476562 0.406250 0.511719 0.392188 0.558594 0.306250 0.521484
0 0.331250 0.550781 0.412500 0.615234 0.385937 0.654297 0.312500 0.593750
4 0.595313 0.144531 0.637500 0.144531 0.640625 0.255859 0.596875 0.259766
2 0.631250 0.843750 0.671875 0.837891 0.687500 0.980469 0.640625 0.982422
4 0.415625 0.085938 0.456250 0.083984 0.464062 0.218750 0.417187 0.218750
0 0.323437 0.636719 0.415625 0.695312 0.393750 0.744141 0.300000 0.679688
0 0.325000 0.744141 0.425000 0.794922 0.404687 0.841797 0.307812 0.791016
0 0.329688 0.857422 0.431250 0.890625 0.420312 0.945312 0.312500 0.912109
0 0.337500 1.000000 0.439063 0.955078 0.453125 0.998047 0.351562 1.000000
0 0.204687 0.000000 0.250000 0.000000 0.253125 0.107422 0.206250 0.109375
0 0.192188 0.140625 0.232813 0.136719 0.237500 0.250000 0.193750 0.255859
0 0.193750 0.285156 0.237500 0.289062 0.235937 0.394531 0.189062 0.400391
0 0.190625 0.429688 0.234375 0.431641 0.235937 0.554688 0.187500 0.562500
0 0.182812 0.609375 0.229687 0.605469 0.231250 0.732422 0.181250 0.732422
0 0.256250 0.742188 0.298438 0.740234 0.303125 0.873047 0.259375 0.875000
0 0.103125 0.796875 0.212500 0.744141 0.229687 0.794922 0.118750 0.845703
0 0.109375 0.847656 0.217188 0.841797 0.225000 0.898438 0.110937 0.902344
0 0.256250 0.886719 0.303125 0.888672 0.304688 1.000000 0.256250 1.000000
0 0.107813 0.941406 0.157812 0.939453 0.160938 1.000000 0.110937 1.000000
0 0.429688 0.236328 0.467187 0.232422 0.470313 0.324219 0.431250 0.324219
0 0.712500 0.261719 0.820312 0.261719 0.820312 0.304688 0.714063 0.310547
0 0.731250 0.318359 0.817187 0.320312 0.815625 0.367188 0.728125 0.367188
0 0.646875 0.539062 0.682813 0.503906 0.740625 0.585938 0.712500 0.619141
0 0.743750 0.580078 0.859375 0.572266 0.862500 0.630859 0.743750 0.628906
0 0.757812 0.666016 0.867188 0.664062 0.868750 0.712891 0.756250 0.722656
0 0.762500 0.744141 0.875000 0.742188 0.875000 0.800781 0.762500 0.804688
0 0.756250 0.832031 0.884375 0.820312 0.887500 0.884766 0.757812 0.886719
0 0.768750 0.908203 0.889062 0.898438 0.900000 0.960938 0.775000 0.970703
0 0.781250 0.982422 0.898438 0.966797 0.906250 1.000000 0.784375 1.000000
0 0.579688 0.000000 0.625000 0.000000 0.629687 0.070312 0.584375 0.070312
0 0.595313 0.269531 0.640625 0.275391 0.640625 0.396484 0.595313 0.388672
0 0.526563 0.414062 0.576562 0.402344 0.587500 0.527344 0.540625 0.531250
0 0.612500 0.552734 0.657813 0.556641 0.660937 0.673828 0.617188 0.679688
0 0.626563 0.697266 0.671875 0.701172 0.676562 0.824219 0.625000 0.820312
0 0.425000 0.398438 0.468750 0.398438 0.475000 0.517578 0.425000 0.517578
0 0.425000 0.537109 0.473438 0.539062 0.467187 0.671875 0.418750 0.671875
0 0.479687 0.570312 0.531250 0.564453 0.545312 0.708984 0.490625 0.716797
0 0.426563 0.703125 0.471875 0.695312 0.481250 0.822266 0.437500 0.828125
0 0.429688 0.851562 0.475000 0.841797 0.496875 0.970703 0.454688 0.988281
0 0.506250 0.851562 0.554688 0.851562 0.562500 0.986328 0.512500 0.992188
0 0.418750 0.000000 0.457813 0.000000 0.459375 0.072266 0.418750 0.072266
0 0.295312 0.000000 0.318750 0.000000 0.382812 0.001953 0.360938 0.041016
0 0.325000 0.025391 0.393750 0.083984 0.368750 0.119141 0.301563 0.070312
1 0.704688 0.181641 0.829688 0.160156 0.832812 0.240234 0.712500 0.257812
0 0.709375 0.140625 0.817187 0.128906 0.817187 0.171875 0.714063 0.185547
0 0.710938 0.087891 0.806250 0.085938 0.807813 0.134766 0.712500 0.132812
0 0.700000 0.031250 0.787500 0.029297 0.784375 0.076172 0.700000 0.074219
0 0.700000 0.000000 0.787500 0.000000 0.787500 0.021484 0.698438 0.019531
0 0.931250 0.937500 0.962500 0.898438 1.000000 0.957031 1.000000 1.000000
0 0.898438 0.220703 0.943750 0.212891 0.956250 0.328125 0.906250 0.335938
0 0.909375 0.125000 1.000000 0.109375 1.000000 0.162109 0.914062 0.177734
0 0.900000 0.072266 0.984375 0.054688 0.990625 0.099609 0.901563 0.117188
