0 0.325000 0.337891 0.412500 0.251953 0.439063 0.291016 0.351562 0.378906
0 0.490625 0.171875 0.587500 0.076172 0.614062 0.126953 0.525000 0.205078
0 0.210938 0.435547 0.303125 0.349609 0.335938 0.390625 0.243750 0.474609
0 0.539062 0.312500 0.653125 0.359375 0.634375 0.414062 0.525000 0.365234
0 0.609375 0.259766 0.720313 0.306641 0.709375 0.355469 0.590625 0.312500
0 0.421875 0.423828 0.532813 0.486328 0.517188 0.542969 0.396875 0.474609
0 0.342187 0.511719 0.481250 0.544922 0.467187 0.603516 0.334375 0.570312
0 0.290625 0.570312 0.404687 0.605469 0.392188 0.660156 0.275000 0.623047
0 0.787500 0.556641 0.875000 0.462891 0.904687 0.496094 0.821875 0.601562
0 0.467187 0.857422 0.562500 0.757812 0.600000 0.800781 0.498437 0.906250
4 0.398438 0.894531 0.501563 0.962891 0.482812 1.000000 0.375000 0.941406
0 0.607812 1.000000 0.709375 0.894531 0.750000 0.933594 0.637500 1.000000
0 0.578125 0.912109 0.684375 0.787109 0.720313 0.835938 0.610938 0.957031
0 0.231250 0.630859 0.356250 0.669922 0.348438 0.726562 0.212500 0.693359
0 0.090625 0.775391 0.203125 0.816406 0.203125 0.878906 0.071875 0.837891
0 0.004687 0.837891 0.121875 0.878906 0.103125 0.927734 0.000000 0.894531
0 0.093750 0.546875 0.184375 0.455078 0.210938 0.496094 0.134375 0.582031
0 0.665625 0.195312 0.781250 0.244141 0.765625 0.300781 0.654687 0.250000
0 0.728125 0.130859 0.842187 0.179688 0.829688 0.232422 0.715625 0.189453
0 0.837500 0.023438 0.960938 0.048828 0.951562 0.115234 0.826562 0.087891
0 0.637500 0.025391 0.728125 0.000000 0.759375 0.000000 0.670312 0.076172
