0 0.045312 0.234375 0.112500 0.208984 0.128125 0.240234 0.059375 0.279297
0 0.026562 0.201172 0.093750 0.175781 0.109375 0.207031 0.040625 0.246094
0 0.023438 0.488281 0.056250 0.474609 0.084375 0.544922 0.050000 0.564453
0 0.062500 0.574219 0.095312 0.560547 0.131250 0.644531 0.095312 0.660156
0 0.095312 0.664062 0.128125 0.650391 0.154688 0.722656 0.125000 0.734375
0 0.167187 0.843750 0.200000 0.830078 0.235937 0.923828 0.204687 0.941406
0 0.121875 0.742188 0.154688 0.728516 0.189062 0.806641 0.150000 0.826172
0 0.351562 0.953125 0.451562 0.886719 0.482812 0.931641 0.370312 1.000000
0 0.315625 0.847656 0.398438 0.785156 0.425000 0.828125 0.345313 0.884766
0 0.298438 0.798828 0.379688 0.744141 0.404687 0.781250 0.314063 0.847656
0 0.270313 0.751953 0.354687 0.701172 0.379688 0.738281 0.289062 0.796875
0 0.246875 0.705078 0.325000 0.654297 0.345313 0.693359 0.270313 0.751953
0 0.231250 0.656250 0.312500 0.615234 0.334375 0.652344 0.245312 0.701172
0 0.209375 0.609375 0.290625 0.568359 0.312500 0.605469 0.223438 0.654297
0 0.154688 0.490234 0.235937 0.449219 0.257812 0.486328 0.168750 0.535156
0 0.134375 0.449219 0.215625 0.408203 0.237500 0.445312 0.148438 0.494141
0 0.123438 0.419922 0.204687 0.378906 0.226562 0.416016 0.137500 0.464844
0 0.109375 0.373047 0.182812 0.343750 0.198437 0.375000 0.123438 0.417969
0 0.092188 0.335938 0.170313 0.306641 0.179688 0.345703 0.106250 0.380859
0 0.057813 0.275391 0.131250 0.242188 0.150000 0.281250 0.071875 0.320312
