0 0.385937 0.386719 0.421875 0.429688 0.353125 0.533203 0.315625 0.500000
0 0.985938 0.892578 1.000000 0.925781 0.987500 1.000000 0.935937 1.000000
0 0.939063 0.835938 0.982812 0.873047 0.929688 0.988281 0.882812 0.955078
0 0.820312 0.916016 0.868750 0.955078 0.810937 1.000000 0.765625 1.000000
0 0.898438 0.785156 0.940625 0.828125 0.875000 0.945312 0.831250 0.908203
0 0.789062 0.832031 0.840625 0.871094 0.773438 0.990234 0.726562 0.955078
0 0.848437 0.742188 0.890625 0.779297 0.835938 0.876953 0.795312 0.849609
0 0.765625 0.738281 0.807813 0.775391 0.743750 0.892578 0.701562 0.857422
0 0.687500 0.873047 0.734375 0.914062 0.668750 1.000000 0.623437 1.000000
0 0.509375 1.000000 0.576562 0.941406 0.620313 0.978516 0.550000 1.000000
0 0.653125 0.804688 0.701562 0.847656 0.629687 0.972656 0.581250 0.935547
0 0.721875 0.681641 0.770312 0.720703 0.701562 0.835938 0.654687 0.794922
0 0.525000 0.890625 0.568750 0.927734 0.514062 1.000000 0.468750 1.000000
0 0.598437 0.759766 0.639062 0.796875 0.575000 0.916016 0.531250 0.875000
0 0.675000 0.632812 0.718750 0.666016 0.653125 0.779297 0.612500 0.746094
0 0.625000 0.589844 0.662500 0.623047 0.592187 0.738281 0.554688 0.703125
0 0.546875 0.707031 0.587500 0.746094 0.521875 0.867188 0.478125 0.832031
0 0.475000 0.839844 0.515625 0.876953 0.451562 1.000000 0.406250 0.966797
0 0.357812 0.912109 0.393750 0.951172 0.339062 1.000000 0.295312 1.000000
0 0.429688 0.791016 0.470313 0.824219 0.401562 0.947266 0.362500 0.910156
0 0.503125 0.667969 0.540625 0.707031 0.468750 0.824219 0.431250 0.791016
0 0.570312 0.558594 0.607812 0.585938 0.546875 0.697266 0.510938 0.666016
0 0.539062 0.484375 0.578125 0.519531 0.510938 0.642578 0.467187 0.603516
0 0.460938 0.613281 0.498437 0.642578 0.434375 0.765625 0.396875 0.728516
0 0.387500 0.726562 0.428125 0.765625 0.353125 0.892578 0.312500 0.853516
0 0.306250 0.865234 0.351562 0.902344 0.289062 1.000000 0.239063 0.994141
0 0.253125 0.833984 0.296875 0.865234 0.226562 0.998047 0.181250 0.964844
0 0.335938 0.691406 0.373437 0.730469 0.309375 0.851562 0.267188 0.814453
0 0.410938 0.570312 0.448437 0.607422 0.387500 0.716797 0.342187 0.685547
0 0.485938 0.453125 0.526563 0.492188 0.456250 0.601562 0.415625 0.568359
0 0.426563 0.423828 0.468750 0.457031 0.404687 0.570312 0.367188 0.537109
0 0.364063 0.541016 0.401562 0.578125 0.335938 0.675781 0.295312 0.640625
0 0.289062 0.642578 0.331250 0.675781 0.264062 0.794922 0.221875 0.755859
0 0.220312 0.765625 0.264062 0.794922 0.196875 0.914062 0.153125 0.875000
0 0.143750 0.882812 0.190625 0.914062 0.123438 1.000000 0.082812 1.000000
0 0.076563 0.876953 0.117188 0.910156 0.031250 1.000000 0.000000 1.000000
0 0.159375 0.740234 0.198437 0.779297 0.117188 0.896484 0.081250 0.859375
0 0.235937 0.623047 0.273438 0.662109 0.203125 0.775391 0.159375 0.740234
0 0.306250 0.511719 0.343750 0.546875 0.273438 0.660156 0.237500 0.619141
0 0.032813 0.826172 0.078125 0.876953 0.000000 1.000000 0.000000 0.968750
0 0.110937 0.707031 0.148438 0.746094 0.070312 0.867188 0.035937 0.828125
0 0.192188 0.570312 0.235937 0.619141 0.148438 0.742188 0.112500 0.701172
0 0.267188 0.455078 0.306250 0.496094 0.231250 0.617188 0.193750 0.570312
0 0.342187 0.341797 0.382812 0.382812 0.315625 0.490234 0.273438 0.449219
0 0.970313 0.472656 1.000000 0.511719 0.953125 0.634766 0.906250 0.589844
0 0.932813 0.390625 0.978125 0.433594 0.909375 0.554688 0.862500 0.513672
0 0.884375 0.341797 0.926562 0.380859 0.860938 0.492188 0.823438 0.458984
0 0.996875 0.273438 1.000000 0.306641 0.979688 0.421875 0.937500 0.392578
0 0.954688 0.220703 0.996875 0.255859 0.935937 0.367188 0.896875 0.337891
0 1.000000 0.109375 1.000000 0.148438 1.000000 0.246094 0.965625 0.205078
0 0.731250 0.218750 0.781250 0.257812 0.712500 0.369141 0.670312 0.335938
0 0.806250 0.099609 0.850000 0.136719 0.779687 0.251953 0.742188 0.208984
0 0.810937 0.083984 0.879687 0.000000 0.921875 0.000000 0.857812 0.123047
0 0.753125 0.042969 0.800000 0.082031 0.735938 0.197266 0.695312 0.158203
0 0.759375 0.044922 0.817187 0.000000 0.857812 0.000000 0.800000 0.080078
0 0.490625 0.361328 0.581250 0.416016 0.557813 0.480469 0.467187 0.414062
0 0.375000 0.275391 0.473438 0.357422 0.446875 0.414062 0.345313 0.335938
0 0.412500 0.218750 0.501563 0.294922 0.471875 0.349609 0.382812 0.271484
0 0.460938 0.148438 0.550000 0.232422 0.518750 0.281250 0.429688 0.203125
0 0.545312 0.050781 0.585938 0.082031 0.526563 0.195312 0.484375 0.160156
0 0.596875 0.078125 0.645312 0.103516 0.598437 0.216797 0.550000 0.189453
0 0.607812 0.060547 0.670312 0.000000 0.709375 0.000000 0.650000 0.091797
0 0.550000 0.027344 0.606250 0.000000 0.643750 0.000000 0.584375 0.066406
