0 0.626563 0.152344 0.710938 0.105469 0.725000 0.142578 0.640625 0.195312
0 0.623437 0.222656 0.709375 0.179688 0.728125 0.218750 0.631250 0.261719
0 0.640625 0.314453 0.710938 0.255859 0.735938 0.296875 0.657813 0.359375
0 0.640625 0.392578 0.709375 0.351562 0.726562 0.386719 0.660937 0.435547
0 0.135937 0.337891 0.176563 0.335938 0.176563 0.437500 0.132812 0.437500
0 0.150000 0.015625 0.181250 0.011719 0.182812 0.119141 0.143750 0.121094
0 0.128125 0.496094 0.170313 0.494141 0.167187 0.623047 0.123438 0.626953
0 0.121875 0.750000 0.162500 0.744141 0.162500 0.863281 0.120313 0.871094
0 0.117188 0.900391 0.153125 0.900391 0.148438 1.000000 0.110937 1.000000
1 0.123438 0.126953 0.182812 0.130859 0.176563 0.306641 0.120313 0.300781
0 0.870313 0.158203 0.906250 0.156250 0.912500 0.281250 0.871875 0.279297
0 0.809375 0.154297 0.845313 0.152344 0.851562 0.277344 0.810937 0.275391
0 0.931250 0.115234 1.000000 0.048828 1.000000 0.087891 0.953125 0.148438
0 0.615625 0.070312 0.715625 0.052734 0.723437 0.097656 0.620313 0.113281
0 0.568750 0.652344 0.614062 0.650391 0.614062 0.781250 0.570312 0.787109
0 0.571875 0.814453 0.614062 0.808594 0.614062 0.917969 0.576562 0.927734
0 0.559375 0.494141 0.593750 0.494141 0.603125 0.619141 0.562500 0.619141
0 0.559375 0.341797 0.600000 0.341797 0.601562 0.460938 0.562500 0.464844
0 0.612500 0.476562 0.700000 0.433594 0.718750 0.476562 0.625000 0.517578
0 0.839063 0.457031 0.923438 0.462891 0.923438 0.505859 0.831250 0.503906
0 0.828125 0.388672 0.931250 0.388672 0.932813 0.435547 0.828125 0.439453
0 0.839063 0.291016 0.928125 0.318359 0.926562 0.369141 0.826562 0.337891
