0 0.640625 0.646484 0.740625 0.634766 0.745313 0.691406 0.642188 0.703125
0 0.612500 0.021484 0.696875 0.013672 0.703125 0.064453 0.614062 0.074219
0 0.434375 0.052734 0.525000 0.054688 0.521875 0.113281 0.431250 0.113281
0 0.637500 0.181641 0.731250 0.169922 0.731250 0.216797 0.637500 0.226562
0 0.425000 0.195312 0.514062 0.175781 0.525000 0.224609 0.431250 0.244141
0 0.437500 0.349609 0.531250 0.371094 0.518750 0.419922 0.432812 0.398438
0 0.635938 0.433594 0.729688 0.427734 0.732812 0.478516 0.637500 0.486328
0 0.640625 0.496094 0.729688 0.490234 0.731250 0.537109 0.640625 0.542969
0 0.637500 0.554688 0.732812 0.550781 0.737500 0.603516 0.642188 0.611328
4 0.371875 0.402344 0.417187 0.398438 0.420312 0.535156 0.373437 0.535156
0 0.279687 0.419922 0.329688 0.423828 0.332813 0.552734 0.284375 0.552734
0 0.281250 0.732422 0.325000 0.730469 0.329688 0.851562 0.287500 0.851562
0 0.343750 0.740234 0.385937 0.742188 0.382812 0.859375 0.342187 0.855469
0 0.396875 0.742188 0.437500 0.740234 0.439063 0.845703 0.401562 0.847656
0 0.451562 0.814453 0.523438 0.814453 0.525000 0.859375 0.450000 0.863281
0 0.453125 0.882812 0.543750 0.880859 0.546875 0.929688 0.454688 0.935547
0 0.454688 0.960938 0.543750 0.960938 0.546875 1.000000 0.454688 1.000000
