0 0.625000 0.921875 0.718750 0.904297 0.723437 0.957031 0.628125 0.970703
0 0.617188 0.861328 0.707812 0.839844 0.718750 0.894531 0.625000 0.912109
0 0.604688 0.802734 0.696875 0.779297 0.710938 0.833984 0.614062 0.849609
0 0.598437 0.742188 0.695312 0.732422 0.701562 0.779297 0.601562 0.791016
0 0.581250 0.695312 0.671875 0.675781 0.682813 0.724609 0.585938 0.742188
0 0.573438 0.634766 0.668750 0.621094 0.673438 0.666016 0.576562 0.679688
0 0.570312 0.582031 0.660937 0.562500 0.670312 0.611328 0.575000 0.630859
0 0.562500 0.527344 0.656250 0.507812 0.664062 0.556641 0.570312 0.572266
0 0.551562 0.462891 0.643750 0.457031 0.653125 0.501953 0.560937 0.511719
0 0.546875 0.414062 0.640625 0.400391 0.648438 0.445312 0.557813 0.458984
0 0.539062 0.361328 0.632812 0.345703 0.643750 0.392578 0.548438 0.404297
0 0.537500 0.308594 0.628125 0.298828 0.632812 0.339844 0.543750 0.347656
0 0.528125 0.259766 0.620313 0.244141 0.629687 0.283203 0.537500 0.296875
0 0.518750 0.208984 0.615625 0.191406 0.620313 0.234375 0.528125 0.250000
0 0.515625 0.156250 0.607812 0.146484 0.618750 0.189453 0.521875 0.199219
0 0.507812 0.111328 0.601562 0.093750 0.612500 0.138672 0.515625 0.154297
0 0.506250 0.054688 0.595313 0.039062 0.601562 0.083984 0.512500 0.103516
1 0.354687 0.781250 0.445312 0.761719 0.450000 0.816406 0.356250 0.835938
0 0.359375 0.966797 0.454688 0.951172 0.459375 1.000000 0.360938 1.000000
0 0.354687 0.900391 0.445312 0.884766 0.453125 0.937500 0.357812 0.953125
0 0.346875 0.845703 0.439063 0.826172 0.448437 0.873047 0.356250 0.892578
0 0.464062 0.835938 0.501563 0.828125 0.512500 0.962891 0.471875 0.966797
0 0.454688 0.705078 0.489063 0.693359 0.503125 0.796875 0.468750 0.800781
0 0.329688 0.712891 0.432812 0.703125 0.432812 0.751953 0.331250 0.757812
0 0.331250 0.664062 0.425000 0.650391 0.429688 0.695312 0.331250 0.707031
