1 0.607812 0.833984 0.770312 0.966797 0.742188 1.000000 0.576562 0.878906
1 0.660937 0.812500 0.867188 0.964844 0.845313 1.000000 0.642188 0.853516
1 0.653125 0.806641 0.684375 0.773438 0.890625 0.904297 0.867188 0.968750
1 0.701562 0.720703 0.914062 0.855469 0.901563 0.910156 0.685937 0.761719
1 0.753125 0.671875 0.960938 0.798828 0.948438 0.861328 0.729688 0.712891
1 0.821875 0.687500 0.840625 0.664062 1.000000 0.769531 0.984375 0.802734
1 0.810937 0.589844 1.000000 0.716797 0.984375 0.759766 0.792188 0.626953
1 0.201563 0.000000 0.309375 0.062500 0.295312 0.085938 0.189062 0.019531
1 0.106250 0.064453 0.131250 0.039062 0.267188 0.142578 0.245312 0.164062
1 0.748437 0.000000 0.884375 0.054688 0.862500 0.099609 0.725000 0.042969
1 0.637500 0.052734 0.768750 0.113281 0.753125 0.171875 0.612500 0.105469
1 0.604688 0.123047 0.735938 0.201172 0.712500 0.230469 0.584375 0.152344
1 0.589063 0.158203 0.720313 0.240234 0.695312 0.285156 0.567187 0.191406
1 0.540625 0.181641 0.685937 0.267578 0.662500 0.308594 0.526563 0.218750
1 0.473438 0.189453 0.631250 0.283203 0.606250 0.328125 0.443750 0.230469
1 0.351562 0.300781 0.389062 0.265625 0.573438 0.388672 0.539062 0.433594
1 0.326562 0.345703 0.353125 0.312500 0.534375 0.416016 0.510938 0.457031
1 0.304688 0.371094 0.323437 0.347656 0.456250 0.431641 0.437500 0.460938
1 0.425000 0.015625 0.439063 0.000000 0.582812 0.050781 0.565625 0.082031
1 0.417187 0.042969 0.432812 0.023438 0.548438 0.076172 0.532813 0.097656
1 0.393750 0.056641 0.409375 0.041016 0.525000 0.097656 0.514062 0.115234
1 0.376563 0.072266 0.389062 0.056641 0.506250 0.109375 0.492188 0.130859
1 0.356250 0.097656 0.371875 0.080078 0.489063 0.140625 0.470313 0.158203
1 0.279687 0.152344 0.301563 0.138672 0.421875 0.199219 0.404687 0.216797
1 0.257812 0.175781 0.276562 0.156250 0.393750 0.218750 0.378125 0.238281
1 0.107813 0.246094 0.253125 0.337891 0.234375 0.373047 0.093750 0.283203
1 0.078125 0.326172 0.206250 0.410156 0.185938 0.429688 0.062500 0.353516
1 0.271875 0.396484 0.295312 0.371094 0.459375 0.472656 0.440625 0.515625
1 0.229687 0.468750 0.260937 0.433594 0.437500 0.546875 0.410938 0.583984
1 0.193750 0.480469 0.337500 0.568359 0.317188 0.619141 0.162500 0.523438
1 0.020313 0.386719 0.184375 0.482422 0.154688 0.503906 0.003125 0.410156
1 0.000000 0.412109 0.123438 0.496094 0.101562 0.523438 0.000000 0.443359
1 0.118750 0.548828 0.146875 0.515625 0.323437 0.630859 0.298438 0.675781
1 0.015625 0.537109 0.056250 0.496094 0.232813 0.628906 0.206250 0.671875
0 0.837500 0.574219 0.881250 0.605469 0.870313 0.628906 0.826562 0.599609
0 0.935937 0.566406 0.951562 0.550781 0.995313 0.580078 0.990625 0.595703
0 0.948438 0.486328 0.970313 0.466797 1.000000 0.496094 1.000000 0.521484
0 0.376563 0.929688 0.395313 0.943359 0.360938 0.998047 0.339062 0.984375
0 0.250000 0.904297 0.298438 0.861328 0.317188 0.876953 0.270313 0.919922
0 0.012500 0.753906 0.056250 0.703125 0.075000 0.716797 0.029687 0.769531
0 0.092188 0.822266 0.135937 0.769531 0.156250 0.789062 0.110937 0.835938
0 0.167187 0.794922 0.182812 0.812500 0.139063 0.871094 0.125000 0.857422
0 0.198437 0.812500 0.220312 0.835938 0.171875 0.884766 0.153125 0.871094
2 0.217188 0.003906 0.228125 0.000000 0.326562 0.042969 0.314063 0.066406
2 0.021875 0.376953 0.040625 0.355469 0.209375 0.460938 0.184375 0.482422
2 0.345313 0.097656 0.462500 0.164062 0.450000 0.185547 0.331250 0.117188
2 0.173437 0.246094 0.192188 0.222656 0.304688 0.292969 0.292187 0.314453
2 0.193750 0.214844 0.217188 0.201172 0.328125 0.277344 0.312500 0.289062
2 0.225000 0.193359 0.243750 0.177734 0.353125 0.240234 0.334375 0.267578
2 0.098437 0.335938 0.125000 0.310547 0.259375 0.396484 0.242188 0.435547
2 0.145313 0.267578 0.164062 0.250000 0.281250 0.324219 0.267188 0.341797
2 0.432812 0.273438 0.459375 0.242188 0.614062 0.326172 0.589063 0.361328
2 0.070312 0.099609 0.095312 0.076172 0.232813 0.164062 0.214062 0.185547
2 0.329688 0.119141 0.446875 0.187500 0.429688 0.207031 0.317188 0.142578
