0 0.773438 0.039062 0.856250 0.000000 0.892188 0.011719 0.809375 0.087891
0 0.787500 0.458984 0.879687 0.367188 0.907813 0.412109 0.820312 0.501953
0 0.792188 0.564453 0.876563 0.468750 0.918750 0.509766 0.826562 0.599609
0 0.217188 0.076172 0.270313 0.074219 0.273438 0.199219 0.218750 0.199219
0 0.137500 0.207031 0.256250 0.205078 0.256250 0.279297 0.137500 0.287109
0 0.220312 0.273438 0.270313 0.273438 0.270313 0.427734 0.215625 0.425781
0 0.532813 0.000000 0.579688 0.000000 0.579688 0.109375 0.535937 0.105469
0 0.531250 0.152344 0.581250 0.156250 0.582812 0.277344 0.531250 0.271484
0 0.534375 0.306641 0.579688 0.314453 0.571875 0.443359 0.523438 0.443359
4 0.539062 0.449219 0.581250 0.451172 0.585938 0.593750 0.543750 0.593750
0 0.543750 0.660156 0.592187 0.658203 0.595313 0.814453 0.545312 0.812500
0 0.881250 0.794922 0.926562 0.832031 0.853125 0.960938 0.804688 0.908203
0 0.804688 1.000000 0.881250 0.923828 0.925000 0.958984 0.848437 1.000000
0 0.537500 0.873047 0.593750 0.869141 0.604688 1.000000 0.545312 1.000000
0 0.215625 0.470703 0.264062 0.474609 0.260937 0.613281 0.209375 0.611328
0 0.206250 0.648438 0.256250 0.650391 0.254688 0.800781 0.200000 0.798828
0 0.201563 0.820312 0.259375 0.824219 0.253125 0.992188 0.195312 0.994141
