0 0.857812 0.916016 0.968750 0.914062 0.965625 0.964844 0.857812 0.968750
0 0.718750 0.912109 0.829688 0.910156 0.826562 0.960938 0.718750 0.964844
0 0.590625 0.914062 0.701562 0.912109 0.698438 0.962891 0.590625 0.966797
0 0.475000 0.912109 0.579688 0.912109 0.576562 0.962891 0.473438 0.968750
0 0.334375 0.914062 0.445312 0.912109 0.442188 0.962891 0.334375 0.966797
0 0.195312 0.917969 0.306250 0.916016 0.303125 0.966797 0.195312 0.970703
0 0.068750 0.925781 0.179688 0.923828 0.176563 0.974609 0.068750 0.978516
0 0.048438 0.363281 0.142187 0.361328 0.145313 0.412109 0.048438 0.416016
0 0.165625 0.359375 0.268750 0.353516 0.267188 0.408203 0.165625 0.412109
0 0.279687 0.373047 0.382812 0.367188 0.381250 0.421875 0.279687 0.425781
0 0.387500 0.365234 0.496875 0.359375 0.492188 0.417969 0.387500 0.417969
0 0.510938 0.353516 0.623437 0.349609 0.621875 0.402344 0.510938 0.406250
0 0.631250 0.355469 0.731250 0.355469 0.732812 0.398438 0.631250 0.408203
0 0.760938 0.355469 0.854688 0.361328 0.857812 0.406250 0.757812 0.408203
0 0.887500 0.353516 0.993750 0.349609 0.995313 0.396484 0.882812 0.408203
0 0.942187 0.146484 0.979688 0.169922 0.929688 0.277344 0.890625 0.251953
0 0.878125 0.152344 0.914062 0.173828 0.860938 0.283203 0.826562 0.257812
0 0.810937 0.152344 0.854688 0.171875 0.796875 0.285156 0.762500 0.259766
0 0.743750 0.144531 0.787500 0.164062 0.726562 0.291016 0.687500 0.265625
0 0.664062 0.164062 0.707812 0.183594 0.662500 0.298828 0.612500 0.267578
0 0.609375 0.158203 0.646875 0.179688 0.592187 0.292969 0.548438 0.265625
0 0.540625 0.164062 0.578125 0.185547 0.517188 0.287109 0.478125 0.259766
0 0.471875 0.164062 0.503125 0.185547 0.450000 0.287109 0.412500 0.261719
0 0.395313 0.183594 0.426563 0.205078 0.376563 0.292969 0.345313 0.267578
0 0.342187 0.154297 0.384375 0.183594 0.321875 0.291016 0.279687 0.265625
0 0.137500 0.181641 0.168750 0.208984 0.107813 0.308594 0.071875 0.279297
0 0.089063 0.166016 0.115625 0.195312 0.053125 0.285156 0.023438 0.263672
