0 0.882812 0.943359 0.917188 0.917969 0.967187 0.988281 0.934375 1.000000
0 0.820312 0.855469 0.853125 0.832031 0.901563 0.900391 0.873437 0.929688
0 0.765625 0.775391 0.795312 0.759766 0.839063 0.818359 0.817187 0.849609
0 0.714063 0.708984 0.746875 0.689453 0.782813 0.757812 0.753125 0.777344
0 0.614062 0.582031 0.645312 0.560547 0.675000 0.615234 0.648438 0.634766
0 0.659375 0.642578 0.690625 0.625000 0.731250 0.681641 0.701562 0.707031
0 0.515625 0.673828 0.543750 0.652344 0.587500 0.726562 0.560937 0.751953
0 0.376563 0.486328 0.407813 0.460938 0.443750 0.521484 0.414062 0.544922
0 0.514062 0.451172 0.550000 0.431641 0.570312 0.488281 0.540625 0.505859
0 0.495312 0.302734 0.542188 0.263672 0.564063 0.285156 0.518750 0.332031
2 0.331250 0.210938 0.359375 0.187500 0.393750 0.244141 0.365625 0.265625
0 0.192188 0.220703 0.220312 0.203125 0.245312 0.255859 0.218750 0.273438
4 0.300000 0.152344 0.329688 0.136719 0.350000 0.189453 0.325000 0.208984
0 0.259375 0.117188 0.293750 0.103516 0.310937 0.142578 0.282813 0.158203
0 0.226562 0.074219 0.254688 0.050781 0.284375 0.097656 0.256250 0.115234
0 0.196875 0.039062 0.225000 0.021484 0.245312 0.060547 0.218750 0.076172
0 0.159375 0.000000 0.189062 0.000000 0.214062 0.015625 0.187500 0.035156
