4 0.167187 0.144531 0.189062 0.158203 0.160938 0.226562 0.135937 0.210938
4 0.126562 0.216797 0.148438 0.230469 0.120313 0.298828 0.095312 0.283203
2 0.229687 0.656250 0.315625 0.699219 0.295312 0.742188 0.210938 0.705078
2 0.240625 0.617188 0.318750 0.656250 0.310937 0.691406 0.228125 0.654297
2 0.137500 0.601562 0.221875 0.640625 0.209375 0.687500 0.121875 0.644531
4 0.184375 0.419922 0.217188 0.433594 0.185938 0.527344 0.154688 0.507812
0 0.409375 0.648438 0.479687 0.675781 0.468750 0.710938 0.401562 0.679688
2 0.396875 0.683594 0.485938 0.724609 0.470313 0.779297 0.381250 0.736328
2 0.376563 0.730469 0.465625 0.771484 0.446875 0.826172 0.360938 0.783203
2 0.346875 0.658203 0.373437 0.679688 0.329688 0.783203 0.301563 0.765625
2 0.317188 0.894531 0.395313 0.951172 0.376563 0.984375 0.303125 0.931641
2 0.517188 0.720703 0.546875 0.734375 0.509375 0.841797 0.478125 0.828125
2 0.559375 0.744141 0.589063 0.757812 0.557813 0.857422 0.526563 0.843750
2 0.596875 0.767578 0.626563 0.781250 0.595313 0.880859 0.564063 0.867188
2 0.634375 0.785156 0.664062 0.798828 0.632812 0.898438 0.601562 0.884766
2 0.714063 0.826172 0.743750 0.839844 0.712500 0.939453 0.681250 0.925781
4 0.751563 0.832031 0.782813 0.847656 0.757812 0.949219 0.721875 0.929688
4 0.221875 0.445312 0.254688 0.458984 0.223438 0.552734 0.192188 0.533203
4 0.253125 0.458984 0.285938 0.472656 0.254688 0.566406 0.223438 0.546875
4 0.289062 0.476562 0.321875 0.490234 0.290625 0.583984 0.259375 0.564453
4 0.321875 0.490234 0.354687 0.503906 0.323437 0.597656 0.292187 0.578125
4 0.429688 0.531250 0.462500 0.544922 0.432812 0.646484 0.395313 0.626953
4 0.473438 0.550781 0.506250 0.564453 0.476562 0.666016 0.439063 0.646484
