0 0.823438 0.179688 0.865625 0.144531 0.887500 0.171875 0.843750 0.203125
0 0.850000 0.251953 0.915625 0.251953 0.918750 0.289062 0.850000 0.289062
0 0.889062 0.576172 0.959375 0.578125 0.959375 0.613281 0.893750 0.615234
0 0.910937 0.617188 0.990625 0.621094 0.992188 0.650391 0.909375 0.650391
0 0.906250 0.658203 0.981250 0.658203 0.984375 0.693359 0.906250 0.689453
0 0.889062 0.710938 0.967187 0.710938 0.970313 0.744141 0.887500 0.750000
0 0.915625 0.750000 0.995313 0.750000 0.996875 0.783203 0.915625 0.783203
0 0.918750 0.800781 1.000000 0.802734 1.000000 0.830078 0.925000 0.833984
0 0.925000 0.832031 1.000000 0.828125 1.000000 0.875000 0.926562 0.875000
0 0.937500 0.894531 1.000000 0.890625 1.000000 0.919922 0.939063 0.927734
0 0.935937 0.929688 1.000000 0.925781 1.000000 0.980469 0.937500 0.984375
0 0.087500 0.896484 0.123438 0.896484 0.112500 1.000000 0.076563 0.992188
0 0.001563 0.082031 0.035937 0.044922 0.062500 0.062500 0.026562 0.103516
0 0.065625 0.064453 0.092188 0.078125 0.068750 0.125000 0.035937 0.107422
0 0.098437 0.087891 0.125000 0.099609 0.095312 0.148438 0.068750 0.132812
0 0.456250 0.330078 0.485938 0.332031 0.485938 0.416016 0.453125 0.416016
