3 0.596875 0.000000 0.632812 0.000000 0.706250 0.058594 0.670312 0.078125
3 0.557813 0.003906 0.593750 0.000000 0.667188 0.082031 0.631250 0.101562
3 0.518750 0.023438 0.554688 0.003906 0.628125 0.101562 0.592187 0.121094
3 0.476562 0.037109 0.512500 0.017578 0.585938 0.115234 0.550000 0.134766
3 0.439063 0.056641 0.475000 0.037109 0.548438 0.134766 0.512500 0.154297
3 0.401562 0.074219 0.437500 0.054688 0.510938 0.152344 0.475000 0.171875
3 0.362500 0.097656 0.398438 0.078125 0.471875 0.175781 0.435937 0.195312
3 0.318750 0.113281 0.354687 0.093750 0.428125 0.191406 0.392188 0.214844
3 0.270313 0.130859 0.312500 0.109375 0.385937 0.207031 0.343750 0.232422
3 0.229687 0.152344 0.271875 0.130859 0.345313 0.228516 0.303125 0.253906
3 0.182812 0.173828 0.225000 0.152344 0.290625 0.246094 0.250000 0.271484
3 0.090625 0.199219 0.132812 0.177734 0.201563 0.292969 0.162500 0.316406
3 0.853125 0.000000 0.882812 0.000000 0.985938 0.062500 0.956250 0.095703
3 0.814063 0.013672 0.843750 0.000000 0.946875 0.080078 0.917188 0.113281
3 0.776563 0.031250 0.806250 0.005859 0.909375 0.097656 0.879687 0.130859
3 0.739062 0.054688 0.768750 0.029297 0.871875 0.121094 0.842187 0.154297
3 0.695312 0.078125 0.729688 0.046875 0.826562 0.140625 0.798438 0.175781
3 0.656250 0.095703 0.690625 0.064453 0.787500 0.166016 0.750000 0.207031
3 0.621875 0.113281 0.657813 0.089844 0.737500 0.191406 0.698438 0.216797
3 0.576562 0.130859 0.612500 0.107422 0.690625 0.195312 0.653125 0.234375
3 0.525000 0.152344 0.571875 0.128906 0.662500 0.234375 0.623437 0.267578
3 0.457813 0.183594 0.495312 0.164062 0.584375 0.277344 0.543750 0.308594
3 0.425000 0.216797 0.462500 0.197266 0.540625 0.304688 0.500000 0.328125
3 0.378125 0.226562 0.415625 0.207031 0.498437 0.332031 0.457813 0.353516
3 0.334375 0.242188 0.371875 0.222656 0.454688 0.347656 0.417187 0.376953
3 0.298438 0.273438 0.335938 0.253906 0.414062 0.369141 0.375000 0.396484
3 0.245312 0.283203 0.287500 0.261719 0.367188 0.390625 0.323437 0.414062
3 0.196875 0.314453 0.239063 0.292969 0.312500 0.406250 0.273438 0.435547
3 0.142187 0.339844 0.184375 0.318359 0.267188 0.441406 0.223438 0.470703
3 0.000000 0.564453 0.104688 0.484375 0.126562 0.537109 0.000000 0.621094
3 0.000000 0.605469 0.131250 0.525391 0.153125 0.578125 0.006250 0.662109
3 0.015625 0.652344 0.162500 0.572266 0.184375 0.625000 0.037500 0.708984
3 0.045312 0.714844 0.193750 0.628906 0.215625 0.681641 0.068750 0.765625
3 0.050000 0.773438 0.220312 0.675781 0.242188 0.728516 0.079687 0.835938
3 0.093750 0.800781 0.239063 0.722656 0.260937 0.775391 0.109375 0.855469
3 0.117188 0.845703 0.262500 0.767578 0.290625 0.816406 0.132812 0.900391
3 0.140625 0.904297 0.290625 0.804688 0.318750 0.853516 0.162500 0.958984
3 0.167187 0.955078 0.317188 0.855469 0.346875 0.910156 0.189062 1.000000
3 0.878125 0.298828 0.918750 0.277344 1.000000 0.375000 0.978125 0.414062
3 0.831250 0.324219 0.871875 0.302734 0.970313 0.419922 0.929688 0.445312
3 0.787500 0.353516 0.828125 0.332031 0.926562 0.449219 0.885938 0.474609
3 0.739062 0.376953 0.784375 0.347656 0.878125 0.472656 0.837500 0.498047
3 0.685937 0.398438 0.731250 0.369141 0.825000 0.494141 0.784375 0.519531
3 0.639062 0.427734 0.684375 0.398438 0.778125 0.523438 0.737500 0.548828
3 0.587500 0.453125 0.632812 0.423828 0.726562 0.548828 0.690625 0.580078
3 0.518750 0.470703 0.564063 0.441406 0.670312 0.582031 0.623437 0.617188
3 0.482812 0.507812 0.528125 0.478516 0.623437 0.609375 0.576562 0.640625
3 0.431250 0.541016 0.476562 0.511719 0.571875 0.642578 0.521875 0.681641
3 0.381250 0.564453 0.426563 0.535156 0.521875 0.666016 0.471875 0.705078
3 0.314063 0.574219 0.367188 0.542969 0.467187 0.697266 0.414062 0.738281
