0 0.421875 0.552734 0.451562 0.525391 0.487500 0.574219 0.462500 0.597656
0 0.485938 0.617188 0.510938 0.597656 0.551562 0.648438 0.520312 0.666016
0 0.437500 0.707031 0.456250 0.687500 0.496875 0.748047 0.471875 0.761719
0 0.620313 0.796875 0.645312 0.767578 0.695312 0.820312 0.667188 0.843750
0 0.626563 0.830078 0.676562 0.894531 0.650000 0.917969 0.609375 0.853516
0 0.428125 0.781250 0.457813 0.759766 0.498437 0.816406 0.468750 0.837891
0 0.253125 0.527344 0.279687 0.501953 0.317188 0.546875 0.287500 0.576172
0 0.385937 0.441406 0.450000 0.435547 0.453125 0.462891 0.390625 0.482422
0 0.131250 0.375000 0.150000 0.351562 0.185938 0.408203 0.157812 0.421875
0 0.146875 0.201172 0.167187 0.181641 0.198437 0.228516 0.176563 0.244141
0 0.212500 0.289062 0.235937 0.269531 0.270313 0.312500 0.253125 0.332031
