0 0.037500 0.117188 0.131250 0.091797 0.140625 0.154297 0.043750 0.173828
0 0.142187 0.150391 0.246875 0.132812 0.253125 0.187500 0.148438 0.205078
0 0.200000 0.076172 0.290625 0.060547 0.296875 0.117188 0.206250 0.132812
0 0.421875 0.021484 0.498437 0.082031 0.473438 0.138672 0.385937 0.076172
0 0.487500 0.035156 0.590625 0.005859 0.596875 0.062500 0.495312 0.093750
0 0.404687 0.763672 0.492188 0.785156 0.481250 0.855469 0.385937 0.818359
0 0.506250 0.724609 0.596875 0.779297 0.579688 0.832031 0.485938 0.779297
0 0.600000 0.691406 0.696875 0.753906 0.671875 0.810547 0.573438 0.744141
0 0.707812 0.681641 0.782813 0.755859 0.757812 0.806641 0.676562 0.734375
0 0.804688 0.660156 0.906250 0.750000 0.871875 0.792969 0.779687 0.714844
0 0.885938 0.634766 0.992188 0.689453 0.971875 0.757812 0.859375 0.701172
0 0.831250 0.195312 0.945312 0.169922 0.953125 0.232422 0.842187 0.259766
