0 0.848437 0.035156 0.887500 0.029297 0.900000 0.113281 0.856250 0.119141
0 0.450000 0.035156 0.532813 0.023438 0.532813 0.062500 0.454688 0.074219
0 0.453125 0.103516 0.535937 0.091797 0.535937 0.130859 0.457813 0.142578
0 0.453125 0.138672 0.535937 0.126953 0.535937 0.166016 0.457813 0.177734
0 0.456250 0.205078 0.523438 0.195312 0.525000 0.234375 0.460938 0.244141
0 0.450000 0.277344 0.528125 0.265625 0.529687 0.306641 0.454688 0.316406
0 0.446875 0.318359 0.534375 0.306641 0.539062 0.359375 0.446875 0.367188
0 0.459375 0.439453 0.540625 0.433594 0.546875 0.488281 0.456250 0.500000
0 0.443750 0.523438 0.534375 0.519531 0.539062 0.574219 0.443750 0.582031
0 0.437500 0.773438 0.535937 0.765625 0.540625 0.818359 0.437500 0.820312
0 0.445312 0.826172 0.535937 0.822266 0.542188 0.869141 0.443750 0.875000
0 0.440625 0.882812 0.532813 0.880859 0.532813 0.943359 0.439063 0.947266
0 0.328125 0.091797 0.360938 0.066406 0.400000 0.134766 0.367188 0.156250
0 0.337500 0.283203 0.375000 0.281250 0.375000 0.357422 0.337500 0.359375
0 0.340625 0.388672 0.378125 0.386719 0.378125 0.462891 0.340625 0.464844
0 0.323437 0.478516 0.357812 0.476562 0.364063 0.570312 0.318750 0.570312
0 0.309375 0.750000 0.343750 0.753906 0.342187 0.857422 0.300000 0.857422
0 0.317188 0.615234 0.359375 0.617188 0.357812 0.716797 0.314063 0.722656
