3 0.820312 0.009766 0.860938 0.000000 0.928125 0.128906 0.882812 0.156250
3 0.737500 0.000000 0.789062 0.000000 0.881250 0.193359 0.826562 0.218750
3 0.631250 0.031250 0.687500 0.005859 0.767188 0.226562 0.710938 0.253906
3 0.564063 0.056641 0.621875 0.037109 0.696875 0.251953 0.640625 0.283203
3 0.489063 0.082031 0.542188 0.062500 0.623437 0.285156 0.564063 0.306641
3 0.425000 0.113281 0.470313 0.091797 0.554688 0.312500 0.493750 0.339844
3 0.351562 0.140625 0.396875 0.119141 0.467187 0.345703 0.420312 0.367188
3 0.295312 0.154297 0.340625 0.132812 0.410938 0.359375 0.364063 0.380859
0 0.064062 0.000000 0.142187 0.000000 0.154688 0.000000 0.071875 0.031250
0 0.075000 0.035156 0.153125 0.001953 0.165625 0.046875 0.082812 0.082031
0 0.068750 0.082031 0.146875 0.048828 0.159375 0.093750 0.076563 0.128906
0 0.003125 0.818359 0.046875 0.806641 0.067187 0.917969 0.020313 0.931641
0 0.000000 0.683594 0.018750 0.669922 0.034375 0.769531 0.000000 0.785156
0 0.050000 0.748047 0.090625 0.734375 0.104688 0.849609 0.065625 0.865234
0 0.028125 0.617188 0.068750 0.603516 0.084375 0.703125 0.040625 0.718750
0 0.015625 0.486328 0.050000 0.568359 0.010937 0.595703 0.000000 0.509766
0 0.034375 0.488281 0.123438 0.431641 0.139063 0.476562 0.053125 0.529297
0 0.073438 0.535156 0.156250 0.474609 0.175000 0.511719 0.098437 0.572266
0 0.085938 0.585938 0.178125 0.533203 0.190625 0.585938 0.103125 0.628906
0 0.109375 0.648438 0.195312 0.593750 0.212500 0.642578 0.120313 0.689453
0 0.114062 0.716797 0.207813 0.646484 0.228125 0.691406 0.132812 0.759766
0 0.125000 0.775391 0.223438 0.720703 0.243750 0.769531 0.143750 0.818359
0 0.132812 0.847656 0.223438 0.787109 0.245312 0.830078 0.148438 0.894531
0 0.151562 0.904297 0.242188 0.857422 0.256250 0.902344 0.170313 0.947266
0 0.165625 0.972656 0.264062 0.917969 0.284375 0.966797 0.184375 1.000000
4 0.468750 0.835938 0.501563 0.818359 0.539062 0.927734 0.504687 0.947266
0 0.540625 0.812500 0.575000 0.792969 0.607812 0.892578 0.570312 0.912109
