0 0.043750 0.082031 0.084375 0.085938 0.078125 0.185547 0.035937 0.179688
0 0.098437 0.109375 0.132812 0.117188 0.117188 0.207031 0.085938 0.199219
0 0.151562 0.111328 0.185938 0.113281 0.181250 0.185547 0.146875 0.187500
0 0.201563 0.109375 0.239063 0.109375 0.231250 0.195312 0.192188 0.195312
0 0.253125 0.101562 0.292187 0.107422 0.275000 0.195312 0.239063 0.187500
0 0.306250 0.119141 0.335938 0.123047 0.326562 0.203125 0.298438 0.197266
0 0.351562 0.099609 0.385937 0.099609 0.381250 0.208984 0.346875 0.210938
2 0.489063 0.072266 0.540625 0.076172 0.534375 0.199219 0.487500 0.195312
0 0.562500 0.126953 0.595313 0.126953 0.595313 0.218750 0.562500 0.212891
0 0.629687 0.111328 0.664062 0.109375 0.662500 0.218750 0.628125 0.218750
0 0.687500 0.103516 0.723437 0.099609 0.728125 0.195312 0.695312 0.203125
0 0.739062 0.103516 0.775000 0.101562 0.778125 0.199219 0.743750 0.205078
0 0.795312 0.117188 0.829688 0.113281 0.831250 0.205078 0.796875 0.203125
0 0.840625 0.103516 0.878125 0.103516 0.878125 0.187500 0.843750 0.187500
0 0.932813 0.115234 0.973437 0.117188 0.973437 0.205078 0.934375 0.201172
0 0.009375 0.867188 0.054688 0.871094 0.037500 0.990234 0.000000 0.986328
0 0.126562 0.863281 0.168750 0.861328 0.162500 0.974609 0.120313 0.976562
0 0.235937 0.859375 0.273438 0.861328 0.265625 0.978516 0.226562 0.980469
0 0.312500 0.863281 0.345313 0.869141 0.325000 0.976562 0.292187 0.970703
0 0.432812 0.878906 0.475000 0.884766 0.470313 1.000000 0.426563 1.000000
0 0.625000 0.861328 0.657813 0.861328 0.660937 0.970703 0.628125 0.968750
0 0.087500 0.685547 0.173437 0.710938 0.157812 0.755859 0.075000 0.724609
0 0.362500 0.695312 0.439063 0.718750 0.431250 0.755859 0.356250 0.728516
0 0.779687 0.726562 0.871875 0.724609 0.873437 0.765625 0.778125 0.769531
