1 0.820312 0.433594 0.943750 0.464844 0.943750 0.533203 0.812500 0.511719
1 0.690625 0.419922 0.814063 0.445312 0.804688 0.517578 0.682813 0.488281
1 0.554688 0.404297 0.678125 0.419922 0.678125 0.490234 0.548438 0.476562
1 0.401562 0.378906 0.532813 0.400391 0.526563 0.468750 0.395313 0.445312
0 0.946875 0.654297 1.000000 0.654297 1.000000 0.839844 0.946875 0.828125
0 0.873437 0.640625 0.931250 0.640625 0.931250 0.824219 0.868750 0.812500
0 0.800000 0.630859 0.859375 0.632812 0.851562 0.798828 0.793750 0.791016
0 0.721875 0.617188 0.781250 0.617188 0.779687 0.796875 0.720313 0.796875
0 0.648438 0.603516 0.704688 0.607422 0.706250 0.779297 0.642188 0.779297
0 0.515625 0.587891 0.568750 0.599609 0.548438 0.748047 0.493750 0.742188
0 0.439063 0.560547 0.493750 0.572266 0.482812 0.744141 0.423438 0.734375
0 0.368750 0.552734 0.423438 0.564453 0.398438 0.734375 0.345313 0.728516
0 0.293750 0.541016 0.346875 0.552734 0.326562 0.712891 0.271875 0.714844
0 0.226562 0.537109 0.275000 0.542969 0.259375 0.710938 0.203125 0.707031
0 0.159375 0.519531 0.212500 0.531250 0.185938 0.701172 0.125000 0.693359
0 0.084375 0.537109 0.137500 0.552734 0.109375 0.699219 0.050000 0.689453
0 0.009375 0.527344 0.062500 0.541016 0.029687 0.677734 0.000000 0.662109
