4 0.046875 0.287109 0.120313 0.263672 0.126562 0.300781 0.051562 0.318359
4 0.065625 0.341797 0.135937 0.322266 0.146875 0.367188 0.070312 0.380859
0 0.459375 0.279297 0.520312 0.277344 0.523438 0.316406 0.459375 0.318359
0 0.448437 0.246094 0.515625 0.234375 0.523438 0.273438 0.453125 0.285156
0 0.440625 0.207031 0.504687 0.193359 0.512500 0.242188 0.443750 0.248047
0 0.785937 0.423828 0.856250 0.419922 0.859375 0.458984 0.789062 0.462891
0 0.743750 0.437500 0.782813 0.435547 0.796875 0.496094 0.757812 0.498047
0 0.959375 0.677734 1.000000 0.664062 1.000000 0.746094 1.000000 0.765625
0 0.937500 0.712891 0.965625 0.697266 1.000000 0.791016 0.970313 0.814453
0 0.953125 0.888672 1.000000 0.843750 1.000000 0.884766 0.967187 0.925781
0 0.873437 0.865234 0.917188 0.855469 0.932813 0.937500 0.890625 0.941406
0 0.800000 0.947266 0.845313 0.923828 0.873437 0.992188 0.828125 1.000000
0 0.768750 0.851562 0.809375 0.830078 0.840625 0.912109 0.789062 0.931641
0 0.743750 0.748047 0.790625 0.736328 0.801562 0.814453 0.759375 0.824219
0 0.614062 0.880859 0.650000 0.873047 0.670312 0.960938 0.629687 0.955078
0 0.581250 0.785156 0.621875 0.771484 0.645312 0.867188 0.596875 0.878906
0 0.495312 0.732422 0.520312 0.703125 0.575000 0.748047 0.553125 0.781250
0 0.543750 0.000000 0.620313 0.000000 0.623437 0.009766 0.546875 0.023438
0 0.570312 0.142578 0.637500 0.113281 0.648438 0.156250 0.581250 0.175781
0 0.414062 0.115234 0.482812 0.095703 0.485938 0.136719 0.421875 0.142578
0 0.412500 0.078125 0.481250 0.064453 0.492188 0.099609 0.418750 0.105469
0 0.407813 0.050781 0.471875 0.039062 0.473438 0.070312 0.412500 0.078125
0 0.256250 0.673828 0.328125 0.660156 0.337500 0.710938 0.268750 0.726562
0 0.185938 0.703125 0.254688 0.685547 0.259375 0.730469 0.190625 0.742188
0 0.070312 0.386719 0.135937 0.375000 0.140625 0.414062 0.078125 0.423828
0 0.068750 0.431641 0.132812 0.419922 0.135937 0.451172 0.073438 0.462891
0 0.062500 0.312500 0.120313 0.296875 0.123438 0.328125 0.065625 0.341797
0 0.050000 0.248047 0.114062 0.244141 0.123438 0.271484 0.054688 0.281250
0 0.053125 0.218750 0.123438 0.199219 0.134375 0.234375 0.062500 0.250000
0 0.048438 0.173828 0.123438 0.166016 0.129688 0.201172 0.054688 0.218750
0 0.035937 0.083984 0.101562 0.062500 0.109375 0.097656 0.042188 0.111328
