2 0.473438 0.380859 0.560937 0.382812 0.562500 0.441406 0.476562 0.443359
0 0.454688 0.021484 0.509375 0.017578 0.512500 0.041016 0.454688 0.048828
0 0.454688 0.000000 0.509375 0.000000 0.512500 0.017578 0.454688 0.025391
0 0.459375 0.050781 0.514062 0.046875 0.517188 0.070312 0.459375 0.078125
0 0.460938 0.076172 0.515625 0.072266 0.518750 0.095703 0.460938 0.103516
0 0.309375 0.121094 0.378125 0.123047 0.376563 0.158203 0.307812 0.156250
0 0.468750 0.144531 0.528125 0.144531 0.528125 0.173828 0.468750 0.175781
0 0.453125 0.199219 0.521875 0.199219 0.525000 0.234375 0.453125 0.232422
0 0.306250 0.478516 0.379688 0.480469 0.376563 0.523438 0.304688 0.517578
0 0.568750 0.388672 0.635938 0.384766 0.643750 0.425781 0.568750 0.427734
0 0.492188 0.572266 0.546875 0.572266 0.550000 0.599609 0.492188 0.597656
0 0.485938 0.609375 0.542188 0.609375 0.548438 0.642578 0.487500 0.642578
0 0.490625 0.654297 0.557813 0.652344 0.559375 0.685547 0.489063 0.685547
0 0.489063 0.685547 0.557813 0.691406 0.559375 0.728516 0.489063 0.724609
0 0.495312 0.730469 0.565625 0.732422 0.570312 0.771484 0.496875 0.767578
0 0.307812 0.808594 0.379688 0.814453 0.381250 0.855469 0.304688 0.853516
0 0.493750 0.839844 0.571875 0.833984 0.571875 0.878906 0.493750 0.880859
0 0.500000 0.875000 0.571875 0.876953 0.575000 0.921875 0.498437 0.919922
0 0.945312 0.232422 0.979688 0.226562 0.995313 0.289062 0.962500 0.296875
0 0.878125 0.160156 0.907813 0.154297 0.921875 0.214844 0.889062 0.218750
