0 1.000000 0.335938 1.000000 0.351562 0.996875 0.435547 0.971875 0.406250
0 1.000000 0.240234 1.000000 0.287109 1.000000 0.304688 0.984375 0.273438
0 0.993750 0.123047 1.000000 0.140625 1.000000 0.189453 0.989062 0.166016
0 0.976562 0.050781 1.000000 0.021484 1.000000 0.060547 0.987500 0.087891
0 0.962500 0.005859 0.996875 0.000000 1.000000 0.005859 0.979688 0.042969
1 0.810937 0.710938 0.948438 0.779297 0.932813 0.845703 0.792188 0.789062
0 0.817187 0.636719 0.935937 0.683594 0.914062 0.740234 0.798438 0.691406
0 0.779687 0.582031 0.923438 0.589844 0.914062 0.644531 0.787500 0.640625
0 0.781250 0.505859 0.912500 0.513672 0.909375 0.572266 0.785937 0.562500
0 0.775000 0.429688 0.914062 0.443359 0.901563 0.496094 0.775000 0.478516
0 0.770312 0.369141 0.884375 0.349609 0.887500 0.406250 0.773438 0.425781
0 0.781250 0.285156 0.893750 0.300781 0.887500 0.357422 0.771875 0.332031
0 0.765625 0.214844 0.900000 0.228516 0.895312 0.279297 0.762500 0.269531
0 0.765625 0.150391 0.901563 0.152344 0.896875 0.207031 0.760938 0.197266
0 0.767188 0.083984 0.885938 0.080078 0.889062 0.136719 0.764062 0.136719
0 0.775000 0.019531 0.868750 0.007812 0.871875 0.070312 0.784375 0.072266
0 0.646875 0.505859 0.695312 0.505859 0.682813 0.642578 0.643750 0.646484
0 0.639062 0.353516 0.682813 0.345703 0.687500 0.484375 0.646875 0.486328
0 0.632812 0.191406 0.675000 0.189453 0.679688 0.320312 0.642188 0.320312
0 0.576562 0.259766 0.617188 0.263672 0.615625 0.384766 0.571875 0.386719
0 0.570312 0.123047 0.617188 0.121094 0.615625 0.240234 0.576562 0.232422
0 0.639062 0.072266 0.679688 0.068359 0.687500 0.167969 0.640625 0.164062
0 0.640625 0.000000 0.671875 0.000000 0.673438 0.052734 0.639062 0.050781
0 0.575000 0.000000 0.618750 0.000000 0.617188 0.056641 0.573438 0.062500
0 0.650000 0.720703 0.692187 0.716797 0.689063 0.884766 0.653125 0.890625
0 0.823438 0.863281 0.945312 0.873047 0.942187 0.941406 0.826562 0.933594
0 0.681250 0.919922 0.785937 0.841797 0.812500 0.890625 0.707812 0.964844
0 0.573438 0.476562 0.621875 0.474609 0.615625 0.613281 0.576562 0.613281
0 0.400000 0.492188 0.445312 0.496094 0.446875 0.607422 0.393750 0.601562
0 0.198437 0.796875 0.246875 0.808594 0.248438 0.914062 0.193750 0.906250
0 0.207813 0.597656 0.256250 0.587891 0.264062 0.734375 0.214062 0.750000
0 0.225000 0.443359 0.268750 0.447266 0.267188 0.578125 0.215625 0.568359
0 0.289062 0.421875 0.340625 0.427734 0.321875 0.568359 0.276562 0.556641
0 0.239063 0.283203 0.284375 0.287109 0.276562 0.419922 0.226562 0.412109
0 0.301563 0.285156 0.345313 0.285156 0.335938 0.406250 0.287500 0.404297
0 0.318750 0.060547 0.362500 0.066406 0.359375 0.197266 0.320312 0.201172
0 0.000000 0.906250 0.081250 0.906250 0.067187 0.964844 0.000000 0.960938
0 0.000000 0.824219 0.081250 0.812500 0.075000 0.869141 0.000000 0.867188
0 0.003125 0.732422 0.095312 0.734375 0.095312 0.794922 0.000000 0.787109
0 0.009375 0.595703 0.117188 0.595703 0.115625 0.666016 0.000000 0.656250
0 0.014063 0.521484 0.117188 0.527344 0.115625 0.587891 0.010937 0.582031
0 0.021875 0.451172 0.128125 0.445312 0.132812 0.517578 0.015625 0.505859
0 0.028125 0.369141 0.145313 0.376953 0.135937 0.443359 0.021875 0.427734
0 0.034375 0.300781 0.151562 0.310547 0.143750 0.373047 0.031250 0.351562
0 0.042188 0.236328 0.162500 0.238281 0.153125 0.304688 0.039062 0.291016
0 0.048438 0.164062 0.154688 0.169922 0.150000 0.214844 0.043750 0.214844
0 0.048438 0.111328 0.162500 0.121094 0.156250 0.167969 0.050000 0.156250
0 0.064062 0.042969 0.181250 0.052734 0.173437 0.109375 0.051562 0.095703
2 0.253125 0.060547 0.300000 0.078125 0.293750 0.226562 0.243750 0.226562
4 0.268750 0.787109 0.326562 0.791016 0.321875 0.933594 0.262500 0.927734
