0 0.200000 0.281250 0.243750 0.244141 0.265625 0.267578 0.218750 0.302734
4 0.268750 0.207031 0.339062 0.207031 0.339062 0.238281 0.268750 0.238281
0 0.276562 0.011719 0.323437 0.011719 0.323437 0.039062 0.276562 0.039062
0 0.260937 0.041016 0.317188 0.041016 0.317188 0.070312 0.260937 0.070312
0 0.490625 0.019531 0.518750 0.019531 0.518750 0.080078 0.490625 0.080078
0 0.495312 0.250000 0.523438 0.250000 0.523438 0.320312 0.495312 0.320312
0 0.501563 0.478516 0.531250 0.478516 0.531250 0.550781 0.501563 0.550781
0 0.931250 0.451172 1.000000 0.451172 1.000000 0.486328 0.931250 0.486328
0 0.609375 0.892578 0.643750 0.892578 0.643750 0.974609 0.609375 0.974609
0 0.517188 0.806641 0.545312 0.806641 0.545312 0.892578 0.517188 0.892578
0 0.464062 0.730469 0.498437 0.730469 0.498437 0.818359 0.464062 0.818359
4 0.037500 0.806641 0.071875 0.806641 0.071875 0.908203 0.037500 0.908203
4 0.085938 0.824219 0.118750 0.824219 0.118750 0.923828 0.085938 0.923828
