0 0.317188 0.763672 0.346875 0.763672 0.343750 0.832031 0.317188 0.832031
0 0.275000 0.771484 0.304688 0.769531 0.307812 0.837891 0.278125 0.839844
0 0.135937 0.759766 0.167187 0.759766 0.160938 0.832031 0.131250 0.832031
0 0.098437 0.761719 0.129688 0.761719 0.121875 0.835938 0.090625 0.835938
0 0.060937 0.771484 0.082812 0.773438 0.078125 0.818359 0.057813 0.818359
0 0.018750 0.759766 0.048438 0.759766 0.037500 0.830078 0.010937 0.832031
0 0.239063 0.765625 0.265625 0.767578 0.259375 0.837891 0.234375 0.835938
2 0.951562 0.767578 0.978125 0.767578 0.985938 0.839844 0.956250 0.841797
2 0.865625 0.769531 0.896875 0.767578 0.907813 0.839844 0.875000 0.841797
0 0.904687 0.765625 0.935937 0.763672 0.942187 0.841797 0.912500 0.841797
0 0.825000 0.763672 0.856250 0.759766 0.859375 0.828125 0.829688 0.830078
0 0.762500 0.769531 0.795312 0.769531 0.800000 0.841797 0.768750 0.841797
0 0.717187 0.763672 0.746875 0.763672 0.751563 0.833984 0.720313 0.835938
0 0.679688 0.767578 0.707812 0.769531 0.709375 0.833984 0.678125 0.835938
0 0.635938 0.765625 0.667188 0.763672 0.670312 0.837891 0.639062 0.837891
0 0.595313 0.767578 0.626563 0.765625 0.626563 0.841797 0.596875 0.841797
0 0.548438 0.771484 0.578125 0.771484 0.579688 0.837891 0.546875 0.837891
0 0.506250 0.765625 0.535937 0.765625 0.537500 0.841797 0.507812 0.839844
0 0.440625 0.759766 0.468750 0.759766 0.468750 0.818359 0.442188 0.818359
0 0.396875 0.769531 0.429688 0.769531 0.429688 0.843750 0.398438 0.845703
0 0.359375 0.769531 0.387500 0.769531 0.382812 0.835938 0.353125 0.835938
0 0.203125 0.769531 0.228125 0.769531 0.223438 0.832031 0.198437 0.832031
