0 0.765625 0.128906 0.825000 0.117188 0.831250 0.144531 0.770312 0.158203
0 0.451562 0.029297 0.510938 0.017578 0.517188 0.044922 0.456250 0.058594
0 0.457813 0.056641 0.517188 0.044922 0.523438 0.072266 0.462500 0.085938
0 0.762500 0.076172 0.821875 0.064453 0.828125 0.091797 0.767188 0.105469
0 0.467187 0.083984 0.526563 0.072266 0.532813 0.099609 0.471875 0.113281
0 0.471875 0.103516 0.531250 0.091797 0.537500 0.119141 0.476562 0.132812
0 0.481250 0.136719 0.540625 0.125000 0.546875 0.152344 0.485938 0.166016
0 0.500000 0.162109 0.559375 0.150391 0.565625 0.177734 0.504687 0.191406
0 0.487500 0.318359 0.535937 0.304688 0.542188 0.335938 0.495312 0.353516
0 0.395313 0.328125 0.454688 0.316406 0.460938 0.343750 0.400000 0.357422
0 0.075000 0.359375 0.140625 0.349609 0.143750 0.384766 0.081250 0.392578
0 0.160938 0.337891 0.217188 0.337891 0.221875 0.371094 0.164062 0.375000
0 0.801562 0.515625 0.820312 0.511719 0.829688 0.568359 0.807813 0.578125
0 0.818750 0.574219 0.837500 0.570312 0.846875 0.626953 0.825000 0.636719
0 0.826562 0.642578 0.845313 0.638672 0.854688 0.695312 0.832812 0.705078
0 0.790625 0.738281 0.850000 0.728516 0.850000 0.759766 0.795312 0.769531
0 0.048438 0.083984 0.060937 0.068359 0.065625 0.113281 0.037500 0.115234
0 0.804688 0.775391 0.864062 0.765625 0.864062 0.796875 0.809375 0.806641
0 0.137500 0.580078 0.193750 0.599609 0.179688 0.630859 0.123438 0.613281
0 0.312500 0.685547 0.376563 0.681641 0.378125 0.716797 0.310937 0.722656
0 0.337500 0.533203 0.401562 0.529297 0.403125 0.564453 0.335938 0.570312
0 0.310937 0.644531 0.375000 0.640625 0.376563 0.675781 0.309375 0.681641
0 0.134375 0.656250 0.198437 0.652344 0.200000 0.687500 0.132812 0.693359
0 0.037500 0.941406 0.114062 0.935547 0.118750 0.972656 0.040625 0.980469
0 0.053125 0.880859 0.129688 0.875000 0.134375 0.912109 0.056250 0.919922
0 0.028125 0.033203 0.053125 0.029297 0.057813 0.074219 0.029687 0.076172
0 0.756250 0.103516 0.815625 0.091797 0.821875 0.119141 0.760938 0.132812
0 0.739062 0.031250 0.798438 0.019531 0.804688 0.046875 0.743750 0.060547
0 0.060937 0.830078 0.137500 0.824219 0.142187 0.861328 0.064062 0.869141
0 0.257812 0.851562 0.334375 0.845703 0.339062 0.882812 0.260937 0.890625
