0 0.065625 0.115234 0.146875 0.023438 0.193750 0.058594 0.114062 0.152344
0 0.140625 0.132812 0.178125 0.164062 0.098437 0.275391 0.060937 0.238281
0 0.370312 0.062500 0.426563 0.054688 0.437500 0.214844 0.379688 0.222656
0 0.379688 0.250000 0.428125 0.246094 0.431250 0.414062 0.384375 0.414062
0 0.703125 0.082031 0.762500 0.078125 0.773438 0.246094 0.712500 0.244141
0 0.715625 0.267578 0.765625 0.267578 0.778125 0.412109 0.721875 0.414062
0 0.718750 0.458984 0.767188 0.458984 0.775000 0.597656 0.728125 0.599609
4 0.390625 0.470703 0.434375 0.470703 0.439063 0.621094 0.392188 0.623047
0 0.039062 0.558594 0.146875 0.472656 0.176563 0.515625 0.071875 0.611328
0 0.042188 0.662109 0.150000 0.572266 0.184375 0.613281 0.078125 0.712891
0 0.404687 0.642578 0.454688 0.644531 0.446875 0.802734 0.395313 0.798828
0 0.731250 0.650391 0.778125 0.648438 0.787500 0.810547 0.739062 0.812500
0 0.756250 0.816406 0.882812 0.806641 0.893750 0.882812 0.756250 0.886719
0 0.737500 0.908203 0.795312 0.900391 0.809375 1.000000 0.746875 1.000000
0 0.398438 0.820312 0.450000 0.822266 0.450000 0.982422 0.398438 0.980469
0 0.056250 0.027344 0.126562 0.000000 0.182812 0.000000 0.106250 0.064453
