1 0.784375 0.000000 0.840625 0.000000 0.771875 0.158203 0.709375 0.132812
1 0.864062 0.000000 0.926562 0.000000 0.868750 0.177734 0.807813 0.148438
1 0.965625 0.000000 1.000000 0.000000 0.951562 0.214844 0.892188 0.181641
1 0.900000 0.750000 1.000000 0.808594 1.000000 0.880859 0.882812 0.822266
1 0.860938 0.671875 1.000000 0.685547 1.000000 0.761719 0.848437 0.732422
1 0.854688 0.515625 1.000000 0.578125 1.000000 0.667969 0.823438 0.603516
1 0.750000 0.621094 0.818750 0.636719 0.798438 0.857422 0.721875 0.859375
1 0.656250 0.343750 0.818750 0.398438 0.798438 0.484375 0.626563 0.433594
1 0.578125 0.453125 0.748437 0.474609 0.740625 0.550781 0.571875 0.525391
1 0.576562 0.537109 0.726562 0.564453 0.725000 0.636719 0.564063 0.625000
1 0.562500 0.630859 0.720313 0.656250 0.706250 0.730469 0.554688 0.707031
1 0.542188 0.720703 0.707812 0.744141 0.693750 0.826172 0.534375 0.798828
1 0.540625 0.820312 0.704688 0.835938 0.698438 0.919922 0.532813 0.906250
1 0.532813 0.919922 0.703125 0.933594 0.696875 1.000000 0.526563 1.000000
1 0.171875 0.000000 0.342187 0.039062 0.325000 0.111328 0.150000 0.054688
1 0.153125 0.080078 0.337500 0.119141 0.315625 0.203125 0.139063 0.173828
1 0.000000 0.029297 0.143750 0.074219 0.132812 0.154297 0.000000 0.117188
1 0.182812 0.191406 0.321875 0.234375 0.310937 0.298828 0.153125 0.255859
1 0.000000 0.179688 0.134375 0.224609 0.125000 0.287109 0.000000 0.246094
1 0.000000 0.289062 0.120313 0.306641 0.110937 0.386719 0.000000 0.371094
1 0.128125 0.367188 0.296875 0.416016 0.287500 0.478516 0.125000 0.437500
1 0.121875 0.458984 0.287500 0.503906 0.275000 0.566406 0.109375 0.527344
1 0.104688 0.574219 0.276562 0.593750 0.268750 0.664062 0.096875 0.634766
1 0.103125 0.660156 0.262500 0.693359 0.251563 0.761719 0.087500 0.734375
1 0.076563 0.757812 0.257812 0.798828 0.240625 0.865234 0.071875 0.839844
1 0.093750 0.878906 0.243750 0.910156 0.232813 0.976562 0.078125 0.951172
1 0.140625 0.277344 0.304688 0.328125 0.289062 0.390625 0.129688 0.335938
