0 0.164062 0.529297 0.267188 0.531250 0.264062 0.585938 0.165625 0.580078
0 0.162500 0.583984 0.262500 0.583984 0.253125 0.636719 0.167187 0.636719
0 0.145313 0.640625 0.254688 0.634766 0.253125 0.685547 0.151562 0.685547
0 0.282813 0.546875 0.326562 0.548828 0.310937 0.658203 0.260937 0.658203
0 0.265625 0.685547 0.303125 0.691406 0.296875 0.804688 0.254688 0.802734
0 0.150000 0.759766 0.248438 0.740234 0.260937 0.798828 0.157812 0.818359
0 0.895312 0.753906 0.940625 0.750000 0.942187 0.875000 0.895312 0.871094
0 0.754687 0.103516 0.789062 0.105469 0.793750 0.207031 0.756250 0.205078
0 0.743750 0.267578 0.793750 0.267578 0.790625 0.363281 0.742188 0.361328
1 0.912656 0.587305 0.953281 0.589453 0.961172 0.725488 0.917422 0.727441
0 0.843750 0.289062 0.875000 0.277344 0.901563 0.380859 0.854688 0.388672
0 0.854688 0.613281 0.895312 0.621094 0.906250 0.742188 0.862500 0.744141
0 0.231250 0.076172 0.268750 0.078125 0.270313 0.169922 0.232813 0.171875
0 0.154688 0.371094 0.243750 0.367188 0.243750 0.412109 0.160938 0.412109
0 0.151562 0.427734 0.246875 0.416016 0.245312 0.462891 0.157812 0.466797
0 0.173437 0.474609 0.267188 0.476562 0.264062 0.523438 0.168750 0.521484
