3 0.040625 0.226562 0.079687 0.218750 0.093750 0.355469 0.054688 0.361328
3 0.590625 0.027344 0.628125 0.021484 0.653125 0.136719 0.617188 0.138672
3 0.545312 0.031250 0.582812 0.025391 0.601562 0.138672 0.562500 0.142578
3 0.498437 0.037109 0.535937 0.031250 0.554688 0.144531 0.515625 0.148438
3 0.448437 0.044922 0.485938 0.039062 0.504687 0.152344 0.465625 0.156250
3 0.401562 0.052734 0.439063 0.046875 0.457813 0.160156 0.418750 0.164062
3 0.356250 0.054688 0.393750 0.048828 0.412500 0.162109 0.373437 0.166016
3 0.309375 0.062500 0.346875 0.056641 0.365625 0.169922 0.326562 0.173828
3 0.259375 0.066406 0.296875 0.060547 0.315625 0.173828 0.276562 0.177734
3 0.215625 0.076172 0.253125 0.070312 0.271875 0.183594 0.232813 0.187500
3 0.168750 0.083984 0.207813 0.076172 0.220312 0.195312 0.179688 0.197266
3 0.109375 0.082031 0.148438 0.074219 0.160938 0.193359 0.120313 0.195312
3 0.009375 0.087891 0.048438 0.080078 0.060937 0.199219 0.020313 0.201172
3 0.000000 0.234375 0.020313 0.226562 0.034375 0.363281 0.000000 0.369141
3 0.576562 0.447266 0.618750 0.441406 0.654687 0.589844 0.609375 0.595703
3 0.515625 0.449219 0.557813 0.443359 0.592187 0.601562 0.542188 0.609375
3 0.460938 0.451172 0.503125 0.445312 0.535937 0.599609 0.487500 0.611328
3 0.400000 0.464844 0.442188 0.458984 0.475000 0.613281 0.426563 0.625000
3 0.343750 0.468750 0.385937 0.462891 0.410938 0.619141 0.362500 0.628906
3 0.264062 0.466797 0.306250 0.460938 0.331250 0.644531 0.282813 0.656250
3 0.209375 0.498047 0.251563 0.492188 0.271875 0.658203 0.226562 0.667969
3 0.150000 0.509766 0.192188 0.503906 0.212500 0.669922 0.167187 0.679688
3 0.084375 0.511719 0.126562 0.505859 0.146875 0.671875 0.101562 0.681641
3 0.023438 0.505859 0.065625 0.500000 0.085938 0.689453 0.037500 0.699219
3 0.103125 0.212891 0.142187 0.205078 0.159375 0.359375 0.110937 0.365234
3 0.151562 0.218750 0.190625 0.210938 0.209375 0.359375 0.170313 0.365234
3 0.200000 0.199219 0.239063 0.191406 0.257812 0.339844 0.218750 0.345703
3 0.253125 0.193359 0.292187 0.185547 0.310937 0.339844 0.268750 0.345703
3 0.301563 0.197266 0.340625 0.189453 0.362500 0.326172 0.325000 0.337891
3 0.350000 0.179688 0.389062 0.169922 0.418750 0.318359 0.376563 0.328125
3 0.892188 0.091797 0.934375 0.082031 0.987500 0.226562 0.945312 0.236328
3 0.839063 0.095703 0.881250 0.085938 0.934375 0.230469 0.892188 0.240234
3 0.792188 0.107422 0.834375 0.097656 0.887500 0.242188 0.845313 0.251953
3 0.739062 0.119141 0.781250 0.109375 0.834375 0.253906 0.792188 0.263672
3 0.692187 0.130859 0.734375 0.121094 0.787500 0.265625 0.745313 0.275391
3 0.639062 0.134766 0.681250 0.125000 0.734375 0.269531 0.692187 0.279297
3 0.592187 0.142578 0.634375 0.132812 0.675000 0.277344 0.631250 0.283203
3 0.548438 0.158203 0.584375 0.150391 0.612500 0.283203 0.570312 0.292969
3 0.493750 0.158203 0.529687 0.150391 0.567187 0.277344 0.523438 0.285156
3 0.443750 0.166016 0.479687 0.158203 0.520312 0.296875 0.478125 0.308594
3 0.928125 0.382812 0.976562 0.373047 1.000000 0.515625 0.976562 0.523438
3 0.864062 0.386719 0.912500 0.376953 0.959375 0.519531 0.912500 0.527344
3 0.804688 0.396484 0.853125 0.386719 0.900000 0.529297 0.853125 0.537109
3 0.748437 0.410156 0.796875 0.400391 0.843750 0.542969 0.801562 0.560547
3 0.696875 0.419922 0.739062 0.414062 0.782813 0.560547 0.735938 0.570312
3 0.637500 0.431641 0.679688 0.425781 0.715625 0.574219 0.667188 0.582031
