0 0.450000 0.429688 0.481250 0.423828 0.487500 0.515625 0.454688 0.519531
0 0.600000 0.908203 0.671875 0.937500 0.660937 0.976562 0.585938 0.945312
0 0.934375 0.781250 0.968750 0.779297 0.975000 0.880859 0.937500 0.880859
0 0.925000 0.566406 0.956250 0.562500 0.962500 0.642578 0.931250 0.644531
0 0.770312 0.470703 0.801562 0.472656 0.801562 0.554688 0.771875 0.554688
0 0.598437 0.439453 0.678125 0.441406 0.679688 0.480469 0.600000 0.478516
0 0.546875 0.447266 0.581250 0.443359 0.582812 0.541016 0.550000 0.544922
0 0.500000 0.435547 0.531250 0.437500 0.528125 0.523438 0.500000 0.521484
0 0.256250 0.468750 0.285938 0.441406 0.340625 0.521484 0.315625 0.544922
0 0.000000 0.558594 0.050000 0.558594 0.050000 0.597656 0.000000 0.595703
0 0.000000 0.478516 0.073438 0.482422 0.075000 0.523438 0.000000 0.521484
0 0.131250 0.443359 0.165625 0.431641 0.187500 0.531250 0.150000 0.542969
1 0.006250 0.335938 0.076563 0.337891 0.081250 0.378906 0.006250 0.378906
0 0.021875 0.228516 0.056250 0.232422 0.048438 0.328125 0.017188 0.324219
4 0.056250 0.939453 0.159375 0.937500 0.162500 0.988281 0.056250 0.990234
1 0.332813 0.929688 0.423438 0.929688 0.425000 0.982422 0.334375 0.980469
4 0.437500 0.933594 0.526563 0.929688 0.529687 0.970703 0.437500 0.976562
