0 0.864062 0.066406 0.946875 0.060547 0.950000 0.101562 0.868750 0.107422
0 0.876563 0.242188 0.921875 0.226562 0.935937 0.253906 0.889062 0.273438
0 0.875000 0.302734 0.948438 0.292969 0.954688 0.326172 0.875000 0.335938
0 0.054688 0.632812 0.089063 0.605469 0.137500 0.681641 0.109375 0.710938
0 0.070312 0.414062 0.162500 0.431641 0.156250 0.466797 0.067187 0.458984
0 0.568750 0.679688 0.618750 0.636719 0.637500 0.671875 0.587500 0.714844
0 0.564063 0.556641 0.634375 0.558594 0.632812 0.601562 0.559375 0.599609
0 0.207813 0.777344 0.243750 0.783203 0.239063 0.882812 0.201563 0.878906
0 0.168750 0.619141 0.209375 0.619141 0.217188 0.716797 0.175000 0.726562
0 0.928125 0.632812 0.960938 0.636719 0.948438 0.732422 0.909375 0.724609
0 0.442188 0.242188 0.512500 0.230469 0.518750 0.267578 0.451562 0.279297
0 0.350000 0.244141 0.389062 0.230469 0.407813 0.308594 0.375000 0.324219
0 0.681250 0.351562 0.765625 0.365234 0.754687 0.410156 0.676562 0.388672
0 0.692187 0.289062 0.775000 0.291016 0.773438 0.333984 0.692187 0.326172
4 0.587500 0.410156 0.664062 0.410156 0.664062 0.451172 0.592187 0.447266
0 0.678125 0.238281 0.765625 0.230469 0.768750 0.271484 0.679688 0.279297
0 0.043750 0.367188 0.104688 0.314453 0.125000 0.347656 0.062500 0.396484
0 0.000000 0.652344 0.023438 0.623047 0.068750 0.695312 0.025000 0.736328
0 0.679688 0.003906 0.757812 0.003906 0.767188 0.039062 0.685937 0.042969
0 0.712500 0.056641 0.771875 0.056641 0.768750 0.093750 0.718750 0.095703
0 0.696875 0.111328 0.779687 0.109375 0.779687 0.144531 0.700000 0.152344
0 0.868750 0.126953 0.953125 0.121094 0.953125 0.164062 0.871875 0.164062
