0 0.878125 0.578125 0.951562 0.574219 0.951562 0.609375 0.878125 0.623047
0 0.576562 0.007812 0.601562 0.013672 0.585938 0.080078 0.557813 0.076172
0 0.401562 0.044922 0.429688 0.044922 0.431250 0.125000 0.403125 0.128906
4 0.396875 0.140625 0.428125 0.136719 0.428125 0.238281 0.400000 0.242188
0 0.020313 0.140625 0.048438 0.138672 0.053125 0.230469 0.018750 0.234375
0 0.023438 0.027344 0.064062 0.029297 0.059375 0.117188 0.021875 0.115234
0 0.026562 0.269531 0.056250 0.271484 0.056250 0.369141 0.025000 0.367188
4 0.017188 0.419922 0.043750 0.421875 0.042188 0.501953 0.012500 0.503906
0 0.018750 0.525391 0.050000 0.531250 0.043750 0.619141 0.009375 0.621094
0 0.007812 0.736328 0.037500 0.742188 0.037500 0.835938 0.006250 0.835938
0 0.007812 0.861328 0.037500 0.853516 0.042188 0.962891 0.012500 0.968750
0 0.090625 0.755859 0.128125 0.750000 0.128125 0.857422 0.089063 0.865234
0 0.164062 0.822266 0.246875 0.822266 0.243750 0.857422 0.165625 0.859375
0 0.170313 0.878906 0.257812 0.873047 0.257812 0.916016 0.170313 0.923828
0 0.264062 0.814453 0.346875 0.814453 0.342187 0.857422 0.268750 0.859375
0 0.557813 0.728516 0.640625 0.722656 0.642188 0.757812 0.559375 0.765625
0 0.709375 0.726562 0.745313 0.714844 0.764062 0.810547 0.726562 0.816406
0 0.760938 0.726562 0.795312 0.710938 0.821875 0.787109 0.787500 0.794922
0 0.846875 0.736328 0.865625 0.726562 0.896875 0.775391 0.870313 0.796875
0 0.962500 0.638672 0.987500 0.662109 0.953125 0.736328 0.925000 0.705078
0 0.740625 0.582031 0.821875 0.580078 0.823438 0.619141 0.742188 0.625000
0 0.642188 0.587891 0.729688 0.582031 0.728125 0.623047 0.643750 0.628906
4 0.548438 0.593750 0.617188 0.587891 0.617188 0.632812 0.550000 0.634766
4 0.320312 0.693359 0.410938 0.685547 0.410938 0.730469 0.317188 0.738281
0 0.357812 0.501953 0.375000 0.521484 0.337500 0.603516 0.309375 0.580078
0 0.403125 0.496094 0.432812 0.515625 0.400000 0.599609 0.368750 0.582031
0 0.529687 0.482422 0.595313 0.455078 0.606250 0.492188 0.540625 0.521484
0 0.535937 0.535156 0.606250 0.511719 0.615625 0.548828 0.540625 0.576172
0 0.667188 0.472656 0.698438 0.474609 0.701562 0.564453 0.665625 0.564453
0 0.520312 0.298828 0.593750 0.296875 0.592187 0.333984 0.521875 0.335938
0 0.514062 0.210938 0.539062 0.199219 0.582812 0.251953 0.564063 0.273438
0 0.568750 0.189453 0.589063 0.171875 0.642188 0.238281 0.621875 0.263672
