2 0.687500 0.082031 0.876563 0.078125 0.870313 0.144531 0.681250 0.152344
1 0.320312 0.001953 0.353125 0.001953 0.348438 0.179688 0.310937 0.181641
1 0.303125 0.171875 0.332813 0.175781 0.331250 0.406250 0.289062 0.404297
3 0.750000 0.208984 0.887500 0.201172 0.893750 0.236328 0.751563 0.238281
3 0.743750 0.244141 0.887500 0.246094 0.887500 0.279297 0.743750 0.275391
3 0.732812 0.275391 0.881250 0.281250 0.879687 0.341797 0.732812 0.343750
3 0.739062 0.423828 0.890625 0.416016 0.901563 0.474609 0.745313 0.478516
3 0.735938 0.466797 0.896875 0.484375 0.898438 0.527344 0.734375 0.517578
3 0.732812 0.521484 0.895312 0.533203 0.895312 0.574219 0.729688 0.560547
3 0.726562 0.566406 0.901563 0.574219 0.900000 0.642578 0.725000 0.636719
3 0.287500 0.617188 0.450000 0.646484 0.448437 0.705078 0.276562 0.667969
3 0.278125 0.675781 0.446875 0.707031 0.437500 0.775391 0.267188 0.746094
3 0.723437 0.707031 0.895312 0.707031 0.893750 0.763672 0.720313 0.763672
1 0.714063 0.060547 0.875000 0.035156 0.882812 0.083984 0.718750 0.113281
1 0.285938 0.750000 0.379688 0.746094 0.378125 0.808594 0.279687 0.794922
0 0.721875 0.769531 0.782813 0.769531 0.782813 0.806641 0.723437 0.808594
0 0.800000 0.769531 0.864062 0.765625 0.868750 0.806641 0.800000 0.802734
0 0.742188 0.152344 0.803125 0.156250 0.796875 0.183594 0.737500 0.171875
0 0.739062 0.183594 0.807813 0.189453 0.806250 0.214844 0.735938 0.212891
0 0.756250 0.359375 0.825000 0.359375 0.823438 0.386719 0.756250 0.386719
0 0.753125 0.392578 0.828125 0.396484 0.826562 0.423828 0.751563 0.423828
0 0.779687 0.638672 0.853125 0.642578 0.851562 0.677734 0.779687 0.675781
0 0.398438 0.767578 0.468750 0.769531 0.468750 0.808594 0.396875 0.804688
4 0.485938 0.880859 0.510938 0.884766 0.503125 0.968750 0.476562 0.966797
0 0.301563 0.457031 0.329688 0.453125 0.331250 0.531250 0.296875 0.525391
