0 0.960938 0.527344 1.000000 0.527344 1.000000 0.560547 0.960938 0.560547
0 0.204687 0.341797 0.278125 0.376953 0.264062 0.414062 0.187500 0.376953
0 0.312500 0.023438 0.382812 0.009766 0.387500 0.044922 0.318750 0.058594
0 0.318750 0.058594 0.389062 0.041016 0.393750 0.074219 0.323437 0.089844
0 0.328125 0.091797 0.390625 0.076172 0.400000 0.109375 0.334375 0.123047
0 0.331250 0.128906 0.396875 0.113281 0.403125 0.148438 0.334375 0.162109
0 0.956250 0.580078 1.000000 0.560547 1.000000 0.591797 0.967187 0.611328
0 0.960938 0.476562 1.000000 0.476562 1.000000 0.513672 0.960938 0.513672
0 0.951562 0.431641 1.000000 0.431641 1.000000 0.464844 0.951562 0.464844
0 0.951562 0.384766 1.000000 0.384766 1.000000 0.419922 0.951562 0.419922
0 0.932813 0.294922 1.000000 0.294922 1.000000 0.332031 0.932813 0.332031
0 0.881250 0.148438 0.946875 0.130859 0.951562 0.171875 0.887500 0.187500
0 0.881250 0.197266 0.960938 0.181641 0.967187 0.220703 0.890625 0.234375
0 0.364063 0.882812 0.401562 0.882812 0.401562 0.982422 0.364063 0.982422
0 0.201563 0.919922 0.287500 0.900391 0.292187 0.941406 0.209375 0.960938
0 0.207813 0.847656 0.287500 0.847656 0.287500 0.894531 0.207813 0.894531
0 0.346875 0.560547 0.378125 0.560547 0.378125 0.642578 0.346875 0.642578
0 0.342187 0.451172 0.371875 0.451172 0.371875 0.535156 0.342187 0.535156
4 0.210938 0.591797 0.278125 0.591797 0.278125 0.630859 0.210938 0.630859
4 0.210938 0.513672 0.282813 0.513672 0.282813 0.548828 0.210938 0.548828
4 0.204687 0.464844 0.279687 0.464844 0.279687 0.501953 0.204687 0.501953
4 0.210938 0.425781 0.275000 0.425781 0.275000 0.457031 0.210938 0.457031
0 0.182812 0.232422 0.264062 0.232422 0.264062 0.271484 0.182812 0.271484
0 0.184375 0.183594 0.257812 0.183594 0.257812 0.218750 0.184375 0.218750
0 0.182812 0.119141 0.248438 0.119141 0.248438 0.152344 0.182812 0.152344
0 0.178125 0.080078 0.242188 0.080078 0.242188 0.115234 0.178125 0.115234
0 0.185938 0.048828 0.257812 0.048828 0.257812 0.082031 0.185938 0.082031
0 0.170313 0.015625 0.245312 0.015625 0.245312 0.046875 0.170313 0.046875
