0 0.156250 0.623047 0.229687 0.632812 0.225000 0.675781 0.146875 0.667969
0 0.093750 0.373047 0.128125 0.371094 0.132812 0.460938 0.096875 0.464844
0 0.126562 0.265625 0.159375 0.269531 0.134375 0.359375 0.101562 0.351562
0 0.045312 0.251953 0.078125 0.255859 0.064062 0.330078 0.032813 0.324219
0 0.035937 0.095703 0.081250 0.099609 0.065625 0.179688 0.020313 0.171875
0 0.118750 0.103516 0.146875 0.107422 0.137500 0.183594 0.104688 0.187500
0 0.164062 0.105469 0.192188 0.109375 0.175000 0.195312 0.137500 0.183594
0 0.145313 0.003906 0.185938 0.009766 0.167187 0.097656 0.129688 0.093750
0 0.103125 0.015625 0.129688 0.017578 0.121875 0.089844 0.090625 0.089844
0 0.289062 0.007812 0.362500 0.017578 0.354687 0.054688 0.282813 0.046875
0 0.282813 0.048828 0.356250 0.058594 0.348438 0.095703 0.276562 0.087891
0 0.243750 0.214844 0.317188 0.224609 0.309375 0.261719 0.237500 0.253906
0 0.240625 0.261719 0.314063 0.271484 0.301563 0.310547 0.232813 0.294922
0 0.200000 0.425781 0.273438 0.435547 0.268750 0.478516 0.190625 0.470703
0 0.190625 0.466797 0.264062 0.476562 0.259375 0.519531 0.181250 0.511719
0 0.184375 0.515625 0.257812 0.525391 0.253125 0.568359 0.175000 0.560547
0 0.168750 0.572266 0.242188 0.582031 0.237500 0.625000 0.159375 0.617188
0 0.081250 0.953125 0.154688 0.970703 0.151562 1.000000 0.071875 1.000000
0 0.096875 0.919922 0.170313 0.937500 0.167187 0.980469 0.087500 0.970703
0 0.120313 0.769531 0.193750 0.787109 0.190625 0.830078 0.110937 0.820312
0 0.368750 0.392578 0.401562 0.400391 0.389062 0.478516 0.359375 0.476562
0 0.393750 0.242188 0.432812 0.250000 0.417187 0.343750 0.381250 0.345703
0 0.420312 0.123047 0.448437 0.125000 0.434375 0.207031 0.407813 0.197266
0 0.435937 0.025391 0.464062 0.027344 0.450000 0.109375 0.423438 0.099609
0 0.476562 0.072266 0.509375 0.068359 0.518750 0.146484 0.482812 0.154297
