0 0.687500 0.429688 0.735938 0.451172 0.692187 0.582031 0.646875 0.560547
0 0.748437 0.455078 0.795312 0.474609 0.754687 0.613281 0.704688 0.583984
0 0.693750 0.701172 0.793750 0.630859 0.815625 0.683594 0.721875 0.757812
0 0.500000 0.951172 0.542188 0.919922 0.603125 1.000000 0.543750 1.000000
0 0.564063 0.910156 0.609375 0.878906 0.678125 1.000000 0.626563 1.000000
0 0.625000 0.855469 0.673438 0.822266 0.729688 0.951172 0.685937 0.972656
0 0.687500 0.812500 0.728125 0.781250 0.787500 0.900391 0.742188 0.929688
0 0.729688 0.777344 0.767188 0.742188 0.840625 0.867188 0.800000 0.902344
0 0.773438 0.744141 0.807813 0.703125 0.882812 0.818359 0.842187 0.849609
0 0.840625 0.654297 0.925000 0.759766 0.885938 0.800781 0.817187 0.699219
0 0.804688 0.919922 0.848437 0.888672 0.918750 1.000000 0.875000 1.000000
0 0.760938 0.964844 0.798438 0.925781 0.860938 1.000000 0.817187 1.000000
0 0.353125 0.490234 0.398438 0.472656 0.435937 0.609375 0.381250 0.630859
2 0.545312 0.371094 0.604688 0.388672 0.582812 0.529297 0.528125 0.515625
1 0.639062 0.373047 0.689063 0.380859 0.642188 0.558594 0.589063 0.535156
