2 0.590625 0.216797 0.620313 0.232422 0.578125 0.328125 0.546875 0.312500
2 0.350000 0.320312 0.389062 0.292969 0.489063 0.431641 0.450000 0.472656
0 0.907813 0.675781 0.939063 0.697266 0.887500 0.787109 0.859375 0.761719
0 0.529687 0.134766 0.553125 0.158203 0.507812 0.250000 0.482812 0.230469
0 0.548438 0.203125 0.578125 0.218750 0.545312 0.292969 0.520312 0.273438
0 0.621875 0.263672 0.648438 0.275391 0.610938 0.365234 0.581250 0.347656
0 0.650000 0.310547 0.676562 0.333984 0.639062 0.423828 0.609375 0.406250
0 0.689063 0.359375 0.715625 0.382812 0.679688 0.476562 0.653125 0.445312
0 0.715625 0.408203 0.742188 0.431641 0.700000 0.515625 0.670312 0.500000
2 0.557813 0.640625 0.600000 0.591797 0.717187 0.746094 0.676562 0.798828
0 0.750000 0.451172 0.782813 0.478516 0.739062 0.570312 0.701562 0.546875
0 0.782813 0.511719 0.810937 0.531250 0.768750 0.619141 0.731250 0.601562
0 0.882812 0.789062 0.957812 0.716797 0.985938 0.750000 0.914062 0.818359
0 0.881250 0.615234 0.912500 0.636719 0.853125 0.742188 0.820312 0.712891
2 0.731250 0.710938 0.770312 0.675781 0.921875 0.880859 0.878125 0.917969
2 0.523438 0.410156 0.562500 0.375000 0.704688 0.570312 0.662500 0.607422
0 0.831250 0.582031 0.862500 0.603516 0.818750 0.699219 0.782813 0.669922
