0 0.667188 0.025391 0.746875 0.005859 0.757812 0.041016 0.679688 0.064453
0 0.682813 0.072266 0.762500 0.052734 0.773438 0.087891 0.695312 0.111328
0 0.690625 0.115234 0.770312 0.095703 0.781250 0.130859 0.703125 0.154297
0 0.707812 0.154297 0.787500 0.134766 0.798438 0.169922 0.720313 0.193359
0 0.753125 0.009766 0.832812 0.000000 0.843750 0.025391 0.765625 0.048828
0 0.767188 0.048828 0.846875 0.029297 0.857812 0.064453 0.779687 0.087891
0 0.778125 0.089844 0.857812 0.070312 0.868750 0.105469 0.790625 0.128906
0 0.795312 0.134766 0.875000 0.115234 0.885938 0.150391 0.807813 0.173828
0 0.850000 0.025391 0.932813 0.003906 0.945312 0.041016 0.862500 0.064453
0 0.857812 0.070312 0.940625 0.048828 0.953125 0.085938 0.870313 0.109375
0 0.875000 0.107422 0.964063 0.085938 0.976562 0.123047 0.887500 0.146484
0 0.882812 0.148438 0.970313 0.132812 0.982812 0.169922 0.893750 0.193359
0 0.801562 0.179688 0.881250 0.158203 0.887500 0.195312 0.809375 0.216797
0 0.718750 0.203125 0.798438 0.181641 0.804688 0.218750 0.726562 0.240234
0 0.635938 0.222656 0.715625 0.201172 0.721875 0.238281 0.643750 0.259766
0 0.245312 0.000000 0.325000 0.000000 0.331250 0.015625 0.253125 0.037109
0 0.162500 0.023438 0.242188 0.001953 0.248438 0.039062 0.170313 0.060547
0 0.342187 0.023438 0.421875 0.001953 0.428125 0.039062 0.350000 0.060547
0 0.256250 0.042969 0.335938 0.021484 0.342187 0.058594 0.264062 0.080078
0 0.173437 0.064453 0.253125 0.042969 0.259375 0.080078 0.181250 0.101562
0 0.185938 0.103516 0.265625 0.082031 0.271875 0.119141 0.193750 0.140625
0 0.265625 0.085938 0.345313 0.064453 0.351562 0.101562 0.273438 0.123047
0 0.350000 0.064453 0.429688 0.042969 0.435937 0.080078 0.357812 0.101562
0 0.431250 0.035156 0.510938 0.013672 0.517188 0.050781 0.439063 0.072266
0 0.440625 0.078125 0.520312 0.056641 0.526563 0.093750 0.448437 0.115234
0 0.362500 0.097656 0.442188 0.083984 0.448437 0.121094 0.370312 0.142578
0 0.200000 0.136719 0.275000 0.117188 0.281250 0.154297 0.203125 0.175781
0 0.285938 0.123047 0.360938 0.103516 0.367188 0.140625 0.289062 0.162109
0 0.210938 0.220703 0.290625 0.208984 0.296875 0.246094 0.218750 0.267578
0 0.215625 0.183594 0.290625 0.164062 0.296875 0.201172 0.218750 0.222656
0 0.303125 0.208984 0.375000 0.191406 0.381250 0.228516 0.303125 0.250000
0 0.303125 0.160156 0.375000 0.142578 0.381250 0.179688 0.303125 0.201172
0 0.368750 0.146484 0.448437 0.123047 0.459375 0.160156 0.375000 0.183594
0 0.376563 0.195312 0.456250 0.171875 0.467187 0.208984 0.382812 0.232422
0 0.459375 0.166016 0.539062 0.142578 0.550000 0.179688 0.465625 0.203125
0 0.453125 0.121094 0.532813 0.097656 0.543750 0.134766 0.459375 0.158203
0 0.475000 0.255859 0.554688 0.232422 0.565625 0.269531 0.481250 0.292969
0 0.470313 0.212891 0.550000 0.189453 0.560937 0.226562 0.476562 0.250000
0 0.390625 0.232422 0.470313 0.208984 0.481250 0.246094 0.396875 0.269531
0 0.296875 0.259766 0.376563 0.236328 0.387500 0.273438 0.303125 0.296875
0 0.214062 0.281250 0.293750 0.257812 0.304688 0.294922 0.220312 0.318359
0 0.226562 0.326172 0.306250 0.302734 0.317188 0.339844 0.232813 0.363281
0 0.000000 0.007812 0.078125 0.000000 0.087500 0.039062 0.000000 0.064453
0 0.000000 0.103516 0.089063 0.093750 0.098437 0.134766 0.001563 0.148438
0 0.000000 0.156250 0.079687 0.142578 0.089063 0.185547 0.003125 0.201172
0 0.014063 0.199219 0.098437 0.185547 0.107813 0.228516 0.021875 0.244141
0 0.018750 0.292969 0.117188 0.281250 0.118750 0.328125 0.026562 0.337891
0 0.018750 0.341797 0.106250 0.320312 0.117188 0.369141 0.026562 0.386719
0 0.076563 0.958984 0.168750 0.939453 0.175000 0.982422 0.084375 1.000000
0 0.065625 0.898438 0.157812 0.878906 0.164062 0.921875 0.073438 0.943359
0 0.057813 0.837891 0.150000 0.818359 0.156250 0.861328 0.065625 0.882812
0 0.050000 0.777344 0.142187 0.757812 0.148438 0.800781 0.057813 0.822266
0 0.040625 0.718750 0.132812 0.699219 0.139063 0.742188 0.048438 0.763672
0 0.026562 0.669922 0.118750 0.650391 0.125000 0.693359 0.034375 0.714844
0 0.028125 0.619141 0.120313 0.599609 0.126562 0.642578 0.035937 0.664062
0 0.023438 0.574219 0.110937 0.552734 0.118750 0.593750 0.031250 0.619141
0 0.014063 0.527344 0.115625 0.501953 0.118750 0.546875 0.021875 0.572266
0 0.000000 0.480469 0.093750 0.460938 0.101562 0.498047 0.006250 0.525391
0 0.278125 0.406250 0.365625 0.386719 0.368750 0.429688 0.285938 0.451172
0 0.192188 0.439453 0.279687 0.419922 0.282813 0.462891 0.200000 0.484375
0 0.368750 0.388672 0.456250 0.369141 0.459375 0.412109 0.376563 0.433594
0 0.453125 0.369141 0.540625 0.349609 0.543750 0.392578 0.460938 0.414062
0 0.464062 0.417969 0.551562 0.398438 0.554688 0.441406 0.471875 0.462891
0 0.371875 0.441406 0.459375 0.421875 0.462500 0.464844 0.379688 0.486328
0 0.284375 0.462891 0.371875 0.443359 0.375000 0.486328 0.292187 0.507812
0 0.200000 0.488281 0.287500 0.468750 0.290625 0.511719 0.207813 0.533203
0 0.206250 0.535156 0.293750 0.515625 0.296875 0.558594 0.214062 0.580078
0 0.387500 0.490234 0.475000 0.470703 0.478125 0.513672 0.395313 0.535156
0 0.293750 0.513672 0.381250 0.494141 0.384375 0.537109 0.301563 0.558594
0 0.301563 0.558594 0.389062 0.539062 0.392188 0.582031 0.309375 0.603516
0 0.395313 0.537109 0.476562 0.521484 0.484375 0.562500 0.403125 0.582031
0 0.479687 0.511719 0.560937 0.496094 0.568750 0.537109 0.487500 0.556641
0 0.490625 0.560547 0.570312 0.539062 0.579688 0.585938 0.498437 0.605469
0 0.400000 0.585938 0.487500 0.564453 0.496875 0.605469 0.407813 0.630859
0 0.310937 0.615234 0.398438 0.593750 0.407813 0.634766 0.318750 0.660156
0 0.223438 0.650391 0.310937 0.628906 0.320312 0.669922 0.231250 0.695312
0 0.231250 0.710938 0.318750 0.689453 0.328125 0.730469 0.239063 0.755859
0 0.507812 0.662109 0.595313 0.640625 0.604688 0.681641 0.515625 0.707031
0 0.417187 0.683594 0.504687 0.662109 0.514062 0.703125 0.425000 0.728516
0 0.417187 0.632812 0.504687 0.611328 0.514062 0.652344 0.425000 0.677734
0 0.318750 0.666016 0.406250 0.644531 0.415625 0.685547 0.326562 0.710938
0 0.245312 0.820312 0.332813 0.798828 0.342187 0.839844 0.253125 0.865234
0 0.334375 0.773438 0.421875 0.751953 0.431250 0.792969 0.342187 0.818359
0 0.425000 0.742188 0.512500 0.720703 0.523438 0.765625 0.432812 0.792969
0 0.521875 0.712891 0.609375 0.691406 0.620313 0.736328 0.529687 0.763672
0 0.535937 0.759766 0.623437 0.738281 0.634375 0.783203 0.543750 0.810547
0 0.443750 0.808594 0.531250 0.787109 0.542188 0.832031 0.451562 0.859375
0 0.351562 0.841797 0.439063 0.820312 0.450000 0.865234 0.359375 0.892578
0 0.381250 0.958984 0.468750 0.937500 0.479687 0.982422 0.389062 1.000000
0 0.381250 0.900391 0.468750 0.878906 0.479687 0.923828 0.389062 0.951172
0 0.475000 0.867188 0.564063 0.839844 0.579688 0.892578 0.482812 0.917969
0 0.567187 0.837891 0.657813 0.828125 0.665625 0.875000 0.575000 0.888672
0 0.571875 0.966797 0.662500 0.939453 0.676562 0.984375 0.587500 1.000000
0 0.875000 0.873047 0.960938 0.845703 0.975000 0.886719 0.882812 0.914062
0 0.900000 0.931641 0.985938 0.904297 1.000000 0.945312 0.907813 0.972656
0 0.790625 0.947266 0.876563 0.919922 0.890625 0.960938 0.798438 0.988281
0 0.776563 0.884766 0.862500 0.857422 0.876563 0.898438 0.784375 0.925781
0 0.756250 0.830078 0.842187 0.802734 0.856250 0.843750 0.764062 0.871094
0 0.846875 0.810547 0.932813 0.783203 0.946875 0.824219 0.854688 0.851562
0 0.842187 0.748047 0.928125 0.720703 0.942187 0.761719 0.850000 0.789062
0 0.748437 0.777344 0.834375 0.750000 0.848437 0.791016 0.756250 0.818359
0 0.725000 0.726562 0.810937 0.699219 0.825000 0.740234 0.732812 0.767578
0 0.821875 0.701172 0.907813 0.673828 0.921875 0.714844 0.829688 0.742188
0 0.914062 0.679688 1.000000 0.652344 1.000000 0.693359 0.921875 0.720703
0 0.907813 0.626953 0.993750 0.599609 1.000000 0.640625 0.915625 0.667969
0 0.815625 0.650391 0.901563 0.623047 0.915625 0.664062 0.823438 0.691406
0 0.714063 0.681641 0.800000 0.654297 0.814063 0.695312 0.721875 0.722656
0 0.717187 0.626953 0.803125 0.599609 0.817187 0.640625 0.725000 0.667969
0 0.803125 0.603516 0.889062 0.576172 0.903125 0.617188 0.810937 0.644531
0 0.895312 0.574219 0.975000 0.542969 0.987500 0.585938 0.903125 0.615234
0 0.885938 0.527344 0.965625 0.496094 0.976562 0.533203 0.892188 0.560547
0 0.867188 0.484375 0.946875 0.453125 0.957812 0.490234 0.873437 0.517578
0 0.778125 0.507812 0.860938 0.488281 0.871875 0.525391 0.787500 0.552734
0 0.693750 0.529297 0.776563 0.509766 0.787500 0.546875 0.703125 0.574219
0 0.667188 0.480469 0.750000 0.460938 0.760938 0.498047 0.676562 0.525391
0 0.753125 0.457031 0.835938 0.437500 0.846875 0.472656 0.762500 0.492188
0 0.840625 0.427734 0.923438 0.408203 0.934375 0.443359 0.850000 0.462891
0 0.935937 0.410156 1.000000 0.390625 1.000000 0.425781 0.945312 0.445312
0 0.745313 0.404297 0.828125 0.384766 0.839063 0.419922 0.754687 0.439453
0 0.934375 0.359375 1.000000 0.339844 1.000000 0.375000 0.943750 0.394531
0 0.843750 0.380859 0.926562 0.361328 0.937500 0.396484 0.853125 0.416016
0 0.831250 0.333984 0.914062 0.314453 0.925000 0.349609 0.840625 0.369141
0 0.748437 0.359375 0.831250 0.330078 0.842187 0.365234 0.753125 0.396484
0 0.659375 0.386719 0.742188 0.357422 0.753125 0.392578 0.664062 0.423828
0 0.896875 0.267578 0.976562 0.248047 0.987500 0.283203 0.909375 0.306641
0 0.809375 0.289062 0.889062 0.269531 0.900000 0.304688 0.821875 0.328125
0 0.725000 0.308594 0.804688 0.289062 0.815625 0.324219 0.737500 0.347656
0 0.626563 0.175781 0.706250 0.156250 0.717187 0.191406 0.639062 0.214844
0 0.590625 0.095703 0.670312 0.076172 0.681250 0.111328 0.603125 0.134766
0 0.604688 0.140625 0.684375 0.121094 0.695312 0.156250 0.617188 0.179688
0 0.582812 0.013672 0.662500 0.000000 0.673438 0.029297 0.595313 0.052734
0 0.590625 0.058594 0.670312 0.039062 0.681250 0.074219 0.603125 0.097656
