4 0.578125 0.027344 0.717187 0.027344 0.717187 0.107422 0.575000 0.101562
4 0.253125 0.679688 0.290625 0.644531 0.370312 0.738281 0.337500 0.775391
4 0.275000 0.585938 0.304688 0.548828 0.390625 0.640625 0.354687 0.685547
4 0.285938 0.482422 0.321875 0.451172 0.398438 0.541016 0.365625 0.583984
4 0.290625 0.394531 0.320312 0.361328 0.417187 0.443359 0.382812 0.490234
4 0.323437 0.259766 0.426563 0.349609 0.392188 0.400391 0.296875 0.296875
4 0.332813 0.208984 0.423438 0.273438 0.401562 0.318359 0.310937 0.240234
4 0.350000 0.134766 0.423438 0.203125 0.396875 0.244141 0.321875 0.177734
4 0.578125 0.099609 0.707812 0.109375 0.707812 0.195312 0.570312 0.195312
3 0.598437 0.183594 0.829688 0.226562 0.812500 0.333984 0.578125 0.291016
3 0.584375 0.294922 0.815625 0.345703 0.809375 0.449219 0.567187 0.396484
3 0.554688 0.457031 0.812500 0.482422 0.807813 0.585938 0.548438 0.562500
3 0.540625 0.628906 0.793750 0.664062 0.790625 0.755859 0.525000 0.732422
