4 0.657813 0.732422 0.692187 0.734375 0.695312 0.833984 0.659375 0.837891
4 0.837500 0.767578 0.871875 0.769531 0.875000 0.882812 0.834375 0.878906
4 0.745313 0.740234 0.779687 0.742188 0.775000 0.873047 0.737500 0.863281
0 0.487500 0.708984 0.520312 0.712891 0.510938 0.826172 0.479687 0.816406
0 0.529687 0.707031 0.562500 0.710938 0.553125 0.824219 0.523438 0.814453
0 0.573438 0.691406 0.606250 0.695312 0.596875 0.808594 0.567187 0.798828
0 0.789062 0.751953 0.821875 0.755859 0.821875 0.859375 0.787500 0.857422
0 0.881250 0.761719 0.914062 0.765625 0.914062 0.869141 0.879687 0.867188
0 0.962500 0.761719 0.995313 0.765625 0.995313 0.857422 0.959375 0.857422
0 0.926562 0.681641 0.959375 0.685547 0.954688 0.765625 0.921875 0.765625
0 0.878125 0.648438 0.910937 0.652344 0.910937 0.751953 0.870313 0.746094
0 0.782813 0.640625 0.815625 0.644531 0.815625 0.744141 0.775000 0.738281
0 0.731250 0.628906 0.762500 0.632812 0.757812 0.730469 0.723437 0.722656
0 0.687500 0.644531 0.715625 0.642578 0.720313 0.724609 0.687500 0.726562
0 0.618750 0.619141 0.653125 0.621094 0.651563 0.722656 0.615625 0.722656
0 0.865625 0.484375 0.893750 0.484375 0.896875 0.572266 0.860938 0.570312
0 0.092188 0.410156 0.168750 0.417969 0.162500 0.458984 0.082812 0.449219
0 0.475000 0.593750 0.503125 0.597656 0.498437 0.691406 0.464062 0.687500
0 0.426563 0.597656 0.454688 0.599609 0.446875 0.697266 0.414062 0.695312
