0 0.081250 0.494141 0.107813 0.496094 0.100000 0.560547 0.071875 0.558594
0 0.414062 0.763672 0.496875 0.773438 0.496875 0.816406 0.412500 0.812500
0 0.400000 0.708984 0.481250 0.701172 0.479687 0.748047 0.398438 0.750000
0 0.432812 0.664062 0.504687 0.660156 0.506250 0.705078 0.429688 0.705078
0 0.292187 0.767578 0.368750 0.763672 0.367188 0.806641 0.292187 0.808594
0 0.960938 0.500000 0.985938 0.494141 1.000000 0.562500 0.970313 0.568359
0 0.918750 0.505859 0.950000 0.500000 0.956250 0.568359 0.926562 0.568359
0 0.725000 0.509766 0.754687 0.500000 0.760938 0.572266 0.732812 0.576172
0 0.667188 0.503906 0.696875 0.490234 0.703125 0.556641 0.675000 0.560547
0 0.559375 0.517578 0.584375 0.513672 0.587500 0.566406 0.557813 0.564453
0 0.504687 0.521484 0.539062 0.519531 0.542188 0.597656 0.504687 0.599609
0 0.492188 0.464844 0.515625 0.482422 0.478125 0.525391 0.460938 0.503906
0 0.457813 0.523438 0.479687 0.527344 0.475000 0.582031 0.451562 0.582031
0 0.376563 0.498047 0.400000 0.498047 0.395313 0.562500 0.371875 0.562500
0 0.318750 0.494141 0.346875 0.494141 0.340625 0.550781 0.317188 0.552734
0 0.282813 0.494141 0.306250 0.494141 0.300000 0.560547 0.273438 0.560547
0 0.246875 0.490234 0.271875 0.490234 0.264062 0.556641 0.235937 0.552734
0 0.203125 0.488281 0.231250 0.490234 0.218750 0.548828 0.195312 0.548828
0 0.168750 0.496094 0.196875 0.494141 0.189062 0.564453 0.160938 0.564453
0 0.137500 0.494141 0.165625 0.490234 0.157812 0.556641 0.125000 0.562500
0 0.046875 0.492188 0.067187 0.490234 0.059375 0.560547 0.031250 0.556641
0 0.007812 0.484375 0.032813 0.488281 0.023438 0.548828 0.000000 0.544922
0 0.734375 0.107422 0.757812 0.101562 0.765625 0.162109 0.739062 0.162109
