0 0.448437 0.863281 0.482812 0.865234 0.479687 0.955078 0.445312 0.955078
0 0.409375 0.935547 0.443750 0.935547 0.440625 1.000000 0.406250 1.000000
0 0.446875 0.964844 0.476562 0.966797 0.479687 1.000000 0.448437 1.000000
0 0.626563 0.042969 0.673438 0.042969 0.675000 0.076172 0.629687 0.078125
0 0.646875 0.115234 0.703125 0.111328 0.704688 0.154297 0.650000 0.154297
0 0.409375 0.292969 0.439063 0.292969 0.440625 0.361328 0.410938 0.363281
0 0.635938 0.396484 0.693750 0.382812 0.707812 0.416016 0.648438 0.437500
0 0.598437 0.431641 0.629687 0.425781 0.634375 0.496094 0.604688 0.498047
0 0.651563 0.496094 0.704688 0.458984 0.726562 0.494141 0.673438 0.533203
0 0.660937 0.558594 0.734375 0.554688 0.739062 0.603516 0.664062 0.605469
0 0.678125 0.681641 0.751563 0.681641 0.750000 0.718750 0.679688 0.720703
0 0.409375 0.558594 0.446875 0.556641 0.446875 0.644531 0.409375 0.644531
0 0.440625 0.683594 0.476562 0.679688 0.478125 0.773438 0.446875 0.779297
0 0.415625 0.775391 0.448437 0.775391 0.445312 0.859375 0.412500 0.857422
