0 0.653125 0.966797 0.754687 0.908203 0.776563 0.976562 0.673438 1.000000
0 0.809375 0.580078 0.920312 0.521484 0.945312 0.580078 0.828125 0.638672
0 0.695312 0.632812 0.798438 0.580078 0.818750 0.636719 0.715625 0.691406
0 0.587500 0.683594 0.689063 0.625000 0.709375 0.691406 0.607812 0.736328
0 0.476562 0.738281 0.582812 0.683594 0.601562 0.742188 0.492188 0.791016
0 0.364063 0.771484 0.468750 0.718750 0.487500 0.781250 0.379688 0.832031
0 0.345313 0.708984 0.451562 0.656250 0.468750 0.714844 0.356250 0.765625
0 0.453125 0.654297 0.564063 0.605469 0.579688 0.664062 0.470313 0.710938
0 0.571875 0.607422 0.670312 0.562500 0.689063 0.619141 0.587500 0.664062
0 0.681250 0.554688 0.781250 0.507812 0.801562 0.564453 0.696875 0.611328
0 0.798438 0.513672 0.903125 0.464844 0.923438 0.521484 0.814063 0.568359
0 0.770312 0.445312 0.882812 0.384766 0.904687 0.443359 0.789062 0.500000
0 0.653125 0.488281 0.756250 0.441406 0.775000 0.501953 0.670312 0.546875
0 0.543750 0.537109 0.650000 0.488281 0.664062 0.546875 0.559375 0.589844
0 0.437500 0.587891 0.535937 0.541016 0.551562 0.595703 0.446875 0.642578
0 0.321875 0.634766 0.428125 0.585938 0.446875 0.646484 0.337500 0.697266
0 0.743750 0.296875 0.846875 0.244141 0.867188 0.306641 0.759375 0.353516
0 0.628125 0.345703 0.728125 0.298828 0.748437 0.355469 0.642188 0.402344
0 0.517188 0.400391 0.618750 0.345703 0.637500 0.408203 0.531250 0.453125
0 0.400000 0.455078 0.509375 0.402344 0.526563 0.457031 0.417187 0.507812
0 0.289062 0.501953 0.396875 0.457031 0.409375 0.507812 0.300000 0.554688
0 0.271875 0.421875 0.371875 0.378906 0.387500 0.437500 0.287500 0.478516
0 0.381250 0.380859 0.479687 0.335938 0.500000 0.394531 0.392188 0.439453
0 0.490625 0.330078 0.595313 0.283203 0.610938 0.341797 0.507812 0.390625
0 0.603125 0.283203 0.709375 0.230469 0.726562 0.291016 0.621875 0.341797
0 0.718750 0.232422 0.821875 0.189453 0.840625 0.246094 0.735938 0.289062
0 0.696875 0.162109 0.804688 0.130859 0.817187 0.193359 0.710938 0.222656
0 0.587500 0.216797 0.685937 0.173828 0.704688 0.228516 0.603125 0.273438
0 0.478125 0.263672 0.579688 0.222656 0.593750 0.281250 0.492188 0.320312
0 0.362500 0.320312 0.464062 0.277344 0.478125 0.330078 0.375000 0.373047
0 0.250000 0.361328 0.353125 0.312500 0.371875 0.375000 0.265625 0.416016
0 0.584375 0.142578 0.689063 0.097656 0.704688 0.156250 0.600000 0.197266
0 0.470313 0.191406 0.571875 0.144531 0.590625 0.203125 0.485938 0.248047
0 0.356250 0.242188 0.460938 0.191406 0.475000 0.250000 0.371875 0.292969
0 0.234375 0.287109 0.345313 0.236328 0.360938 0.298828 0.251563 0.345703
0 0.653125 0.037109 0.756250 0.000000 0.773438 0.050781 0.668750 0.093750
0 0.543750 0.078125 0.645312 0.031250 0.657813 0.091797 0.559375 0.136719
0 0.485938 0.000000 0.525000 0.000000 0.553125 0.037109 0.515625 0.062500
0 0.435937 0.123047 0.535937 0.078125 0.553125 0.142578 0.451562 0.185547
0 0.326562 0.175781 0.426563 0.126953 0.445312 0.187500 0.343750 0.230469
0 0.217188 0.218750 0.320312 0.173828 0.335938 0.234375 0.231250 0.275391
0 0.434375 0.000000 0.475000 0.000000 0.509375 0.076172 0.468750 0.095703
0 0.382812 0.000000 0.428125 0.000000 0.460938 0.091797 0.415625 0.111328
0 0.337500 0.007812 0.379688 0.000000 0.417187 0.111328 0.371875 0.134766
0 0.281250 0.027344 0.326562 0.007812 0.362500 0.136719 0.314063 0.154297
0 0.228125 0.054688 0.275000 0.031250 0.312500 0.158203 0.260937 0.179688
0 0.175000 0.074219 0.220312 0.048828 0.259375 0.181641 0.212500 0.205078
0 0.945312 0.917969 1.000000 0.869141 1.000000 0.937500 0.962500 0.980469
0 0.820312 0.970703 0.937500 0.923828 0.951562 0.986328 0.832812 1.000000
0 0.868750 0.861328 0.973437 0.816406 0.993750 0.880859 0.882812 0.919922
0 0.759375 0.914062 0.867188 0.857422 0.885938 0.921875 0.782813 0.968750
0 0.540625 1.000000 0.642188 0.962891 0.659375 1.000000 0.559375 1.000000
0 0.895312 0.769531 1.000000 0.724609 1.000000 0.791016 0.915625 0.835938
0 0.771875 0.818359 0.884375 0.769531 0.904687 0.830078 0.790625 0.880859
0 0.654687 0.876953 0.762500 0.822266 0.782813 0.882812 0.673438 0.933594
0 0.528125 0.931641 0.645312 0.878906 0.664062 0.941406 0.548438 0.990234
0 0.417187 0.988281 0.518750 0.937500 0.542188 0.994141 0.437500 1.000000
0 0.950000 0.673828 1.000000 0.630859 1.000000 0.691406 0.971875 0.732422
0 0.837500 0.714844 0.948438 0.666016 0.970313 0.732422 0.857812 0.779297
0 0.728125 0.767578 0.832812 0.720703 0.850000 0.779297 0.743750 0.822266
0 0.618750 0.818359 0.725000 0.773438 0.735938 0.832031 0.629687 0.880859
0 0.506250 0.863281 0.615625 0.814453 0.631250 0.878906 0.525000 0.927734
0 0.396875 0.916016 0.506250 0.865234 0.525000 0.927734 0.410938 0.976562
