1 0.787500 0.406250 0.820312 0.365234 0.892188 0.429688 0.860938 0.470703
0 0.298438 0.044922 0.326562 0.027344 0.362500 0.078125 0.332813 0.103516
2 0.310937 0.757812 0.371875 0.732422 0.417187 0.917969 0.356250 0.939453
2 0.381250 0.720703 0.426563 0.697266 0.487500 0.880859 0.431250 0.896484
2 0.514062 0.695312 0.540625 0.667969 0.609375 0.740234 0.579688 0.773438
2 0.446875 0.722656 0.506250 0.667969 0.595313 0.810547 0.548438 0.865234
2 0.848437 0.390625 0.876563 0.365234 0.932813 0.416016 0.904687 0.447266
2 0.840625 0.310547 0.865625 0.291016 0.928125 0.337891 0.904687 0.369141
2 0.864062 0.289062 0.889062 0.269531 0.951562 0.316406 0.928125 0.347656
2 0.896875 0.267578 0.921875 0.248047 0.984375 0.294922 0.960938 0.326172
2 0.909375 0.373047 0.934375 0.353516 0.996875 0.400391 0.973437 0.431641
