0 0.187500 0.259766 0.257812 0.261719 0.253125 0.294922 0.187500 0.287109
0 0.185938 0.289062 0.250000 0.289062 0.250000 0.324219 0.184375 0.318359
0 0.176563 0.394531 0.239063 0.396484 0.239063 0.425781 0.173437 0.419922
0 0.176563 0.423828 0.237500 0.423828 0.239063 0.458984 0.173437 0.457031
0 0.167187 0.494141 0.226562 0.496094 0.228125 0.521484 0.167187 0.523438
0 0.332813 0.412109 0.359375 0.408203 0.357812 0.476562 0.326562 0.480469
0 0.159375 0.531250 0.239063 0.529297 0.239063 0.560547 0.156250 0.556641
0 0.164062 0.568359 0.237500 0.566406 0.235937 0.597656 0.160938 0.595703
0 0.159375 0.607422 0.217188 0.599609 0.220312 0.638672 0.157812 0.646484
0 0.148438 0.654297 0.214062 0.660156 0.218750 0.693359 0.151562 0.697266
0 0.145313 0.736328 0.225000 0.738281 0.226562 0.779297 0.145313 0.771484
0 0.139063 0.779297 0.220312 0.779297 0.223438 0.822266 0.142187 0.816406
0 0.117188 0.818359 0.231250 0.820312 0.231250 0.878906 0.115625 0.873047
0 0.885938 0.292969 0.951562 0.322266 0.934375 0.357422 0.878125 0.322266
0 0.862500 0.632812 0.893750 0.625000 0.903125 0.687500 0.875000 0.693359
0 0.854688 0.523438 0.881250 0.525391 0.889062 0.599609 0.857812 0.599609
0 0.779687 0.015625 0.803125 0.017578 0.807813 0.074219 0.779687 0.076172
0 0.689063 0.126953 0.710938 0.123047 0.720313 0.189453 0.695312 0.193359
0 0.701562 0.279297 0.732812 0.277344 0.743750 0.341797 0.710938 0.345703
0 0.717187 0.398438 0.743750 0.396484 0.754687 0.460938 0.725000 0.460938
0 0.751563 0.642578 0.785937 0.640625 0.785937 0.705078 0.753125 0.708984
0 0.756250 0.742188 0.787500 0.742188 0.792188 0.826172 0.759375 0.826172
0 0.770312 0.896484 0.801562 0.896484 0.814063 0.972656 0.776563 0.978516
0 0.190625 0.189453 0.262500 0.193359 0.264062 0.222656 0.187500 0.214844
0 0.190625 0.216797 0.260937 0.218750 0.260937 0.246094 0.189062 0.248047
