0 0.826562 0.380859 0.864062 0.380859 0.864062 0.460938 0.826562 0.460938
3 0.192188 0.000000 0.228125 0.000000 0.232813 0.091797 0.192188 0.095703
0 0.106250 0.056641 0.171875 0.082031 0.160938 0.119141 0.092188 0.091797
0 0.087500 0.123047 0.168750 0.125000 0.167187 0.171875 0.085938 0.164062
0 0.200000 0.142578 0.231250 0.144531 0.223438 0.234375 0.190625 0.226562
0 0.178125 0.449219 0.210938 0.447266 0.207813 0.548828 0.171875 0.546875
0 0.000000 0.421875 0.025000 0.417969 0.021875 0.492188 0.000000 0.496094
0 0.059375 0.824219 0.143750 0.826172 0.143750 0.869141 0.057813 0.865234
0 0.165625 0.833984 0.192188 0.820312 0.242188 0.916016 0.212500 0.931641
0 0.034375 0.886719 0.128125 0.890625 0.126562 0.941406 0.032813 0.941406
0 0.746875 0.232422 0.776563 0.236328 0.773438 0.314453 0.742188 0.308594
0 0.781250 0.183594 0.835938 0.144531 0.856250 0.179688 0.801562 0.218750
0 0.831250 0.205078 0.857812 0.222656 0.812500 0.287109 0.784375 0.263672
0 0.781250 0.328125 0.846875 0.289062 0.862500 0.326172 0.801562 0.365234
0 0.767188 0.398438 0.803125 0.398438 0.800000 0.496094 0.765625 0.496094
0 0.817187 0.470703 0.850000 0.476562 0.848437 0.558594 0.812500 0.554688
0 0.789062 0.794922 0.856250 0.748047 0.879687 0.789062 0.804688 0.832031
0 0.843750 0.849609 0.873437 0.880859 0.817187 0.953125 0.787500 0.921875
3 0.035937 0.296875 0.082812 0.298828 0.079687 0.488281 0.026562 0.492188
1 0.023438 0.964844 0.139063 0.970703 0.139063 1.000000 0.023438 1.000000
2 0.084375 0.003906 0.175000 0.005859 0.173437 0.054688 0.084375 0.056641
4 0.114062 0.597656 0.182812 0.595703 0.182812 0.640625 0.112500 0.644531
2 0.706250 0.046875 0.770312 0.013672 0.790625 0.035156 0.728125 0.074219
2 0.104688 0.234375 0.145313 0.236328 0.131250 0.542969 0.081250 0.546875
