0 0.879687 0.603516 0.923438 0.601562 0.932813 0.712891 0.890625 0.716797
0 0.532813 0.175781 0.575000 0.177734 0.578125 0.251953 0.532813 0.253906
0 0.573438 0.181641 0.609375 0.179688 0.607812 0.257812 0.570312 0.257812
0 0.573438 0.083984 0.610938 0.089844 0.604688 0.169922 0.570312 0.167969
0 0.528125 0.078125 0.567187 0.085938 0.560937 0.167969 0.526563 0.167969
0 0.489063 0.087891 0.520312 0.085938 0.521875 0.171875 0.490625 0.171875
0 0.492188 0.175781 0.525000 0.175781 0.528125 0.255859 0.490625 0.257812
0 0.532813 0.251953 0.562500 0.255859 0.570312 0.345703 0.529687 0.347656
0 0.571875 0.255859 0.607812 0.261719 0.609375 0.355469 0.573438 0.351562
0 0.670312 0.263672 0.704688 0.265625 0.717187 0.363281 0.679688 0.367188
0 0.679688 0.367188 0.715625 0.361328 0.720313 0.464844 0.685937 0.468750
0 0.767188 0.359375 0.804688 0.359375 0.807813 0.460938 0.773438 0.460938
0 0.820312 0.375000 0.857812 0.378906 0.862500 0.480469 0.818750 0.478516
0 0.815625 0.273438 0.854688 0.277344 0.860938 0.373047 0.817187 0.371094
0 0.723437 0.371094 0.757812 0.367188 0.760938 0.458984 0.721875 0.457031
0 0.707812 0.275391 0.743750 0.273438 0.757812 0.363281 0.718750 0.363281
0 0.704688 0.181641 0.739062 0.187500 0.745313 0.269531 0.712500 0.273438
0 0.698438 0.089844 0.735938 0.091797 0.735938 0.181641 0.701562 0.179688
0 0.754687 0.166016 0.792188 0.164062 0.798438 0.253906 0.754687 0.255859
0 0.750000 0.078125 0.789062 0.085938 0.785937 0.167969 0.750000 0.167969
0 0.857812 0.191406 0.892188 0.189453 0.896875 0.269531 0.857812 0.269531
0 0.840625 0.097656 0.876563 0.093750 0.885938 0.181641 0.850000 0.183594
0 0.392188 0.171875 0.423438 0.177734 0.429688 0.251953 0.385937 0.253906
0 0.348438 0.169922 0.378125 0.166016 0.379688 0.261719 0.345313 0.261719
0 0.354687 0.082031 0.384375 0.076172 0.390625 0.164062 0.357812 0.167969
0 0.400000 0.078125 0.432812 0.080078 0.435937 0.173828 0.398438 0.173828
0 0.389062 0.263672 0.429688 0.261719 0.425000 0.351562 0.382812 0.349609
0 0.282813 0.263672 0.321875 0.261719 0.318750 0.351562 0.275000 0.351562
0 0.235937 0.255859 0.276562 0.257812 0.271875 0.353516 0.228125 0.353516
0 0.292187 0.167969 0.323437 0.167969 0.315625 0.259766 0.282813 0.259766
0 0.246875 0.074219 0.281250 0.076172 0.276562 0.164062 0.240625 0.167969
0 0.192188 0.177734 0.226562 0.183594 0.223438 0.269531 0.182812 0.269531
0 0.181250 0.267578 0.217188 0.269531 0.217188 0.355469 0.176563 0.355469
0 0.139063 0.255859 0.179688 0.261719 0.175000 0.343750 0.128125 0.343750
0 0.148438 0.152344 0.184375 0.152344 0.173437 0.248047 0.137500 0.246094
0 0.095312 0.164062 0.132812 0.167969 0.125000 0.251953 0.082812 0.251953
0 0.107813 0.074219 0.142187 0.082031 0.139063 0.171875 0.100000 0.169922
0 0.864062 0.277344 0.898438 0.271484 0.904687 0.369141 0.870313 0.369141
0 0.760938 0.257812 0.800000 0.253906 0.807813 0.347656 0.767188 0.347656
0 0.804688 0.171875 0.839063 0.169922 0.843750 0.269531 0.812500 0.269531
0 0.482812 0.259766 0.520312 0.261719 0.523438 0.361328 0.485938 0.357422
0 0.442188 0.255859 0.482812 0.257812 0.482812 0.351562 0.434375 0.351562
0 0.442188 0.167969 0.478125 0.171875 0.476562 0.261719 0.440625 0.263672
0 0.448437 0.076172 0.479687 0.080078 0.479687 0.167969 0.443750 0.166016
0 0.243750 0.164062 0.281250 0.167969 0.279687 0.255859 0.239063 0.253906
0 0.196875 0.082031 0.232813 0.082031 0.231250 0.167969 0.190625 0.166016
0 0.307812 0.064453 0.340625 0.066406 0.346875 0.160156 0.304688 0.164062
0 0.617188 0.177734 0.648438 0.173828 0.657813 0.265625 0.621875 0.267578
0 0.621875 0.089844 0.654687 0.091797 0.657813 0.177734 0.621875 0.175781
0 0.625000 0.265625 0.657813 0.263672 0.665625 0.355469 0.629687 0.357422
0 0.629687 0.355469 0.667188 0.355469 0.673438 0.460938 0.632812 0.464844
0 0.540625 0.347656 0.568750 0.347656 0.573438 0.451172 0.542188 0.453125
0 0.490625 0.361328 0.529687 0.361328 0.529687 0.449219 0.489063 0.449219
0 0.382812 0.355469 0.423438 0.351562 0.414062 0.451172 0.376563 0.453125
0 0.910937 0.179688 0.942187 0.175781 0.954688 0.265625 0.914062 0.269531
0 0.914062 0.269531 0.951562 0.265625 0.957812 0.359375 0.918750 0.359375
0 0.914062 0.359375 0.954688 0.363281 0.960938 0.464844 0.921875 0.466797
0 0.273438 0.359375 0.315625 0.357422 0.312500 0.453125 0.273438 0.453125
0 0.225000 0.355469 0.262500 0.359375 0.260937 0.455078 0.220312 0.455078
0 0.175000 0.359375 0.214062 0.359375 0.204687 0.462891 0.164062 0.464844
0 0.132812 0.339844 0.164062 0.343750 0.157812 0.441406 0.120313 0.443359
0 0.076563 0.341797 0.114062 0.345703 0.109375 0.447266 0.071875 0.449219
0 0.028125 0.351562 0.068750 0.349609 0.065625 0.445312 0.020313 0.445312
0 0.039062 0.242188 0.076563 0.246094 0.071875 0.343750 0.032813 0.343750
0 0.051562 0.150391 0.085938 0.154297 0.079687 0.244141 0.039062 0.238281
0 0.060937 0.070312 0.095312 0.074219 0.084375 0.150391 0.048438 0.148438
0 0.820312 0.597656 0.862500 0.599609 0.864062 0.699219 0.826562 0.699219
0 0.770312 0.607422 0.814063 0.607422 0.823438 0.703125 0.775000 0.705078
0 0.932813 0.597656 0.973437 0.597656 0.987500 0.710938 0.940625 0.712891
0 0.946875 0.710938 0.985938 0.714844 0.996875 0.832031 0.956250 0.830078
0 0.892188 0.722656 0.935937 0.718750 0.945312 0.818359 0.901563 0.822266
0 0.845313 0.703125 0.881250 0.703125 0.890625 0.826172 0.848437 0.826172
0 0.779687 0.720703 0.821875 0.720703 0.837500 0.832031 0.795312 0.833984
0 0.731250 0.724609 0.770312 0.722656 0.792188 0.835938 0.745313 0.833984
0 0.679688 0.732422 0.720313 0.728516 0.728125 0.833984 0.682813 0.835938
0 0.692187 0.855469 0.739062 0.857422 0.742188 0.976562 0.692187 0.976562
0 0.750000 0.843750 0.784375 0.845703 0.792188 0.964844 0.754687 0.964844
0 0.793750 0.843750 0.840625 0.843750 0.845313 0.968750 0.803125 0.964844
0 0.901563 0.826172 0.945312 0.826172 0.956250 0.958984 0.912500 0.960938
0 0.959375 0.837891 1.000000 0.839844 1.000000 0.964844 0.964063 0.960938
0 0.635938 0.734375 0.671875 0.730469 0.675000 0.830078 0.639062 0.830078
0 0.571875 0.718750 0.615625 0.718750 0.620313 0.835938 0.579688 0.833984
0 0.584375 0.835938 0.626563 0.835938 0.626563 0.962891 0.582812 0.960938
0 0.529687 0.839844 0.573438 0.839844 0.570312 0.972656 0.521875 0.968750
0 0.675000 0.617188 0.715625 0.613281 0.721875 0.714844 0.679688 0.714844
0 0.625000 0.615234 0.662500 0.613281 0.673438 0.722656 0.632812 0.726562
0 0.573438 0.609375 0.612500 0.609375 0.617188 0.714844 0.576562 0.714844
0 0.515625 0.611328 0.557813 0.613281 0.554688 0.710938 0.514062 0.708984
0 0.431250 0.583984 0.473438 0.582031 0.465625 0.703125 0.417187 0.703125
0 0.423438 0.707031 0.459375 0.708984 0.459375 0.830078 0.417187 0.824219
0 0.418750 0.835938 0.457813 0.833984 0.456250 0.953125 0.412500 0.953125
0 0.367188 0.828125 0.407813 0.828125 0.407813 0.953125 0.357812 0.955078
0 0.373437 0.710938 0.410938 0.718750 0.404687 0.820312 0.362500 0.816406
0 0.140625 0.822266 0.178125 0.826172 0.170313 0.943359 0.131250 0.939453
0 0.198437 0.828125 0.240625 0.822266 0.229687 0.945312 0.196875 0.945312
0 0.312500 0.738281 0.351562 0.742188 0.345313 0.851562 0.304688 0.849609
0 0.265625 0.716797 0.307812 0.722656 0.300000 0.837891 0.254688 0.835938
0 0.203125 0.710938 0.246875 0.710938 0.239063 0.826172 0.201563 0.824219
0 0.335938 0.595703 0.378125 0.607422 0.367188 0.712891 0.323437 0.710938
0 0.279687 0.601562 0.320312 0.605469 0.314063 0.710938 0.267188 0.703125
0 0.225000 0.582031 0.270313 0.587891 0.254688 0.699219 0.210938 0.701172
0 0.098437 0.681641 0.142187 0.685547 0.131250 0.800781 0.090625 0.798828
0 0.003125 0.593750 0.039062 0.593750 0.031250 0.703125 0.000000 0.705078
0 0.028125 0.810547 0.068750 0.808594 0.056250 0.931641 0.017188 0.933594
