3 0.453125 0.187500 0.493750 0.158203 0.578125 0.318359 0.539062 0.343750
3 0.296875 0.947266 0.462500 0.835938 0.496875 0.896484 0.321875 1.000000
3 0.000000 0.646484 0.068750 0.699219 0.051562 0.761719 0.000000 0.710938
3 0.000000 0.951172 0.112500 0.855469 0.140625 0.919922 0.000000 1.000000
3 0.048438 0.542969 0.225000 0.582031 0.215625 0.654297 0.034375 0.611328
0 0.650000 0.662109 0.684375 0.630859 0.729688 0.712891 0.689063 0.738281
0 0.509375 0.847656 0.571875 0.804688 0.589063 0.847656 0.525000 0.886719
0 0.260937 0.189453 0.285938 0.173828 0.320312 0.248047 0.293750 0.263672
0 0.215625 0.082031 0.240625 0.066406 0.275000 0.140625 0.246875 0.160156
0 0.157812 0.000000 0.185938 0.000000 0.217188 0.029297 0.187500 0.048828
3 0.120313 0.423828 0.281250 0.333984 0.304688 0.400391 0.139063 0.488281
3 0.367188 0.021484 0.410938 0.000000 0.492188 0.158203 0.450000 0.189453
0 0.748437 0.746094 0.806250 0.703125 0.825000 0.740234 0.764062 0.777344
3 0.000000 0.597656 0.153125 0.654297 0.134375 0.716797 0.000000 0.664062
3 0.307812 1.000000 0.481250 0.896484 0.512500 0.955078 0.340625 1.000000
3 0.000000 1.000000 0.131250 0.917969 0.164062 0.976562 0.015625 1.000000
3 0.535937 0.355469 0.581250 0.326172 0.665625 0.498047 0.625000 0.533203
