0 0.373437 0.451172 0.437500 0.513672 0.415625 0.544922 0.357812 0.476562
0 0.381250 0.382812 0.445312 0.445312 0.423438 0.476562 0.365625 0.408203
0 0.387500 0.324219 0.451562 0.386719 0.429688 0.417969 0.371875 0.349609
0 0.390625 0.195312 0.457813 0.255859 0.440625 0.287109 0.370312 0.226562
0 0.392188 0.152344 0.459375 0.212891 0.442188 0.244141 0.371875 0.183594
0 0.390625 0.093750 0.457813 0.154297 0.440625 0.185547 0.370312 0.125000
3 0.546875 0.429688 0.714063 0.445312 0.709375 0.515625 0.539062 0.501953
3 0.557813 0.318359 0.717187 0.332031 0.712500 0.404297 0.550000 0.388672
3 0.567187 0.208984 0.723437 0.236328 0.717187 0.302734 0.553125 0.275391
4 0.553125 0.078125 0.642188 0.072266 0.646875 0.132812 0.556250 0.134766
4 0.554688 0.021484 0.643750 0.015625 0.653125 0.068359 0.557813 0.080078
4 0.385937 0.261719 0.450000 0.310547 0.432812 0.341797 0.371875 0.289062
4 0.371875 0.699219 0.439063 0.751953 0.415625 0.806641 0.346875 0.748047
4 0.368750 0.779297 0.435937 0.832031 0.412500 0.886719 0.343750 0.828125
4 0.371875 0.853516 0.439063 0.906250 0.415625 0.960938 0.346875 0.902344
4 0.364063 0.929688 0.431250 0.982422 0.407813 1.000000 0.339062 0.978516
3 0.573438 0.130859 0.729688 0.156250 0.721875 0.222656 0.564063 0.195312
