2 0.718750 0.105469 0.753125 0.128906 0.615625 0.388672 0.568750 0.351562
3 0.150000 0.449219 0.325000 0.462891 0.314063 0.529297 0.135937 0.517578
3 0.142187 0.517578 0.317188 0.523438 0.312500 0.597656 0.135937 0.593750
3 0.200000 0.695312 0.375000 0.699219 0.375000 0.775391 0.192188 0.769531
3 0.187500 0.779297 0.367188 0.787109 0.367188 0.855469 0.181250 0.853516
3 0.176563 0.857422 0.362500 0.869141 0.356250 0.939453 0.170313 0.927734
0 0.556250 0.490234 0.625000 0.501953 0.629687 0.537109 0.548438 0.527344
0 0.548438 0.529297 0.625000 0.550781 0.617188 0.583984 0.540625 0.566406
0 0.543750 0.582031 0.615625 0.589844 0.612500 0.636719 0.539062 0.628906
0 0.535937 0.634766 0.607812 0.642578 0.604688 0.689453 0.531250 0.681641
0 0.531250 0.687500 0.603125 0.695312 0.600000 0.742188 0.526563 0.734375
3 0.403125 0.000000 0.443750 0.000000 0.434375 0.148438 0.389062 0.144531
3 0.567187 0.000000 0.600000 0.000000 0.595313 0.191406 0.553125 0.189453
3 0.518750 0.013672 0.554688 0.017578 0.545312 0.210938 0.506250 0.212891
3 0.392188 0.156250 0.432812 0.164062 0.423438 0.361328 0.378125 0.357422
