0 0.551562 0.673828 0.598437 0.671875 0.603125 0.785156 0.559375 0.789062
0 0.543750 0.511719 0.585938 0.503906 0.595313 0.638672 0.554688 0.642578
0 0.346875 0.583984 0.448437 0.583984 0.446875 0.634766 0.342187 0.628906
0 0.550000 0.314453 0.590625 0.314453 0.582812 0.435547 0.543750 0.431641
0 0.351562 0.457031 0.451562 0.457031 0.448437 0.505859 0.348438 0.503906
0 0.342187 0.384766 0.448437 0.384766 0.442188 0.437500 0.342187 0.433594
0 0.348438 0.335938 0.442188 0.333984 0.442188 0.371094 0.348438 0.375000
0 0.342187 0.271484 0.448437 0.273438 0.442188 0.324219 0.342187 0.310547
0 0.345313 0.207031 0.445312 0.212891 0.442188 0.263672 0.340625 0.250000
0 0.543750 0.099609 0.584375 0.105469 0.581250 0.187500 0.543750 0.185547
0 0.543750 0.001953 0.579688 0.001953 0.587500 0.089844 0.545312 0.093750
0 0.348438 0.099609 0.443750 0.107422 0.442188 0.148438 0.346875 0.136719
0 0.357812 0.042969 0.446875 0.048828 0.446875 0.091797 0.354687 0.080078
0 0.356250 0.000000 0.450000 0.000000 0.446875 0.037109 0.353125 0.031250
0 0.000000 0.240234 0.040625 0.238281 0.037500 0.335938 0.000000 0.335938
0 0.014063 0.089844 0.062500 0.093750 0.043750 0.203125 0.001563 0.193359
0 0.428125 0.941406 0.535937 0.982422 0.520312 1.000000 0.410938 0.990234
0 0.325000 0.861328 0.450000 0.857422 0.450000 0.927734 0.328125 0.925781
0 0.345313 0.712891 0.451562 0.714844 0.450000 0.771484 0.345313 0.761719
0 0.345313 0.648438 0.443750 0.652344 0.442188 0.695312 0.348438 0.693359
