0 0.804688 0.197266 0.873437 0.195312 0.873437 0.226562 0.804688 0.226562
0 0.237500 0.968750 0.321875 0.974609 0.317188 1.000000 0.232813 0.998047
0 0.007812 0.931641 0.079687 0.929688 0.073438 0.970703 0.004687 0.972656
0 0.004687 0.886719 0.081250 0.880859 0.075000 0.919922 0.003125 0.917969
0 0.007812 0.841797 0.078125 0.835938 0.070312 0.878906 0.007812 0.880859
0 0.017188 0.792969 0.096875 0.792969 0.092188 0.833984 0.017188 0.833984
0 0.234375 0.833984 0.262500 0.830078 0.265625 0.908203 0.231250 0.902344
1 0.696875 0.535156 0.787500 0.529297 0.796875 0.585938 0.696875 0.583984
1 0.701562 0.601562 0.796875 0.597656 0.798438 0.648438 0.706250 0.658203
1 0.712500 0.695312 0.807813 0.681641 0.812500 0.746094 0.710938 0.753906
0 0.731250 0.796875 0.810937 0.800781 0.804688 0.833984 0.726562 0.830078
0 0.867188 0.753906 0.942187 0.748047 0.943750 0.785156 0.871875 0.787109
0 0.860938 0.716797 0.915625 0.712891 0.921875 0.738281 0.867188 0.740234
0 0.851562 0.679688 0.914062 0.675781 0.920312 0.697266 0.859375 0.707031
0 0.850000 0.640625 0.909375 0.634766 0.920312 0.666016 0.856250 0.667969
0 0.848437 0.601562 0.906250 0.589844 0.912500 0.628906 0.856250 0.628906
0 0.839063 0.544922 0.895312 0.544922 0.898438 0.576172 0.848437 0.578125
0 0.825000 0.445312 0.887500 0.439453 0.887500 0.470703 0.829688 0.474609
0 0.717187 0.498047 0.771875 0.494141 0.778125 0.525391 0.718750 0.527344
0 0.703125 0.460938 0.768750 0.462891 0.773438 0.486328 0.710938 0.490234
0 0.700000 0.421875 0.768750 0.421875 0.773438 0.451172 0.703125 0.449219
0 0.692187 0.369141 0.750000 0.363281 0.751563 0.388672 0.692187 0.398438
0 0.035937 0.755859 0.110937 0.751953 0.114062 0.791016 0.035937 0.791016
0 0.029687 0.720703 0.093750 0.718750 0.098437 0.744141 0.029687 0.751953
0 0.034375 0.681641 0.098437 0.681641 0.095312 0.708984 0.029687 0.708984
0 0.040625 0.642578 0.114062 0.640625 0.112500 0.673828 0.039062 0.667969
0 0.048438 0.515625 0.135937 0.507812 0.137500 0.542969 0.046875 0.544922
0 0.064062 0.476562 0.137500 0.480469 0.131250 0.509766 0.054688 0.505859
0 0.250000 0.578125 0.312500 0.607422 0.301563 0.638672 0.242188 0.619141
0 0.257812 0.515625 0.310937 0.550781 0.301563 0.583984 0.243750 0.550781
0 0.281250 0.396484 0.348438 0.400391 0.348438 0.427734 0.281250 0.425781
0 0.279687 0.343750 0.339062 0.355469 0.331250 0.384766 0.271875 0.373047
0 0.062500 0.451172 0.132812 0.449219 0.135937 0.480469 0.059375 0.482422
0 0.068750 0.417969 0.140625 0.421875 0.135937 0.449219 0.065625 0.447266
4 0.076563 0.382812 0.129688 0.386719 0.128125 0.414062 0.078125 0.410156
0 0.235937 0.466797 0.254688 0.451172 0.298438 0.490234 0.282813 0.511719
0 0.029687 0.232422 0.075000 0.242188 0.065625 0.271484 0.020313 0.261719
0 0.093750 0.251953 0.150000 0.261719 0.142187 0.296875 0.087500 0.287109
0 0.084375 0.187500 0.142187 0.195312 0.139063 0.220703 0.084375 0.214844
