0 0.539062 0.835938 0.639062 0.910156 0.610938 0.960938 0.518750 0.884766
0 0.471875 0.906250 0.564063 0.972656 0.532813 1.000000 0.450000 0.951172
0 0.437500 0.771484 0.515625 0.824219 0.495312 0.865234 0.415625 0.816406
4 0.867188 0.355469 0.962500 0.410156 0.934375 0.462891 0.848437 0.404297
4 0.887500 0.285156 0.995313 0.347656 0.973437 0.400391 0.865625 0.335938
2 0.939063 0.089844 1.000000 0.154297 1.000000 0.212891 0.912500 0.142578
2 0.926562 0.160156 1.000000 0.232422 1.000000 0.285156 0.906250 0.207031
0 0.643750 0.916016 0.737500 0.988281 0.706250 1.000000 0.623437 0.960938
2 0.692187 0.589844 0.818750 0.677734 0.792188 0.740234 0.668750 0.650391
2 0.692187 0.673828 0.818750 0.757812 0.790625 0.826172 0.659375 0.728516
2 0.656250 0.732422 0.787500 0.824219 0.759375 0.896484 0.631250 0.792969
2 0.625000 0.804688 0.754687 0.890625 0.726562 0.964844 0.593750 0.871094
2 0.523438 0.484375 0.565625 0.511719 0.490625 0.652344 0.453125 0.621094
2 0.487500 0.685547 0.612500 0.779297 0.581250 0.839844 0.459375 0.759766
2 0.418750 0.138672 0.462500 0.169922 0.373437 0.300781 0.335938 0.255859
2 0.256250 0.355469 0.378125 0.341797 0.381250 0.410156 0.256250 0.419922
2 0.145313 0.564453 0.276562 0.513672 0.293750 0.582031 0.164062 0.623047
2 0.901563 0.199219 1.000000 0.281250 0.993750 0.339844 0.875000 0.253906
2 0.931250 0.488281 1.000000 0.572266 1.000000 0.640625 0.900000 0.544922
2 0.890625 0.562500 1.000000 0.658203 0.979688 0.714844 0.870313 0.619141
2 0.768750 0.470703 0.887500 0.556641 0.862500 0.613281 0.742188 0.523438
2 0.785937 0.558594 0.909375 0.656250 0.881250 0.722656 0.753125 0.628906
2 0.832812 0.013672 0.850000 0.000000 0.962500 0.025391 0.942187 0.083984
2 0.821875 0.011719 0.928125 0.074219 0.907813 0.128906 0.801562 0.062500
2 0.793750 0.062500 0.915625 0.136719 0.885938 0.195312 0.775000 0.113281
2 0.775000 0.123047 0.893750 0.199219 0.862500 0.253906 0.750000 0.177734
2 0.764062 0.181641 0.882812 0.259766 0.853125 0.328125 0.732812 0.244141
2 0.729688 0.246094 0.856250 0.324219 0.831250 0.394531 0.707812 0.310547
2 0.667188 0.316406 0.785937 0.390625 0.764062 0.449219 0.640625 0.369141
2 0.634375 0.378906 0.751563 0.457031 0.720313 0.511719 0.610938 0.429688
2 0.618750 0.443359 0.710938 0.511719 0.682813 0.574219 0.589063 0.496094
2 0.571875 0.505859 0.687500 0.578125 0.660937 0.640625 0.545312 0.556641
2 0.553125 0.560547 0.670312 0.642578 0.640625 0.707031 0.520312 0.613281
2 0.525000 0.628906 0.639062 0.705078 0.612500 0.765625 0.490625 0.691406
