0 0.117188 0.609375 0.184375 0.613281 0.181250 0.646484 0.114062 0.646484
0 0.051562 0.646484 0.084375 0.660156 0.064062 0.720703 0.034375 0.714844
0 0.128125 0.509766 0.201563 0.511719 0.196875 0.548828 0.128125 0.544922
0 0.528125 0.468750 0.601562 0.464844 0.603125 0.503906 0.528125 0.509766
0 0.532813 0.775391 0.610938 0.769531 0.612500 0.812500 0.534375 0.812500
0 0.746875 0.943359 0.812500 0.939453 0.812500 0.968750 0.748437 0.970703
0 0.750000 0.900391 0.812500 0.890625 0.820312 0.923828 0.750000 0.927734
0 0.737500 0.820312 0.803125 0.816406 0.804688 0.841797 0.739062 0.845703
0 0.726562 0.775391 0.807813 0.765625 0.809375 0.808594 0.731250 0.812500
0 0.728125 0.669922 0.800000 0.669922 0.796875 0.714844 0.726562 0.714844
0 0.707812 0.605469 0.789062 0.607422 0.789062 0.634766 0.707812 0.638672
0 0.710938 0.568359 0.781250 0.562500 0.784375 0.597656 0.710938 0.599609
0 0.706250 0.503906 0.771875 0.492188 0.770312 0.531250 0.707812 0.535156
0 0.679688 0.347656 0.739062 0.339844 0.743750 0.376953 0.681250 0.378906
0 0.656250 0.417969 0.679688 0.404297 0.698438 0.476562 0.668750 0.486328
0 0.114062 0.652344 0.181250 0.652344 0.181250 0.681641 0.114062 0.679688
0 0.006250 0.347656 0.068750 0.318359 0.084375 0.357422 0.012500 0.390625
0 0.214062 0.156250 0.240625 0.152344 0.240625 0.201172 0.214062 0.208984
0 0.182812 0.160156 0.209375 0.158203 0.204687 0.207031 0.181250 0.207031
0 0.125000 0.158203 0.150000 0.152344 0.146875 0.201172 0.123438 0.201172
0 0.085938 0.158203 0.115625 0.156250 0.110937 0.212891 0.085938 0.212891
0 0.084375 0.285156 0.114062 0.273438 0.117188 0.345703 0.087500 0.347656
0 0.100000 0.826172 0.178125 0.828125 0.168750 0.867188 0.093750 0.865234
0 0.078125 0.910156 0.160938 0.906250 0.151562 0.955078 0.076563 0.953125
0 0.112500 0.689453 0.176563 0.695312 0.173437 0.728516 0.110937 0.734375
