3 0.485938 0.384766 0.546875 0.386719 0.535937 0.705078 0.475000 0.699219
2 0.807813 0.535156 0.885938 0.585938 0.671875 1.000000 0.593750 0.964844
4 0.301563 0.048828 0.346875 0.000000 0.428125 0.058594 0.392188 0.121094
0 0.221875 0.167969 0.325000 0.173828 0.323437 0.232422 0.215625 0.220703
0 0.145313 0.246094 0.239063 0.259766 0.229687 0.312500 0.129688 0.296875
0 0.910937 0.732422 1.000000 0.748047 1.000000 0.802734 0.909375 0.787109
3 0.585938 0.078125 0.642188 0.083984 0.620313 0.361328 0.557813 0.355469
3 0.506250 0.101562 0.559375 0.103516 0.550000 0.376953 0.489063 0.369141
3 0.560937 0.365234 0.615625 0.363281 0.612500 0.673828 0.550000 0.664062
3 0.303125 0.294922 0.362500 0.298828 0.357812 0.599609 0.295312 0.597656
3 0.290625 0.640625 0.353125 0.640625 0.339062 0.982422 0.268750 0.978516
