0 0.828125 0.466797 0.860938 0.496094 0.796875 0.582031 0.764062 0.550781
0 0.845313 0.623047 0.875000 0.656250 0.821875 0.740234 0.785937 0.710938
0 0.918750 0.519531 0.956250 0.562500 0.885938 0.648438 0.853125 0.615234
0 0.721875 0.507812 0.789062 0.429688 0.815625 0.462891 0.753125 0.541016
0 0.742188 0.371094 0.776563 0.412109 0.712500 0.488281 0.681250 0.453125
0 0.665625 0.460938 0.698438 0.492188 0.639062 0.568359 0.609375 0.539062
0 0.709375 0.511719 0.739062 0.535156 0.675000 0.634766 0.645312 0.607422
0 0.734375 0.562500 0.768750 0.587891 0.704688 0.679688 0.668750 0.644531
0 0.801562 0.580078 0.837500 0.609375 0.778125 0.701172 0.742188 0.664062
0 0.779687 0.718750 0.815625 0.750000 0.751563 0.847656 0.715625 0.808594
0 0.729688 0.667969 0.771875 0.708984 0.712500 0.808594 0.665625 0.773438
0 0.656250 0.773438 0.696875 0.800781 0.634375 0.904297 0.593750 0.863281
0 0.598437 0.730469 0.640625 0.765625 0.581250 0.865234 0.543750 0.833984
0 0.568750 0.667969 0.612500 0.701172 0.542188 0.804688 0.504687 0.769531
0 0.529687 0.632812 0.565625 0.662109 0.503125 0.767578 0.468750 0.734375
0 0.606250 0.554688 0.631250 0.589844 0.571875 0.671875 0.543750 0.642578
0 0.559375 0.509766 0.590625 0.546875 0.535937 0.625000 0.503125 0.593750
0 0.489063 0.599609 0.528125 0.625000 0.464062 0.722656 0.431250 0.691406
0 0.450000 0.558594 0.478125 0.589844 0.421875 0.685547 0.384375 0.654297
0 0.407813 0.523438 0.445312 0.552734 0.375000 0.650391 0.346875 0.615234
0 0.490625 0.425781 0.521875 0.462891 0.456250 0.550781 0.425000 0.519531
0 0.596875 0.371094 0.629687 0.406250 0.562500 0.490234 0.534375 0.460938
0 0.565625 0.230469 0.592187 0.267578 0.539062 0.347656 0.503125 0.312500
0 0.442188 0.398438 0.503125 0.324219 0.531250 0.349609 0.475000 0.431641
0 0.425000 0.425781 0.453125 0.460938 0.390625 0.537109 0.360938 0.507812
0 0.337500 0.503906 0.381250 0.542969 0.321875 0.636719 0.276562 0.599609
0 0.700000 0.816406 0.743750 0.847656 0.690625 0.960938 0.642188 0.929688
0 0.928125 0.683594 0.998437 0.599609 1.000000 0.636719 0.960938 0.724609
0 0.978125 0.740234 1.000000 0.773438 0.959375 0.875000 0.915625 0.828125
0 0.864062 0.804688 0.906250 0.839844 0.850000 0.941406 0.807813 0.902344
0 0.923438 0.845703 0.957812 0.892578 0.900000 0.986328 0.862500 0.947266
0 0.431250 1.000000 0.500000 0.937500 0.531250 0.972656 0.465625 1.000000
0 0.456250 0.882812 0.487500 0.919922 0.409375 1.000000 0.381250 0.980469
0 0.410938 0.841797 0.450000 0.884766 0.376563 0.986328 0.335938 0.939453
0 0.359375 0.800781 0.400000 0.843750 0.329688 0.947266 0.290625 0.904297
0 0.253125 0.867188 0.329688 0.775391 0.353125 0.808594 0.289062 0.902344
0 0.217188 0.804688 0.290625 0.720703 0.323437 0.753906 0.253125 0.851562
0 0.175000 0.781250 0.246875 0.697266 0.275000 0.722656 0.203125 0.818359
0 0.153125 0.730469 0.225000 0.654297 0.250000 0.691406 0.182812 0.765625
0 0.250000 0.875000 0.282813 0.904297 0.200000 1.000000 0.168750 0.980469
0 0.131250 0.927734 0.209375 0.835938 0.239063 0.875000 0.162500 0.976562
0 0.087500 0.882812 0.165625 0.789062 0.198437 0.828125 0.118750 0.927734
0 0.053125 0.843750 0.126562 0.753906 0.156250 0.789062 0.081250 0.875000
0 0.062500 1.000000 0.118750 0.941406 0.148438 0.970703 0.096875 1.000000
0 0.037500 0.859375 0.065625 0.894531 0.000000 0.988281 0.000000 0.933594
0 0.078125 0.892578 0.112500 0.929688 0.040625 1.000000 0.006250 1.000000
0 0.225000 0.994141 0.287500 0.917969 0.320312 0.958984 0.253125 1.000000
0 0.789062 0.121094 0.818750 0.152344 0.767188 0.212891 0.737500 0.187500
0 0.821875 0.160156 0.846875 0.191406 0.793750 0.275391 0.757812 0.242188
0 0.868750 0.185547 0.895312 0.212891 0.840625 0.300781 0.809375 0.269531
0 0.912500 0.218750 0.946875 0.250000 0.900000 0.330078 0.862500 0.300781
0 0.973437 0.134766 1.000000 0.167969 0.951562 0.246094 0.912500 0.212891
0 0.929688 0.101562 0.962500 0.128906 0.906250 0.205078 0.878125 0.179688
0 0.818750 0.156250 0.881250 0.082031 0.907813 0.107422 0.854688 0.185547
0 0.231250 0.423828 0.260937 0.462891 0.193750 0.546875 0.162500 0.509766
0 0.060937 0.621094 0.135937 0.539062 0.159375 0.578125 0.087500 0.658203
0 0.034375 0.652344 0.064062 0.693359 0.000000 0.773438 0.000000 0.728516
0 0.251563 0.392578 0.314063 0.324219 0.340625 0.367188 0.281250 0.435547
0 0.387500 0.244141 0.428125 0.279297 0.365625 0.355469 0.331250 0.322266
0 0.843750 0.046875 0.875000 0.074219 0.825000 0.138672 0.798438 0.113281
0 0.693750 0.164062 0.754687 0.089844 0.782813 0.115234 0.721875 0.191406
0 0.700000 0.062500 0.743750 0.082031 0.687500 0.156250 0.653125 0.130859
0 0.509375 0.105469 0.540625 0.146484 0.482812 0.214844 0.453125 0.183594
0 0.576562 0.023438 0.606250 0.052734 0.550000 0.132812 0.515625 0.099609
0 0.996875 0.285156 1.000000 0.324219 0.984375 0.414062 0.940625 0.371094
0 0.995313 0.019531 1.000000 0.041016 0.970313 0.128906 0.937500 0.093750
0 0.937500 0.003906 0.962500 0.027344 0.909375 0.105469 0.882812 0.078125
0 0.853125 0.035156 0.896875 0.000000 0.929688 0.000000 0.881250 0.062500
0 0.712500 0.050781 0.764062 0.000000 0.803125 0.000000 0.754687 0.078125
0 0.082812 0.265625 0.154688 0.195312 0.187500 0.238281 0.117188 0.310547
0 0.000000 0.365234 0.073438 0.277344 0.104688 0.322266 0.034375 0.410156
0 0.159375 0.181641 0.226562 0.115234 0.251563 0.152344 0.190625 0.220703
0 0.243750 0.101562 0.298438 0.037109 0.328125 0.066406 0.268750 0.128906
