0 0.267188 0.626953 0.310937 0.617188 0.325000 0.769531 0.275000 0.775391
0 0.217188 0.464844 0.257812 0.433594 0.318750 0.539062 0.284375 0.576172
0 0.243750 0.285156 0.289062 0.279297 0.300000 0.394531 0.256250 0.406250
0 0.256250 0.119141 0.350000 0.058594 0.368750 0.099609 0.278125 0.164062
0 0.409375 0.044922 0.471875 0.027344 0.484375 0.072266 0.421875 0.095703
0 0.556250 0.019531 0.668750 0.005859 0.675000 0.054688 0.560937 0.068359
0 0.640625 0.558594 0.753125 0.539062 0.759375 0.589844 0.643750 0.609375
0 0.778125 0.136719 0.818750 0.121094 0.843750 0.226562 0.804688 0.240234
0 0.798438 0.248047 0.840625 0.240234 0.862500 0.355469 0.818750 0.373047
0 0.835938 0.373047 0.879687 0.363281 0.900000 0.472656 0.854688 0.482422
0 0.859375 0.535156 0.903125 0.527344 0.935937 0.662109 0.890625 0.673828
0 0.904687 0.722656 0.950000 0.714844 0.985938 0.863281 0.937500 0.876953
0 0.681250 0.767578 0.812500 0.746094 0.823438 0.808594 0.693750 0.832031
0 0.662500 0.691406 0.787500 0.679688 0.789062 0.738281 0.670312 0.748047
0 0.637500 0.492188 0.745313 0.472656 0.754687 0.521484 0.643750 0.542969
0 0.626563 0.416016 0.731250 0.400391 0.737500 0.449219 0.632812 0.468750
0 0.618750 0.349609 0.731250 0.337891 0.729688 0.386719 0.623437 0.394531
1 0.625000 0.287109 0.714063 0.269531 0.721875 0.326172 0.628125 0.337891
0 0.290625 0.863281 0.343750 0.855469 0.354687 0.992188 0.300000 1.000000
