2 0.834375 0.062500 0.954688 0.000000 0.985938 0.003906 0.870313 0.105469
2 0.362500 0.359375 0.487500 0.216797 0.529687 0.265625 0.407813 0.400391
2 0.481250 0.462891 0.621875 0.337891 0.656250 0.400391 0.526563 0.515625
2 0.450000 0.730469 0.696875 0.492188 0.737500 0.546875 0.506250 0.794922
2 0.562500 0.187500 0.664062 0.130859 0.690625 0.175781 0.587500 0.242188
2 0.592187 0.250000 0.720313 0.164062 0.746875 0.214844 0.618750 0.308594
2 0.648438 0.328125 0.775000 0.203125 0.809375 0.250000 0.687500 0.375000
2 0.704688 0.380859 0.825000 0.250000 0.859375 0.289062 0.751563 0.423828
2 0.703125 0.484375 0.879687 0.304688 0.917188 0.347656 0.753125 0.535156
2 0.796875 0.027344 0.909375 0.000000 0.940625 0.000000 0.828125 0.062500
2 0.342187 0.316406 0.448437 0.187500 0.481250 0.214844 0.375000 0.355469
2 1.000000 0.042969 1.000000 0.080078 0.970313 0.177734 0.935937 0.136719
2 0.028125 0.417969 0.157812 0.308594 0.189062 0.373047 0.060937 0.478516
2 0.082812 0.513672 0.243750 0.365234 0.275000 0.406250 0.126562 0.570312
2 0.126562 0.562500 0.276562 0.398438 0.315625 0.441406 0.171875 0.609375
2 0.168750 0.601562 0.321875 0.455078 0.356250 0.513672 0.206250 0.660156
2 0.267188 0.679688 0.425000 0.527344 0.468750 0.587891 0.315625 0.742188
2 0.171875 0.298828 0.320312 0.156250 0.360938 0.214844 0.210938 0.353516
2 0.295312 0.277344 0.403125 0.156250 0.440625 0.189453 0.331250 0.324219
