0 0.629687 0.173828 0.721875 0.158203 0.729688 0.203125 0.631250 0.214844
0 0.534375 0.181641 0.621875 0.167969 0.623437 0.212891 0.537500 0.230469
0 0.528125 0.121094 0.623437 0.103516 0.625000 0.154297 0.531250 0.167969
2 0.832812 0.082031 0.934375 0.058594 0.940625 0.103516 0.840625 0.121094
2 0.729688 0.089844 0.818750 0.074219 0.825000 0.123047 0.735938 0.138672
2 0.631250 0.105469 0.718750 0.089844 0.725000 0.138672 0.634375 0.154297
0 0.818750 0.019531 0.920312 0.003906 0.925000 0.050781 0.821875 0.066406
0 0.721875 0.033203 0.796875 0.019531 0.801562 0.066406 0.725000 0.074219
0 0.557813 0.050781 0.656250 0.035156 0.660937 0.082031 0.562500 0.097656
0 0.500000 0.048828 0.551562 0.050781 0.551562 0.097656 0.500000 0.097656
0 0.548438 0.003906 0.631250 0.000000 0.637500 0.025391 0.554688 0.044922
0 0.875000 0.400391 0.978125 0.371094 0.985938 0.414062 0.890625 0.449219
0 0.764062 0.435547 0.860938 0.398438 0.875000 0.445312 0.778125 0.482422
0 0.839063 0.277344 0.940625 0.251953 0.951562 0.296875 0.850000 0.326172
0 0.137500 0.044922 0.225000 0.037109 0.228125 0.089844 0.143750 0.099609
0 0.131250 0.187500 0.229687 0.179688 0.231250 0.230469 0.134375 0.242188
0 0.132812 0.568359 0.231250 0.562500 0.234375 0.605469 0.131250 0.615234
0 0.312500 0.560547 0.409375 0.554688 0.412500 0.605469 0.312500 0.615234
0 0.312500 0.480469 0.401562 0.472656 0.401562 0.519531 0.315625 0.527344
0 0.312500 0.330078 0.401562 0.322266 0.404687 0.369141 0.314063 0.378906
0 0.290625 0.259766 0.387500 0.242188 0.393750 0.296875 0.295312 0.314453
0 0.293750 0.048828 0.387500 0.041016 0.387500 0.097656 0.293750 0.105469
0 0.575000 0.441406 0.662500 0.429688 0.668750 0.476562 0.579688 0.494141
0 0.531250 0.390625 0.631250 0.371094 0.634375 0.416016 0.539062 0.435547
0 0.531250 0.337891 0.625000 0.324219 0.631250 0.367188 0.537500 0.382812
0 0.650000 0.359375 0.681250 0.339844 0.718750 0.417969 0.693750 0.443359
0 0.751563 0.355469 0.845313 0.337891 0.853125 0.380859 0.756250 0.400391
0 0.854688 0.332031 0.953125 0.308594 0.962500 0.359375 0.862500 0.380859
0 0.860938 0.205078 0.950000 0.183594 0.957812 0.230469 0.867188 0.250000
0 0.768750 0.222656 0.851562 0.201172 0.859375 0.248047 0.776563 0.269531
0 0.675000 0.246094 0.760938 0.224609 0.767188 0.269531 0.679688 0.291016
0 0.581250 0.253906 0.668750 0.240234 0.671875 0.291016 0.585938 0.302734
0 0.518750 0.269531 0.575000 0.261719 0.575000 0.308594 0.520312 0.316406
0 0.831250 0.142578 0.931250 0.128906 0.934375 0.167969 0.834375 0.185547
0 0.731250 0.160156 0.821875 0.142578 0.826562 0.183594 0.735938 0.205078
