1 0.007812 0.519531 0.050000 0.587891 0.010937 0.615234 0.000000 0.537109
4 0.773438 0.392578 0.796875 0.369141 0.840625 0.425781 0.810937 0.449219
0 0.857812 0.017578 0.909375 0.000000 0.925000 0.003906 0.878125 0.046875
0 0.934375 0.003906 0.985938 0.039062 0.970313 0.066406 0.921875 0.025391
0 0.901563 0.042969 0.954688 0.062500 0.946875 0.089844 0.892188 0.072266
0 0.742188 0.181641 0.796875 0.142578 0.812500 0.173828 0.759375 0.210938
0 0.643750 0.156250 0.665625 0.142578 0.704688 0.189453 0.682813 0.207031
0 0.571875 0.214844 0.639062 0.234375 0.634375 0.263672 0.560937 0.250000
4 0.510938 0.082031 0.525000 0.068359 0.553125 0.107422 0.534375 0.115234
0 0.471875 0.085938 0.492188 0.072266 0.523438 0.115234 0.501563 0.130859
0 0.442188 0.103516 0.460938 0.087891 0.501563 0.132812 0.468750 0.146484
4 0.235937 0.212891 0.296875 0.169922 0.320312 0.207031 0.256250 0.240234
1 0.307812 0.638672 0.332813 0.617188 0.384375 0.697266 0.356250 0.724609
1 0.275000 0.658203 0.303125 0.638672 0.351562 0.720703 0.323437 0.744141
2 0.232813 0.679688 0.264062 0.662109 0.315625 0.748047 0.279687 0.773438
2 0.190625 0.705078 0.223438 0.685547 0.270313 0.777344 0.232813 0.798828
2 0.137500 0.742188 0.170313 0.714844 0.220312 0.808594 0.182812 0.832031
2 0.006250 0.812500 0.042188 0.787109 0.098437 0.886719 0.050000 0.912109
1 0.206250 0.523438 0.237500 0.501953 0.279687 0.576172 0.243750 0.599609
1 0.157812 0.537109 0.179688 0.517578 0.235937 0.576172 0.200000 0.603516
1 0.200000 0.416016 0.231250 0.398438 0.276562 0.457031 0.242188 0.482422
1 0.151562 0.427734 0.187500 0.410156 0.243750 0.490234 0.196875 0.517578
1 0.110937 0.460938 0.135937 0.443359 0.184375 0.507812 0.157812 0.531250
1 0.070312 0.478516 0.107813 0.458984 0.157812 0.539062 0.115625 0.562500
1 0.031250 0.500000 0.068750 0.480469 0.112500 0.558594 0.070312 0.583984
1 0.070312 0.582031 0.114062 0.550781 0.164062 0.644531 0.118750 0.675781
1 0.010937 0.617188 0.057813 0.587891 0.109375 0.679688 0.059375 0.707031
0 0.854688 0.343750 0.879687 0.320312 0.935937 0.380859 0.909375 0.394531
