0 0.946875 0.839844 0.982812 0.837891 0.987500 0.933594 0.951562 0.937500
0 0.000000 0.953125 0.067187 0.957031 0.062500 1.000000 0.000000 1.000000
0 0.771875 0.058594 0.850000 0.058594 0.846875 0.107422 0.775000 0.109375
0 0.012500 0.791016 0.104688 0.791016 0.103125 0.832031 0.012500 0.832031
0 0.321875 0.779297 0.354687 0.769531 0.360938 0.855469 0.328125 0.863281
0 0.376563 0.751953 0.412500 0.757812 0.412500 0.857422 0.373437 0.855469
0 0.432812 0.759766 0.467187 0.761719 0.462500 0.863281 0.431250 0.867188
0 0.512500 0.765625 0.550000 0.765625 0.546875 0.873047 0.507812 0.871094
0 0.620313 0.763672 0.653125 0.763672 0.653125 0.871094 0.620313 0.869141
0 0.682813 0.775391 0.721875 0.775391 0.726562 0.890625 0.685937 0.890625
0 0.768750 0.785156 0.800000 0.785156 0.806250 0.886719 0.776563 0.890625
3 0.417187 0.001953 0.612500 0.000000 0.615625 0.082031 0.420312 0.083984
