0 0.042188 0.101562 0.129688 0.046875 0.148438 0.093750 0.057813 0.146484
0 0.635938 0.224609 0.735938 0.207031 0.745313 0.257812 0.645312 0.279297
0 0.609375 0.173828 0.703125 0.125000 0.721875 0.171875 0.625000 0.220703
0 0.557813 0.042969 0.651563 0.003906 0.673438 0.048828 0.576562 0.095703
0 0.818750 0.728516 0.906250 0.675781 0.931250 0.718750 0.839063 0.773438
0 0.884375 0.898438 0.989062 0.855469 1.000000 0.898438 0.906250 0.955078
0 0.504687 0.972656 0.595313 0.910156 0.617188 0.964844 0.529687 1.000000
0 0.351562 0.751953 0.448437 0.701172 0.464062 0.751953 0.364063 0.792969
0 0.367188 0.664062 0.468750 0.603516 0.484375 0.646484 0.389062 0.707031
4 0.593750 0.115234 0.687500 0.068359 0.700000 0.107422 0.609375 0.152344
4 0.643750 0.474609 0.723437 0.447266 0.737500 0.490234 0.653125 0.515625
2 0.489063 0.005859 0.529687 0.000000 0.575000 0.109375 0.534375 0.130859
0 0.326562 0.605469 0.421875 0.535156 0.445312 0.582031 0.346875 0.648438
0 0.256250 0.156250 0.345313 0.107422 0.362500 0.150391 0.275000 0.207031
0 0.181250 0.074219 0.281250 0.025391 0.300000 0.072266 0.204687 0.123047
0 0.134375 0.199219 0.218750 0.136719 0.243750 0.179688 0.153125 0.242188
0 0.000000 0.000000 0.012500 0.000000 0.051562 0.058594 0.017188 0.080078
