0 0.121875 0.035156 0.146875 0.025391 0.167187 0.089844 0.140625 0.097656
0 0.162500 0.085938 0.187500 0.078125 0.196875 0.134766 0.171875 0.138672
0 0.134375 0.000000 0.164062 0.000000 0.181250 0.035156 0.150000 0.039062
0 0.312500 0.130859 0.340625 0.125000 0.353125 0.179688 0.325000 0.183594
0 0.693750 0.023438 0.712500 0.013672 0.726562 0.062500 0.707812 0.070312
0 0.720313 0.019531 0.739062 0.013672 0.759375 0.056641 0.735938 0.062500
0 0.742188 0.015625 0.764062 0.009766 0.782813 0.050781 0.765625 0.058594
0 0.798438 0.000000 0.820312 0.000000 0.840625 0.037109 0.818750 0.044922
0 0.185938 0.263672 0.212500 0.263672 0.220312 0.328125 0.193750 0.332031
0 0.173437 0.195312 0.196875 0.191406 0.206250 0.253906 0.181250 0.259766
0 0.140625 0.121094 0.165625 0.121094 0.176563 0.179688 0.153125 0.185547
0 0.165625 0.140625 0.192188 0.130859 0.204687 0.185547 0.175000 0.193359
