4 0.764062 0.593750 0.792188 0.601562 0.781250 0.673828 0.750000 0.662109
4 0.839063 0.375000 0.904687 0.375000 0.904687 0.429688 0.839063 0.429688
0 0.823438 0.322266 0.846875 0.333984 0.834375 0.394531 0.812500 0.386719
0 0.375000 0.527344 0.401562 0.517578 0.412500 0.572266 0.385937 0.583984
0 0.226562 0.912109 0.253125 0.902344 0.264062 0.957031 0.237500 0.968750
0 0.364063 0.554688 0.403125 0.601562 0.385937 0.623047 0.353125 0.576172
0 0.357812 0.603516 0.396875 0.650391 0.379688 0.671875 0.346875 0.625000
0 0.692187 0.902344 0.717187 0.908203 0.704688 0.976562 0.678125 0.968750
0 0.298438 0.716797 0.337500 0.763672 0.320312 0.785156 0.287500 0.738281
0 0.273438 0.751953 0.312500 0.798828 0.295312 0.820312 0.262500 0.773438
0 0.210938 0.939453 0.250000 0.986328 0.232813 1.000000 0.200000 0.960938
0 0.342187 0.425781 0.362500 0.435547 0.332813 0.500000 0.315625 0.488281
0 0.371875 0.371094 0.392188 0.388672 0.362500 0.445312 0.345313 0.433594
0 0.264062 0.566406 0.284375 0.576172 0.254688 0.640625 0.237500 0.628906
0 0.334375 0.037109 0.381250 0.003906 0.395313 0.031250 0.350000 0.060547
0 0.346875 0.058594 0.393750 0.025391 0.407813 0.052734 0.362500 0.082031
0 0.354687 0.091797 0.401562 0.058594 0.415625 0.085938 0.370312 0.115234
0 0.367188 0.121094 0.414062 0.087891 0.428125 0.115234 0.382812 0.144531
0 0.376563 0.201172 0.414062 0.169922 0.429688 0.195312 0.385937 0.224609
0 0.506250 0.097656 0.528125 0.107422 0.510938 0.154297 0.492188 0.144531
0 0.534375 0.046875 0.556250 0.056641 0.539062 0.103516 0.520312 0.093750
0 0.493750 0.154297 0.515625 0.164062 0.498437 0.210938 0.479687 0.201172
0 0.470313 0.214844 0.492188 0.224609 0.475000 0.271484 0.456250 0.261719
0 0.878125 0.121094 0.898438 0.128906 0.887500 0.175781 0.865625 0.166016
0 0.045312 0.197266 0.065625 0.208984 0.037500 0.271484 0.017188 0.259766
0 0.009375 0.191406 0.029687 0.199219 0.006250 0.250000 0.000000 0.238281
0 0.395313 0.238281 0.420312 0.244141 0.406250 0.304688 0.379688 0.294922
0 0.865625 0.177734 0.887500 0.183594 0.878125 0.234375 0.853125 0.224609
4 0.825000 0.457031 0.881250 0.470703 0.876563 0.507812 0.820312 0.492188
0 0.787500 0.501953 0.817187 0.511719 0.803125 0.578125 0.770312 0.570312
