0 0.375000 0.207031 0.415625 0.185547 0.479687 0.269531 0.442188 0.298828
0 0.329688 0.234375 0.370312 0.212891 0.434375 0.296875 0.396875 0.326172
0 0.278125 0.267578 0.317188 0.234375 0.389062 0.322266 0.350000 0.355469
0 0.235937 0.289062 0.273438 0.257812 0.340625 0.347656 0.301563 0.380859
0 0.400000 0.121094 0.475000 0.064453 0.503125 0.099609 0.428125 0.154297
0 0.751563 0.236328 0.787500 0.207031 0.860938 0.275391 0.825000 0.310547
0 0.704688 0.265625 0.745313 0.234375 0.810937 0.310547 0.767188 0.341797
0 0.668750 0.289062 0.709375 0.257812 0.775000 0.333984 0.731250 0.365234
0 0.615625 0.324219 0.656250 0.292969 0.725000 0.375000 0.682813 0.406250
0 0.571875 0.353516 0.612500 0.322266 0.681250 0.404297 0.639062 0.435547
0 0.531250 0.378906 0.571875 0.347656 0.640625 0.429688 0.598437 0.460938
0 0.481250 0.406250 0.521875 0.375000 0.590625 0.457031 0.548438 0.488281
0 0.434375 0.437500 0.475000 0.406250 0.542188 0.482422 0.501563 0.519531
0 0.215625 0.695312 0.245312 0.675781 0.292187 0.744141 0.262500 0.771484
0 0.381250 0.906250 0.412500 0.888672 0.457813 0.980469 0.418750 1.000000
0 0.846875 0.771484 0.923438 0.708984 0.948438 0.740234 0.876563 0.818359
0 0.750000 0.845703 0.829688 0.783203 0.857812 0.820312 0.784375 0.892578
0 0.509375 0.527344 0.548438 0.494141 0.618750 0.568359 0.570312 0.613281
0 0.557813 0.496094 0.596875 0.462891 0.671875 0.535156 0.628125 0.568359
0 0.604688 0.466797 0.643750 0.433594 0.718750 0.505859 0.675000 0.539062
0 0.651563 0.439453 0.690625 0.406250 0.768750 0.476562 0.726562 0.507812
0 0.692187 0.402344 0.731250 0.369141 0.809375 0.439453 0.767188 0.470703
0 0.740625 0.371094 0.779687 0.337891 0.850000 0.406250 0.815625 0.439453
0 0.787500 0.343750 0.826562 0.310547 0.896875 0.378906 0.862500 0.412109
0 0.832812 0.312500 0.865625 0.277344 0.935937 0.347656 0.907813 0.380859
0 0.910937 0.136719 0.948438 0.101562 1.000000 0.167969 0.985938 0.205078
0 0.867188 0.166016 0.904687 0.130859 0.979688 0.197266 0.942187 0.234375
0 0.640625 0.052734 0.675000 0.029297 0.743750 0.105469 0.709375 0.132812
0 0.715625 0.005859 0.756250 0.000000 0.826562 0.054688 0.781250 0.089844
0 0.600000 0.076172 0.640625 0.054688 0.704688 0.138672 0.667188 0.167969
0 0.559375 0.101562 0.600000 0.080078 0.664062 0.164062 0.626563 0.193359
0 0.512500 0.125000 0.553125 0.103516 0.617188 0.187500 0.579688 0.216797
0 0.465625 0.150391 0.506250 0.128906 0.570312 0.212891 0.532813 0.242188
0 0.421875 0.179688 0.462500 0.158203 0.526563 0.242188 0.489063 0.271484
