0 0.623437 0.843750 0.682813 0.880859 0.665625 0.912109 0.609375 0.873047
0 0.696875 0.462891 0.725000 0.464844 0.728125 0.546875 0.700000 0.546875
0 0.715625 0.613281 0.743750 0.615234 0.746875 0.697266 0.718750 0.697266
0 0.721875 0.724609 0.750000 0.726562 0.753125 0.808594 0.725000 0.808594
0 0.745313 0.927734 0.773438 0.929688 0.776563 1.000000 0.748437 1.000000
0 0.303125 0.123047 0.353125 0.109375 0.360938 0.136719 0.307812 0.150391
0 0.439063 0.025391 0.485938 0.042969 0.482812 0.068359 0.426563 0.050781
0 0.642188 0.632812 0.668750 0.636719 0.667188 0.689453 0.635938 0.693359
0 0.634375 0.900391 0.693750 0.937500 0.676562 0.968750 0.620313 0.929688
0 0.618750 0.798828 0.678125 0.835938 0.660937 0.867188 0.604688 0.828125
0 0.617188 0.734375 0.676562 0.771484 0.659375 0.802734 0.603125 0.763672
0 0.618750 0.681641 0.678125 0.718750 0.660937 0.750000 0.604688 0.710938
0 0.635938 0.560547 0.662500 0.564453 0.660937 0.617188 0.629687 0.621094
0 0.628125 0.480469 0.654687 0.484375 0.653125 0.537109 0.621875 0.541016
0 0.226562 0.664062 0.270313 0.693359 0.253125 0.732422 0.207813 0.695312
0 0.248438 0.480469 0.292187 0.509766 0.275000 0.548828 0.229687 0.511719
