0 0.475000 0.058594 0.518750 0.007812 0.545312 0.021484 0.496875 0.080078
0 0.015625 0.000000 0.045312 0.007812 0.000000 0.062500 0.000000 0.033203
0 0.909375 0.009766 0.923438 0.000000 0.985938 0.015625 0.968750 0.044922
0 0.745313 0.000000 0.779687 0.000000 0.746875 0.050781 0.717187 0.035156
0 0.790625 0.000000 0.818750 0.000000 0.792188 0.066406 0.759375 0.046875
0 0.793750 0.056641 0.831250 0.013672 0.854688 0.035156 0.817187 0.082031
0 0.840625 0.080078 0.879687 0.035156 0.896875 0.054688 0.862500 0.099609
0 0.909375 0.050781 0.934375 0.068359 0.904687 0.126953 0.873437 0.103516
0 0.942187 0.074219 0.968750 0.089844 0.937500 0.144531 0.912500 0.128906
0 0.985938 0.089844 1.000000 0.097656 0.975000 0.167969 0.953125 0.152344
0 0.440625 0.044922 0.481250 0.000000 0.506250 0.001953 0.468750 0.058594
0 0.504687 0.066406 0.556250 0.021484 0.582812 0.042969 0.531250 0.093750
0 0.592187 0.039062 0.618750 0.058594 0.578125 0.113281 0.550000 0.093750
0 0.582812 0.103516 0.631250 0.056641 0.653125 0.080078 0.606250 0.130859
0 0.615625 0.125000 0.665625 0.076172 0.693750 0.103516 0.648438 0.152344
0 0.706250 0.097656 0.731250 0.121094 0.695312 0.179688 0.668750 0.146484
0 0.750000 0.119141 0.775000 0.134766 0.734375 0.197266 0.710938 0.183594
0 0.790625 0.144531 0.817187 0.158203 0.782813 0.214844 0.757812 0.193359
0 0.825000 0.152344 0.850000 0.179688 0.818750 0.236328 0.790625 0.214844
0 0.868750 0.181641 0.893750 0.189453 0.859375 0.255859 0.840625 0.240234
0 0.909375 0.208984 0.935937 0.222656 0.900000 0.285156 0.871875 0.261719
0 0.948438 0.224609 0.975000 0.238281 0.942187 0.302734 0.914062 0.285156
0 0.989062 0.250000 1.000000 0.261719 0.973437 0.326172 0.954688 0.306641
0 0.434375 0.964844 0.495312 1.000000 0.482812 1.000000 0.418750 0.994141
0 0.250000 0.025391 0.298438 0.000000 0.318750 0.000000 0.268750 0.037109
0 0.284375 0.035156 0.326562 0.000000 0.350000 0.009766 0.303125 0.056641
0 0.307812 0.062500 0.356250 0.009766 0.381250 0.027344 0.329688 0.080078
0 0.339062 0.078125 0.389062 0.023438 0.415625 0.037109 0.375000 0.095703
0 0.417187 0.039062 0.451562 0.060547 0.410938 0.113281 0.382812 0.095703
0 0.421875 0.103516 0.467187 0.048828 0.498437 0.076172 0.442188 0.123047
0 0.446875 0.130859 0.495312 0.080078 0.523438 0.097656 0.475000 0.146484
0 0.489063 0.144531 0.540625 0.099609 0.564063 0.126953 0.517188 0.167969
0 0.570312 0.117188 0.601562 0.134766 0.556250 0.189453 0.532813 0.175781
0 0.578125 0.195312 0.625000 0.144531 0.648438 0.167969 0.600000 0.214844
0 0.615625 0.214844 0.659375 0.166016 0.681250 0.183594 0.643750 0.240234
0 0.695312 0.179688 0.720313 0.203125 0.671875 0.261719 0.651563 0.238281
0 0.731250 0.197266 0.760938 0.214844 0.710938 0.283203 0.687500 0.263672
0 0.765625 0.222656 0.795312 0.244141 0.754687 0.300781 0.726562 0.279297
0 0.817187 0.244141 0.846875 0.267578 0.800000 0.330078 0.775000 0.308594
0 0.860938 0.267578 0.885938 0.289062 0.843750 0.347656 0.818750 0.326172
0 0.896875 0.287109 0.934375 0.310547 0.887500 0.388672 0.848437 0.359375
0 0.954688 0.320312 0.981250 0.341797 0.937500 0.400391 0.909375 0.380859
0 0.985938 0.341797 1.000000 0.363281 0.981250 0.419922 0.954688 0.402344
0 0.009375 0.054688 0.064062 0.003906 0.081250 0.025391 0.026562 0.072266
0 0.028125 0.078125 0.085938 0.025391 0.107813 0.044922 0.053125 0.107422
0 0.065625 0.093750 0.112500 0.044922 0.139063 0.060547 0.087500 0.119141
0 0.090625 0.111328 0.148438 0.060547 0.167187 0.082031 0.112500 0.136719
0 0.128125 0.126953 0.185938 0.080078 0.206250 0.105469 0.148438 0.158203
0 0.167187 0.144531 0.212500 0.097656 0.234375 0.115234 0.187500 0.162109
0 0.195312 0.160156 0.243750 0.111328 0.265625 0.136719 0.212500 0.187500
0 0.229687 0.187500 0.271875 0.136719 0.296875 0.167969 0.245312 0.210938
0 0.262500 0.210938 0.317188 0.156250 0.339062 0.177734 0.287500 0.238281
0 0.306250 0.216797 0.354687 0.173828 0.375000 0.191406 0.325000 0.240234
0 0.340625 0.238281 0.385937 0.191406 0.412500 0.212891 0.359375 0.263672
0 0.423438 0.208984 0.448437 0.226562 0.395313 0.291016 0.376563 0.267578
0 0.462500 0.224609 0.487500 0.248047 0.431250 0.314453 0.412500 0.291016
0 0.500000 0.265625 0.525000 0.279297 0.468750 0.339844 0.456250 0.322266
0 0.495312 0.345703 0.546875 0.285156 0.575000 0.304688 0.523438 0.369141
0 0.581250 0.308594 0.612500 0.333984 0.556250 0.392578 0.535937 0.367188
0 0.621875 0.335938 0.653125 0.357422 0.614062 0.425781 0.581250 0.396484
0 0.665625 0.357422 0.696875 0.378906 0.651563 0.447266 0.618750 0.417969
0 0.714063 0.376953 0.745313 0.398438 0.693750 0.472656 0.665625 0.447266
0 0.709375 0.474609 0.767188 0.406250 0.793750 0.425781 0.740625 0.501953
0 0.796875 0.439453 0.823438 0.455078 0.778125 0.525391 0.751563 0.505859
0 0.854688 0.457031 0.879687 0.484375 0.825000 0.556641 0.798438 0.533203
0 0.893750 0.482422 0.926562 0.503906 0.870313 0.587891 0.845313 0.566406
0 0.940625 0.513672 0.968750 0.531250 0.925000 0.603516 0.898438 0.582031
0 0.989062 0.548828 1.000000 0.564453 0.981250 0.642578 0.946875 0.617188
0 0.014063 0.080078 0.037500 0.103516 0.000000 0.144531 0.000000 0.119141
0 0.000000 0.148438 0.053125 0.103516 0.070312 0.126953 0.018750 0.171875
0 0.031250 0.167969 0.084375 0.121094 0.106250 0.144531 0.054688 0.195312
0 0.065625 0.191406 0.114062 0.132812 0.140625 0.152344 0.084375 0.216797
0 0.095312 0.195312 0.146875 0.144531 0.175000 0.175781 0.123438 0.234375
0 0.131250 0.222656 0.182812 0.167969 0.206250 0.191406 0.153125 0.246094
0 0.159375 0.244141 0.206250 0.191406 0.231250 0.222656 0.184375 0.269531
0 0.200000 0.275391 0.254688 0.210938 0.281250 0.246094 0.229687 0.302734
0 0.250000 0.281250 0.306250 0.224609 0.335938 0.253906 0.275000 0.316406
0 0.329688 0.255859 0.359375 0.281250 0.309375 0.347656 0.282813 0.320312
0 0.367188 0.275391 0.393750 0.304688 0.346875 0.369141 0.315625 0.339844
0 0.350000 0.363281 0.406250 0.300781 0.431250 0.324219 0.376563 0.392578
0 0.443750 0.312500 0.476562 0.351562 0.423438 0.412109 0.390625 0.380859
0 0.489063 0.343750 0.520312 0.365234 0.462500 0.435547 0.437500 0.417969
0 0.528125 0.369141 0.551562 0.388672 0.500000 0.470703 0.470313 0.447266
0 0.562500 0.386719 0.595313 0.425781 0.551562 0.509766 0.512500 0.472656
0 0.607812 0.433594 0.635938 0.449219 0.598437 0.527344 0.562500 0.503906
0 0.656250 0.449219 0.682813 0.474609 0.634375 0.554688 0.606250 0.527344
0 0.696875 0.478516 0.725000 0.503906 0.679688 0.583984 0.648438 0.556641
0 0.745313 0.503906 0.775000 0.527344 0.726562 0.609375 0.693750 0.587891
0 0.782813 0.529297 0.818750 0.556641 0.768750 0.644531 0.731250 0.613281
0 0.832812 0.562500 0.871875 0.583984 0.829688 0.675781 0.782813 0.650391
0 0.890625 0.583984 0.926562 0.609375 0.887500 0.707031 0.848437 0.681641
0 0.937500 0.621094 0.973437 0.640625 0.932813 0.738281 0.890625 0.714844
0 0.989062 0.646484 1.000000 0.667969 0.968750 0.773438 0.943750 0.748047
0 0.012500 0.269531 0.034375 0.287109 0.000000 0.351562 0.000000 0.316406
0 0.001563 0.341797 0.051562 0.291016 0.076563 0.316406 0.018750 0.378906
0 0.037500 0.371094 0.090625 0.320312 0.115625 0.339844 0.062500 0.402344
0 0.070312 0.406250 0.125000 0.339844 0.145313 0.367188 0.093750 0.431641
0 0.165625 0.361328 0.187500 0.375000 0.148438 0.449219 0.115625 0.425781
0 0.132812 0.458984 0.206250 0.376953 0.235937 0.412109 0.168750 0.486328
0 0.179688 0.480469 0.239063 0.414062 0.260937 0.449219 0.206250 0.511719
0 0.215625 0.513672 0.278125 0.445312 0.300000 0.468750 0.245312 0.546875
0 0.312500 0.472656 0.343750 0.496094 0.293750 0.568359 0.259375 0.541016
0 0.359375 0.484375 0.395313 0.511719 0.340625 0.595703 0.301563 0.570312
0 0.412500 0.519531 0.440625 0.550781 0.385937 0.621094 0.350000 0.597656
0 0.446875 0.548828 0.485938 0.574219 0.426563 0.652344 0.389062 0.626953
0 0.487500 0.585938 0.515625 0.609375 0.465625 0.687500 0.429688 0.666016
0 0.537500 0.605469 0.575000 0.636719 0.512500 0.714844 0.478125 0.683594
0 0.579688 0.644531 0.609375 0.669922 0.559375 0.755859 0.520312 0.724609
0 0.626563 0.673828 0.664062 0.697266 0.612500 0.791016 0.565625 0.753906
0 0.678125 0.705078 0.710938 0.726562 0.662500 0.812500 0.623437 0.792969
0 0.732812 0.738281 0.768750 0.765625 0.717187 0.855469 0.682813 0.828125
0 0.776563 0.777344 0.809375 0.796875 0.767188 0.886719 0.725000 0.863281
0 0.831250 0.798828 0.860938 0.814453 0.814063 0.908203 0.781250 0.886719
0 0.882812 0.830078 0.918750 0.853516 0.870313 0.943359 0.832812 0.921875
0 0.932813 0.871094 0.975000 0.894531 0.921875 0.992188 0.881250 0.960938
0 0.982812 0.912109 1.000000 0.933594 0.968750 1.000000 0.935937 1.000000
0 0.021875 0.378906 0.043750 0.404297 0.000000 0.466797 0.000000 0.445312
0 0.040625 0.410156 0.068750 0.443359 0.025000 0.501953 0.000000 0.464844
0 0.085938 0.429688 0.114062 0.457031 0.050000 0.533203 0.031250 0.500000
0 0.064062 0.531250 0.126562 0.462891 0.154688 0.496094 0.085938 0.564453
0 0.168750 0.486328 0.198437 0.511719 0.139063 0.597656 0.112500 0.566406
0 0.206250 0.507812 0.237500 0.542969 0.175000 0.625000 0.143750 0.587891
0 0.245312 0.548828 0.279687 0.578125 0.212500 0.660156 0.187500 0.632812
0 0.290625 0.572266 0.325000 0.605469 0.267188 0.677734 0.232813 0.646484
0 0.279687 0.673828 0.340625 0.603516 0.370312 0.640625 0.306250 0.714844
0 0.379688 0.636719 0.410938 0.662109 0.354687 0.738281 0.326562 0.712891
0 0.417187 0.667969 0.456250 0.699219 0.400000 0.779297 0.365625 0.751953
0 0.475000 0.707031 0.504687 0.730469 0.448437 0.818359 0.414062 0.791016
0 0.518750 0.732422 0.550000 0.763672 0.489063 0.855469 0.462500 0.820312
0 0.557813 0.759766 0.600000 0.785156 0.539062 0.884766 0.504687 0.855469
0 0.617188 0.802734 0.651563 0.835938 0.585938 0.919922 0.556250 0.884766
0 0.667188 0.830078 0.698438 0.855469 0.640625 0.951172 0.601562 0.917969
0 0.712500 0.867188 0.753125 0.894531 0.698438 1.000000 0.651563 0.970703
0 0.760938 0.908203 0.790625 0.937500 0.737500 1.000000 0.706250 1.000000
0 0.764062 1.000000 0.817187 0.937500 0.850000 0.962891 0.800000 1.000000
0 0.007812 0.625000 0.073438 0.687500 0.051562 0.724609 0.000000 0.656250
0 0.100000 0.699219 0.176563 0.761719 0.154688 0.802734 0.076563 0.738281
0 0.198437 0.783203 0.275000 0.849609 0.250000 0.882812 0.175000 0.816406
0 0.312500 0.865234 0.403125 0.943359 0.376563 0.976562 0.285938 0.906250
