0 0.656250 0.919922 0.689063 0.935547 0.665625 1.000000 0.629687 1.000000
0 0.860938 0.148438 0.879687 0.128906 0.915625 0.166016 0.896875 0.187500
0 0.035937 0.158203 0.056250 0.150391 0.070312 0.197266 0.048438 0.205078
0 0.006250 0.142578 0.032813 0.187500 0.012500 0.203125 0.000000 0.156250
0 0.125000 0.076172 0.179688 0.076172 0.179688 0.109375 0.125000 0.109375
0 0.100000 0.035156 0.121875 0.037109 0.110937 0.087891 0.087500 0.085938
0 0.070312 0.039062 0.090625 0.041016 0.084375 0.083984 0.062500 0.083984
0 0.043750 0.037109 0.065625 0.041016 0.053125 0.087891 0.031250 0.082031
0 0.017188 0.027344 0.035937 0.031250 0.025000 0.078125 0.007812 0.074219
0 0.007812 0.455078 0.070312 0.462891 0.065625 0.500000 0.003125 0.490234
0 0.696875 0.710938 0.726562 0.710938 0.726562 0.787109 0.696875 0.787109
0 0.740625 0.710938 0.768750 0.710938 0.768750 0.783203 0.740625 0.783203
0 0.753125 0.146484 0.770312 0.128906 0.804688 0.167969 0.784375 0.185547
0 0.617188 0.085938 0.650000 0.113281 0.634375 0.132812 0.604688 0.103516
0 0.665625 0.031250 0.684375 0.031250 0.684375 0.089844 0.665625 0.089844
0 0.589063 0.037109 0.609375 0.042969 0.596875 0.085938 0.575000 0.076172
0 0.567187 0.082031 0.587500 0.089844 0.571875 0.125000 0.553125 0.117188
0 0.479687 0.013672 0.529687 0.013672 0.529687 0.041016 0.479687 0.041016
4 0.504687 0.062500 0.534375 0.035156 0.551562 0.052734 0.523438 0.082031
4 0.584375 0.134766 0.626563 0.162109 0.614062 0.189453 0.568750 0.162109
0 0.520312 0.128906 0.540625 0.134766 0.529687 0.177734 0.507812 0.169922
0 0.489063 0.128906 0.507812 0.138672 0.487500 0.175781 0.468750 0.164062
0 0.404687 0.173828 0.418750 0.160156 0.450000 0.199219 0.435937 0.214844
0 0.064062 0.148438 0.087500 0.140625 0.106250 0.189453 0.084375 0.199219
0 0.090625 0.158203 0.110937 0.142578 0.135937 0.181641 0.115625 0.197266
0 0.206250 0.173828 0.225000 0.158203 0.254688 0.193359 0.239063 0.210938
0 0.246875 0.160156 0.270313 0.148438 0.289062 0.195312 0.270313 0.208984
4 0.218750 0.033203 0.240625 0.037109 0.229687 0.091797 0.207813 0.087891
0 0.248438 0.054688 0.268750 0.054688 0.268750 0.101562 0.248438 0.101562
0 0.262500 0.093750 0.312500 0.080078 0.320312 0.105469 0.268750 0.123047
0 0.287500 0.156250 0.306250 0.142578 0.328125 0.189453 0.312500 0.203125
0 0.325000 0.167969 0.345313 0.158203 0.373437 0.207031 0.353125 0.218750
0 0.356250 0.167969 0.375000 0.150391 0.407813 0.193359 0.389062 0.208984
0 0.420312 0.324219 0.479687 0.306641 0.482812 0.343750 0.426563 0.355469
