0 0.482812 0.007812 0.567187 0.015625 0.559375 0.064453 0.476562 0.054688
0 0.462500 0.732422 0.562500 0.779297 0.545312 0.828125 0.445312 0.781250
0 0.476562 0.679688 0.559375 0.693359 0.554688 0.742188 0.467187 0.722656
0 0.585938 0.632812 0.635938 0.640625 0.631250 0.781250 0.571875 0.781250
0 0.943750 0.587891 1.000000 0.585938 1.000000 0.648438 0.943750 0.648438
0 0.789062 0.890625 0.839063 0.892578 0.840625 1.000000 0.785937 1.000000
0 0.793750 0.730469 0.832812 0.732422 0.831250 0.859375 0.787500 0.851562
4 0.795312 0.523438 0.837500 0.523438 0.834375 0.630859 0.793750 0.632812
0 0.806250 0.384766 0.842187 0.388672 0.837500 0.476562 0.798438 0.470703
4 0.443750 0.279297 0.548438 0.281250 0.543750 0.328125 0.442188 0.328125
4 0.470313 0.210938 0.559375 0.212891 0.556250 0.265625 0.468750 0.257812
4 0.460938 0.148438 0.556250 0.148438 0.554688 0.195312 0.460938 0.195312
0 0.460938 0.078125 0.562500 0.085938 0.562500 0.132812 0.460938 0.125000
4 0.809375 0.078125 0.846875 0.074219 0.850000 0.173828 0.810937 0.171875
