0 0.078125 0.267578 0.146875 0.263672 0.148438 0.292969 0.081250 0.302734
0 0.000000 0.859375 0.039062 0.855469 0.040625 0.884766 0.000000 0.894531
0 0.000000 0.902344 0.048438 0.898438 0.050000 0.927734 0.000000 0.937500
0 0.000000 0.955078 0.026562 0.951172 0.028125 0.980469 0.000000 0.990234
0 0.700000 0.019531 0.746875 0.007812 0.751563 0.041016 0.703125 0.050781
0 0.656250 0.970703 0.681250 0.966797 0.682813 1.000000 0.654687 1.000000
0 0.629687 0.013672 0.684375 0.013672 0.685937 0.058594 0.626563 0.052734
0 0.562500 0.017578 0.617188 0.017578 0.618750 0.062500 0.559375 0.056641
0 0.493750 0.021484 0.548438 0.021484 0.550000 0.066406 0.490625 0.060547
0 0.775000 0.000000 0.829688 0.000000 0.831250 0.042969 0.771875 0.037109
0 0.648438 0.845703 0.673438 0.841797 0.673438 0.906250 0.653125 0.906250
0 0.737500 0.845703 0.762500 0.841797 0.764062 0.896484 0.735938 0.898438
0 0.729688 0.751953 0.754687 0.748047 0.756250 0.802734 0.728125 0.804688
0 0.645312 0.757812 0.670312 0.753906 0.671875 0.808594 0.643750 0.810547
0 0.721875 0.611328 0.746875 0.607422 0.748437 0.662109 0.720313 0.664062
0 0.632812 0.550781 0.657813 0.546875 0.659375 0.601562 0.631250 0.603516
0 0.631250 0.439453 0.656250 0.435547 0.656250 0.480469 0.629687 0.492188
0 0.640625 0.636719 0.665625 0.632812 0.667188 0.687500 0.639062 0.689453
0 0.840625 0.000000 0.895312 0.000000 0.896875 0.039062 0.837500 0.033203
0 0.778125 0.333984 0.804688 0.332031 0.814063 0.378906 0.787500 0.382812
0 0.734375 0.175781 0.756250 0.173828 0.764062 0.222656 0.739062 0.222656
0 0.757812 0.097656 0.779687 0.095703 0.787500 0.144531 0.762500 0.144531
0 0.789062 0.093750 0.810937 0.091797 0.818750 0.140625 0.793750 0.140625
0 0.848437 0.181641 0.914062 0.175781 0.915625 0.203125 0.850000 0.208984
0 0.846875 0.212891 0.912500 0.207031 0.914062 0.234375 0.848437 0.240234
0 0.845313 0.244141 0.910937 0.238281 0.912500 0.265625 0.846875 0.271484
0 0.846875 0.281250 0.912500 0.275391 0.914062 0.302734 0.848437 0.308594
0 0.857812 0.318359 0.923438 0.312500 0.925000 0.339844 0.859375 0.345703
0 0.789062 0.427734 0.814063 0.427734 0.818750 0.476562 0.795312 0.484375
0 0.006250 0.738281 0.075000 0.734375 0.076563 0.763672 0.009375 0.773438
0 0.017188 0.650391 0.085938 0.646484 0.087500 0.675781 0.020313 0.685547
0 0.020313 0.613281 0.089063 0.609375 0.090625 0.638672 0.023438 0.648438
0 0.025000 0.574219 0.093750 0.570312 0.095312 0.599609 0.028125 0.609375
0 0.032813 0.529297 0.101562 0.525391 0.103125 0.554688 0.035937 0.564453
0 0.045312 0.498047 0.114062 0.494141 0.115625 0.523438 0.048438 0.533203
0 0.042188 0.466797 0.110937 0.462891 0.112500 0.492188 0.045312 0.501953
0 0.060937 0.435547 0.129688 0.431641 0.131250 0.460938 0.064062 0.470703
0 0.065625 0.400391 0.134375 0.396484 0.135937 0.425781 0.068750 0.435547
0 0.062500 0.367188 0.131250 0.363281 0.132812 0.392578 0.065625 0.402344
0 0.068750 0.333984 0.137500 0.330078 0.139063 0.359375 0.071875 0.369141
0 0.071875 0.300781 0.140625 0.296875 0.142187 0.326172 0.075000 0.335938
