0 0.593750 0.677734 0.646875 0.679688 0.650000 0.828125 0.593750 0.828125
0 0.595313 0.863281 0.643750 0.861328 0.650000 0.998047 0.600000 0.998047
0 0.171875 0.312500 0.217188 0.312500 0.218750 0.429688 0.168750 0.433594
0 0.178125 0.169922 0.231250 0.169922 0.229687 0.296875 0.178125 0.298828
0 0.193750 0.001953 0.239063 0.007812 0.237500 0.125000 0.189062 0.125000
0 0.171875 0.457031 0.217188 0.460938 0.220312 0.587891 0.170313 0.593750
0 0.162500 0.607422 0.214062 0.609375 0.207813 0.765625 0.156250 0.765625
0 0.159375 0.796875 0.206250 0.804688 0.189062 0.980469 0.140625 0.976562
0 0.575000 0.210938 0.618750 0.208984 0.625000 0.320312 0.581250 0.326172
0 0.581250 0.351562 0.625000 0.349609 0.631250 0.486328 0.581250 0.492188
0 0.582812 0.505859 0.637500 0.505859 0.642188 0.650391 0.587500 0.650391
