0 0.464062 0.791016 0.498437 0.791016 0.495312 0.859375 0.467187 0.859375
0 0.690625 0.796875 0.725000 0.796875 0.728125 0.871094 0.698438 0.873047
0 0.929688 0.531250 1.000000 0.531250 1.000000 0.574219 0.929688 0.572266
0 0.735938 0.792969 0.767188 0.791016 0.770312 0.865234 0.739062 0.865234
4 0.081250 0.042969 0.106250 0.042969 0.098437 0.105469 0.070312 0.105469
0 0.970313 0.816406 0.992188 0.814453 0.995313 0.878906 0.975000 0.880859
0 0.885938 0.800781 0.918750 0.798828 0.920312 0.875000 0.890625 0.876953
0 0.776563 0.787109 0.807813 0.787109 0.809375 0.855469 0.781250 0.855469
0 0.290625 0.791016 0.323437 0.792969 0.321875 0.869141 0.290625 0.869141
0 0.612500 0.787109 0.640625 0.789062 0.639062 0.859375 0.612500 0.859375
0 0.840625 0.785156 0.871875 0.785156 0.876563 0.843750 0.846875 0.845703
0 0.931250 0.806641 0.965625 0.806641 0.965625 0.880859 0.935937 0.880859
0 0.651563 0.791016 0.687500 0.791016 0.685937 0.871094 0.654687 0.871094
0 0.565625 0.789062 0.596875 0.787109 0.600000 0.861328 0.571875 0.863281
0 0.518750 0.787109 0.550000 0.787109 0.551562 0.863281 0.520312 0.863281
0 0.104688 0.779297 0.135937 0.779297 0.135937 0.859375 0.101562 0.861328
0 0.143750 0.777344 0.179688 0.779297 0.178125 0.859375 0.143750 0.859375
0 0.242188 0.796875 0.278125 0.796875 0.270313 0.871094 0.240625 0.873047
0 0.334375 0.791016 0.367188 0.791016 0.364063 0.861328 0.334375 0.861328
0 0.371875 0.789062 0.403125 0.789062 0.396875 0.865234 0.368750 0.865234
0 0.418750 0.794922 0.446875 0.794922 0.442188 0.863281 0.417187 0.865234
