2 0.534375 0.320312 0.687500 0.173828 0.718750 0.214844 0.573438 0.367188
0 0.234375 0.611328 0.303125 0.564453 0.325000 0.599609 0.254688 0.654297
0 0.192188 0.556641 0.259375 0.513672 0.285938 0.554688 0.209375 0.595703
0 0.139063 0.496094 0.200000 0.439453 0.223438 0.476562 0.164062 0.531250
0 0.176563 0.337891 0.201563 0.314453 0.245312 0.365234 0.212500 0.388672
0 0.207813 0.308594 0.239063 0.281250 0.281250 0.339844 0.251563 0.363281
0 0.256250 0.289062 0.284375 0.267578 0.323437 0.326172 0.298438 0.347656
0 0.526563 0.468750 0.601562 0.472656 0.604688 0.515625 0.523438 0.513672
0 0.501563 0.433594 0.553125 0.400391 0.568750 0.423828 0.517188 0.470703
0 0.456250 0.404297 0.510938 0.371094 0.534375 0.404297 0.475000 0.439453
0 0.420312 0.388672 0.470313 0.343750 0.498437 0.371094 0.442188 0.416016
0 0.359375 0.320312 0.418750 0.279297 0.442188 0.310547 0.385937 0.353516
0 0.334375 0.292969 0.385937 0.248047 0.414062 0.275391 0.353125 0.324219
0 0.425000 0.222656 0.451562 0.197266 0.500000 0.257812 0.473438 0.275391
0 0.451562 0.201172 0.473438 0.173828 0.523438 0.228516 0.495312 0.250000
0 0.476562 0.183594 0.503125 0.158203 0.551562 0.203125 0.529687 0.232422
0 0.504687 0.162109 0.535937 0.134766 0.585938 0.183594 0.559375 0.212891
2 0.717187 0.000000 0.770312 0.000000 0.854688 0.041016 0.815625 0.076172
2 0.675000 0.007812 0.720313 0.000000 0.826562 0.076172 0.784375 0.113281
2 0.579688 0.044922 0.617188 0.007812 0.735938 0.115234 0.703125 0.160156
2 0.540625 0.111328 0.576562 0.078125 0.648438 0.156250 0.626563 0.191406
2 0.742188 0.287109 0.882812 0.146484 0.923438 0.199219 0.787500 0.341797
2 0.489063 0.291016 0.626563 0.160156 0.673438 0.201172 0.531250 0.341797
2 0.570312 0.355469 0.728125 0.201172 0.771875 0.248047 0.610938 0.402344
2 0.595313 0.398438 0.748437 0.257812 0.793750 0.324219 0.650000 0.455078
