0 0.128125 0.060547 0.196875 0.000000 0.235937 0.000000 0.165625 0.101562
0 1.000000 0.800781 1.000000 0.847656 0.960938 0.951172 0.920312 0.902344
0 0.848437 0.830078 0.960938 0.724609 0.992188 0.771484 0.885938 0.878906
0 0.657813 0.619141 0.781250 0.556641 0.809375 0.619141 0.679688 0.683594
4 0.653125 0.478516 0.684375 0.511719 0.618750 0.613281 0.587500 0.572266
4 0.618750 0.402344 0.651563 0.447266 0.571875 0.556641 0.531250 0.515625
4 0.553125 0.341797 0.590625 0.382812 0.512500 0.498047 0.475000 0.457031
4 0.395313 0.337891 0.465625 0.255859 0.498437 0.294922 0.429688 0.378906
0 0.406250 0.560547 0.496875 0.652344 0.470313 0.707031 0.375000 0.607422
0 0.254688 0.460938 0.290625 0.417969 0.379688 0.521484 0.346875 0.568359
