0 0.684375 0.970703 0.760938 0.964844 0.762500 1.000000 0.687500 1.000000
4 0.887500 0.826172 0.953125 0.824219 0.959375 0.869141 0.887500 0.873047
0 0.884375 0.976562 0.971875 0.972656 0.970313 1.000000 0.887500 1.000000
0 0.878125 0.912109 0.953125 0.917969 0.950000 0.951172 0.881250 0.949219
0 0.876563 0.878906 0.954688 0.875000 0.956250 0.921875 0.876563 0.921875
0 0.692187 0.863281 0.764062 0.865234 0.762500 0.902344 0.687500 0.898438
0 0.870313 0.792969 0.931250 0.789062 0.932813 0.828125 0.870313 0.832031
0 0.853125 0.755859 0.926562 0.751953 0.929688 0.792969 0.853125 0.800781
0 0.842187 0.703125 0.917188 0.695312 0.920312 0.730469 0.845313 0.740234
0 0.850000 0.658203 0.923438 0.656250 0.925000 0.699219 0.853125 0.699219
0 0.665625 0.761719 0.739062 0.759766 0.737500 0.802734 0.665625 0.802734
0 0.668750 0.736328 0.756250 0.736328 0.757812 0.777344 0.668750 0.779297
0 0.662500 0.695312 0.732812 0.695312 0.731250 0.734375 0.662500 0.738281
0 0.843750 0.583984 0.918750 0.582031 0.918750 0.621094 0.846875 0.621094
0 0.825000 0.501953 0.901563 0.494141 0.901563 0.533203 0.825000 0.537109
0 0.823438 0.466797 0.889062 0.466797 0.893750 0.501953 0.826562 0.505859
0 0.653125 0.611328 0.712500 0.611328 0.707812 0.644531 0.651563 0.644531
4 0.664062 0.541016 0.721875 0.542969 0.723437 0.583984 0.664062 0.582031
0 0.654687 0.511719 0.735938 0.507812 0.732812 0.544922 0.654687 0.544922
0 0.656250 0.478516 0.726562 0.478516 0.726562 0.513672 0.656250 0.511719
0 0.818750 0.435547 0.890625 0.427734 0.893750 0.464844 0.821875 0.466797
0 0.806250 0.371094 0.870313 0.369141 0.881250 0.408203 0.807813 0.410156
0 0.646875 0.416016 0.715625 0.416016 0.712500 0.458984 0.646875 0.455078
0 0.645312 0.345703 0.706250 0.347656 0.706250 0.382812 0.646875 0.382812
0 0.643750 0.324219 0.706250 0.320312 0.707812 0.353516 0.645312 0.355469
0 0.629687 0.234375 0.701562 0.238281 0.703125 0.273438 0.631250 0.269531
0 0.798438 0.250000 0.854688 0.240234 0.856250 0.277344 0.796875 0.281250
0 0.792188 0.216797 0.854688 0.212891 0.854688 0.244141 0.792188 0.248047
0 0.782813 0.187500 0.854688 0.183594 0.853125 0.216797 0.784375 0.220703
0 0.631250 0.177734 0.700000 0.179688 0.700000 0.214844 0.632812 0.214844
0 0.289062 0.353516 0.357812 0.351562 0.357812 0.392578 0.285938 0.394531
0 0.298438 0.314453 0.360938 0.308594 0.360938 0.341797 0.296875 0.343750
0 0.293750 0.263672 0.364063 0.253906 0.364063 0.292969 0.295312 0.300781
0 0.298438 0.230469 0.368750 0.230469 0.370312 0.261719 0.298438 0.261719
0 0.304688 0.205078 0.370312 0.203125 0.370312 0.234375 0.304688 0.234375
0 0.289062 0.414062 0.353125 0.414062 0.354687 0.449219 0.285938 0.447266
0 0.292187 0.445312 0.351562 0.445312 0.351562 0.480469 0.292187 0.480469
0 0.284375 0.480469 0.354687 0.482422 0.351562 0.523438 0.282813 0.519531
0 0.276562 0.601562 0.343750 0.601562 0.346875 0.640625 0.276562 0.636719
0 0.273438 0.636719 0.339062 0.636719 0.339062 0.671875 0.273438 0.667969
0 0.278125 0.669922 0.339062 0.669922 0.335938 0.707031 0.275000 0.699219
0 0.268750 0.761719 0.335938 0.761719 0.335938 0.796875 0.270313 0.798828
0 0.264062 0.796875 0.339062 0.796875 0.335938 0.841797 0.267188 0.841797
0 0.253125 0.892578 0.331250 0.894531 0.332813 0.933594 0.251563 0.931641
0 0.256250 0.937500 0.317188 0.933594 0.321875 0.982422 0.257812 0.982422
0 0.062500 0.939453 0.117188 0.935547 0.115625 0.976562 0.060937 0.974609
0 0.062500 0.800781 0.142187 0.804688 0.145313 0.843750 0.057813 0.841797
0 0.068750 0.726562 0.140625 0.730469 0.142187 0.769531 0.067187 0.765625
0 0.081250 0.689453 0.151562 0.689453 0.148438 0.724609 0.078125 0.722656
0 0.109375 0.511719 0.170313 0.519531 0.165625 0.550781 0.106250 0.544922
0 0.110937 0.478516 0.179688 0.484375 0.176563 0.515625 0.107813 0.511719
0 0.121875 0.371094 0.190625 0.367188 0.190625 0.408203 0.121875 0.404297
0 0.123438 0.343750 0.192188 0.347656 0.189062 0.382812 0.120313 0.376953
0 0.126562 0.312500 0.189062 0.312500 0.195312 0.347656 0.129688 0.351562
0 0.139063 0.285156 0.201563 0.285156 0.201563 0.324219 0.137500 0.318359
0 0.620313 0.103516 0.679688 0.105469 0.679688 0.138672 0.621875 0.134766
0 0.809375 0.099609 0.870313 0.097656 0.873437 0.134766 0.810937 0.130859
0 0.873437 0.023438 0.921875 0.021484 0.921875 0.056641 0.873437 0.058594
0 0.810937 0.025391 0.856250 0.021484 0.853125 0.048828 0.812500 0.048828
0 0.735938 0.017578 0.764062 0.005859 0.778125 0.044922 0.754687 0.058594
0 0.609375 0.037109 0.660937 0.035156 0.662500 0.066406 0.607812 0.066406
0 0.156250 0.115234 0.207813 0.119141 0.206250 0.146484 0.151562 0.140625
0 0.348438 0.035156 0.412500 0.031250 0.414062 0.066406 0.346875 0.070312
0 0.110937 0.046875 0.176563 0.046875 0.170313 0.080078 0.107813 0.076172
