2 0.584375 0.093750 0.757812 0.152344 0.742188 0.197266 0.571875 0.134766
2 0.451562 0.101562 0.632812 0.183594 0.614062 0.234375 0.426563 0.148438
2 0.229687 0.023438 0.396875 0.093750 0.376563 0.134766 0.201563 0.060547
3 0.726562 0.677734 0.764062 0.703125 0.689063 0.855469 0.648438 0.837891
3 0.784375 0.703125 0.826562 0.728516 0.734375 0.906250 0.692187 0.888672
3 0.590625 0.613281 0.629687 0.644531 0.525000 0.798828 0.485938 0.767578
3 0.426563 0.554688 0.465625 0.587891 0.376563 0.726562 0.326562 0.701172
3 0.750000 0.335938 0.785937 0.355469 0.725000 0.486328 0.682813 0.466797
3 0.603125 0.269531 0.640625 0.289062 0.567187 0.425781 0.526563 0.406250
3 0.520312 0.230469 0.557813 0.250000 0.479687 0.375000 0.439063 0.355469
3 0.454688 0.226562 0.495312 0.246094 0.404687 0.369141 0.365625 0.341797
3 0.339062 0.507812 0.389062 0.527344 0.289062 0.685547 0.248438 0.667969
3 0.287500 0.500000 0.320312 0.523438 0.257812 0.615234 0.225000 0.595703
