0 0.892188 0.123047 0.926562 0.119141 0.928125 0.208984 0.896875 0.205078
0 0.325000 0.000000 0.357812 0.000000 0.357812 0.093750 0.326562 0.087891
0 0.328125 0.123047 0.362500 0.123047 0.360938 0.226562 0.321875 0.226562
0 0.414062 0.066406 0.445312 0.064453 0.446875 0.156250 0.415625 0.156250
0 0.409375 0.173828 0.443750 0.171875 0.443750 0.271484 0.412500 0.273438
0 0.437500 0.291016 0.503125 0.222656 0.521875 0.257812 0.451562 0.318359
0 0.271875 0.296875 0.354687 0.298828 0.350000 0.345703 0.270313 0.339844
0 0.506250 0.275391 0.576562 0.273438 0.579688 0.312500 0.506250 0.312500
0 0.584375 0.271484 0.665625 0.267578 0.664062 0.310547 0.584375 0.310547
0 0.690625 0.267578 0.771875 0.265625 0.771875 0.310547 0.692187 0.310547
0 0.795312 0.177734 0.823438 0.175781 0.823438 0.263672 0.793750 0.261719
0 0.884375 0.011719 0.917188 0.009766 0.925000 0.101562 0.892188 0.105469
0 0.484375 0.400391 0.568750 0.398438 0.568750 0.437500 0.485938 0.441406
0 0.582812 0.394531 0.670312 0.392578 0.668750 0.429688 0.584375 0.431641
0 0.678125 0.394531 0.768750 0.388672 0.770312 0.429688 0.678125 0.427734
0 0.265625 0.457031 0.332813 0.417969 0.348438 0.451172 0.278125 0.488281
0 0.268750 0.515625 0.340625 0.466797 0.356250 0.500000 0.278125 0.546875
0 0.273438 0.570312 0.353125 0.535156 0.362500 0.574219 0.285938 0.605469
0 0.273438 0.630859 0.350000 0.587891 0.360938 0.625000 0.282813 0.664062
0 0.270313 0.697266 0.337500 0.662109 0.348438 0.701172 0.279687 0.730469
0 0.271875 0.765625 0.350000 0.724609 0.359375 0.761719 0.279687 0.802734
0 0.814063 0.437500 0.892188 0.435547 0.892188 0.468750 0.812500 0.470703
0 0.443750 0.820312 0.475000 0.816406 0.473438 0.931641 0.443750 0.931641
0 0.271875 0.953125 0.345313 0.921875 0.357812 0.960938 0.285938 0.998047
0 0.448437 0.945312 0.482812 0.943359 0.482812 1.000000 0.448437 1.000000
0 0.957812 0.255859 1.000000 0.255859 1.000000 0.304688 0.959375 0.306641
