4 0.090625 0.509766 0.145313 0.503906 0.151562 0.648438 0.093750 0.654297
0 0.018750 0.500000 0.079687 0.488281 0.087500 0.646484 0.026562 0.652344
0 0.160938 0.480469 0.223438 0.472656 0.228125 0.634766 0.168750 0.644531
0 0.232813 0.472656 0.295312 0.460938 0.298438 0.621094 0.235937 0.623047
0 0.306250 0.474609 0.364063 0.478516 0.360938 0.634766 0.307812 0.630859
0 0.371875 0.425781 0.501563 0.402344 0.507812 0.472656 0.381250 0.490234
0 0.654687 0.431641 0.721875 0.412109 0.729688 0.580078 0.673438 0.591797
0 0.582812 0.447266 0.645312 0.437500 0.654687 0.603516 0.598437 0.613281
0 0.517188 0.457031 0.573438 0.449219 0.585938 0.605469 0.534375 0.613281
0 0.517188 0.244141 0.650000 0.238281 0.660937 0.312500 0.518750 0.324219
0 0.367188 0.257812 0.489063 0.246094 0.495312 0.312500 0.373437 0.332031
0 0.112500 0.279297 0.223438 0.275391 0.226562 0.343750 0.112500 0.343750
0 0.000000 0.300781 0.090625 0.279297 0.096875 0.349609 0.000000 0.371094
0 0.895312 0.406250 0.960938 0.402344 0.965625 0.566406 0.903125 0.576172
0 0.809375 0.417969 0.868750 0.406250 0.881250 0.580078 0.825000 0.589844
0 0.737500 0.410156 0.795312 0.396484 0.809375 0.566406 0.753125 0.572266
