0 0.575000 0.339844 0.620313 0.330078 0.643750 0.433594 0.603125 0.445312
1 0.764062 0.468750 0.820312 0.462891 0.831250 0.650391 0.776563 0.658203
1 0.693750 0.466797 0.751563 0.462891 0.771875 0.652344 0.712500 0.660156
1 0.634375 0.500000 0.678125 0.490234 0.704688 0.656250 0.654687 0.671875
1 0.521875 0.509766 0.565625 0.500000 0.573438 0.673828 0.525000 0.677734
1 0.829688 0.457031 0.878125 0.453125 0.898438 0.632812 0.839063 0.630859
2 0.423438 0.083984 0.531250 0.085938 0.534375 0.136719 0.428125 0.146484
0 0.712500 0.302734 0.759375 0.291016 0.771875 0.417969 0.728125 0.421875
0 0.425000 0.039062 0.510938 0.023438 0.514062 0.078125 0.431250 0.091797
0 0.654687 0.304688 0.689063 0.294922 0.707812 0.421875 0.665625 0.427734
0 0.528125 0.337891 0.570312 0.332031 0.570312 0.443359 0.526563 0.441406
0 0.423438 0.150391 0.518750 0.138672 0.528125 0.187500 0.425000 0.201172
0 0.067187 0.302734 0.170313 0.298828 0.168750 0.345703 0.062500 0.353516
0 0.809375 0.933594 0.932813 0.884766 0.964063 0.945312 0.840625 1.000000
2 0.790625 0.835938 0.929688 0.818359 0.935937 0.884766 0.800000 0.902344
0 0.800000 0.779297 0.909375 0.714844 0.932813 0.757812 0.815625 0.830078
