0 0.304688 0.154297 0.385937 0.175781 0.378125 0.218750 0.300000 0.193359
0 0.478125 0.962891 0.573438 1.000000 0.556250 1.000000 0.467187 1.000000
0 0.495312 0.884766 0.596875 0.916016 0.587500 0.972656 0.490625 0.939453
0 0.304688 0.929688 0.387500 0.910156 0.392188 0.958984 0.306250 0.980469
0 0.531250 0.753906 0.628125 0.789062 0.614062 0.847656 0.518750 0.814453
0 0.362500 0.699219 0.451562 0.699219 0.456250 0.750000 0.362500 0.755859
0 0.407813 0.558594 0.490625 0.566406 0.492188 0.617188 0.406250 0.615234
0 0.578125 0.566406 0.659375 0.603516 0.650000 0.650391 0.564063 0.615234
0 0.450000 0.369141 0.537500 0.357422 0.543750 0.408203 0.451562 0.417969
0 0.287500 0.228516 0.378125 0.259766 0.367188 0.296875 0.279687 0.265625
0 0.706250 0.035156 0.781250 0.058594 0.773438 0.105469 0.693750 0.087891
