0 0.676562 0.136719 0.717187 0.117188 0.728125 0.144531 0.687500 0.167969
0 0.000000 0.570312 0.067187 0.570312 0.068750 0.605469 0.000000 0.605469
0 0.000000 0.523438 0.054688 0.523438 0.056250 0.558594 0.000000 0.558594
0 0.523438 0.494141 0.545312 0.482422 0.575000 0.535156 0.548438 0.552734
0 0.485938 0.425781 0.507812 0.414062 0.537500 0.466797 0.510938 0.484375
0 0.445312 0.357422 0.467187 0.345703 0.496875 0.398438 0.470313 0.416016
0 0.473438 0.220703 0.514062 0.201172 0.525000 0.228516 0.484375 0.253906
0 0.612500 0.158203 0.653125 0.138672 0.664062 0.166016 0.623437 0.189453
0 0.542188 0.189453 0.582812 0.169922 0.593750 0.197266 0.553125 0.220703
0 0.743750 0.107422 0.784375 0.087891 0.795312 0.115234 0.754687 0.138672
