2 0.723437 0.259766 0.767188 0.267578 0.731250 0.431641 0.690625 0.416016
0 0.159375 0.208984 0.221875 0.238281 0.217188 0.265625 0.145313 0.240234
4 0.884375 0.351562 0.945312 0.390625 0.929688 0.429688 0.868750 0.384766
2 0.860938 0.396484 0.929688 0.449219 0.917188 0.484375 0.846875 0.425781
0 0.831250 0.562500 0.851562 0.537109 0.904687 0.603516 0.882812 0.628906
2 0.190625 0.650391 0.237500 0.671875 0.187500 0.857422 0.146875 0.851562
2 0.385937 0.000000 0.429688 0.001953 0.375000 0.199219 0.331250 0.177734
2 0.678125 0.482422 0.723437 0.484375 0.689063 0.662109 0.648438 0.650391
0 0.114062 0.363281 0.179688 0.384766 0.171875 0.419922 0.100000 0.394531
0 0.150000 0.265625 0.215625 0.287109 0.207813 0.322266 0.135937 0.296875
0 0.212500 0.044922 0.281250 0.062500 0.267188 0.099609 0.203125 0.080078
2 0.762500 0.058594 0.795312 0.070312 0.770312 0.232422 0.728125 0.220703
2 0.275000 0.373047 0.318750 0.392578 0.256250 0.617188 0.206250 0.595703
0 0.915625 0.125000 0.987500 0.152344 0.975000 0.189453 0.907813 0.152344
0 0.892188 0.236328 0.918750 0.210938 0.967187 0.265625 0.945312 0.298828
