0 0.159375 0.550781 0.200000 0.533203 0.243750 0.671875 0.196875 0.693359
4 0.778125 0.902344 0.817187 0.878906 0.870313 0.992188 0.825000 1.000000
0 0.673438 0.841797 0.721875 0.816406 0.779687 0.972656 0.725000 0.998047
0 0.587500 0.792969 0.634375 0.775391 0.681250 0.929688 0.631250 0.949219
0 0.523438 0.757812 0.578125 0.755859 0.595313 0.927734 0.540625 0.931641
0 0.415625 0.685547 0.459375 0.669922 0.503125 0.833984 0.451562 0.847656
0 0.315625 0.625000 0.365625 0.607422 0.409375 0.759766 0.357812 0.781250
0 0.237500 0.585938 0.287500 0.570312 0.325000 0.722656 0.275000 0.738281
0 0.071875 0.527344 0.123438 0.513672 0.156250 0.660156 0.103125 0.675781
0 0.014063 0.550781 0.070312 0.548828 0.071875 0.664062 0.012500 0.664062
0 0.240625 0.000000 0.292187 0.000000 0.232813 0.097656 0.185938 0.068359
0 0.670312 0.001953 0.712500 0.023438 0.667188 0.160156 0.617188 0.132812
0 0.595313 0.000000 0.634375 0.017578 0.587500 0.130859 0.550000 0.107422
0 0.529687 0.000000 0.571875 0.001953 0.529687 0.105469 0.485938 0.078125
