0 0.506250 0.728516 0.537500 0.728516 0.540625 0.808594 0.509375 0.808594
0 0.575000 0.541016 0.606250 0.515625 0.662500 0.578125 0.634375 0.609375
0 0.531250 0.521484 0.596875 0.583984 0.579688 0.619141 0.506250 0.560547
0 0.606250 0.765625 0.682813 0.697266 0.707812 0.732422 0.628125 0.808594
0 0.804688 0.507812 0.887500 0.507812 0.895312 0.548828 0.801562 0.550781
0 0.443750 0.560547 0.475000 0.537109 0.535937 0.607422 0.507812 0.638672
0 0.343750 0.556641 0.410938 0.605469 0.395313 0.652344 0.318750 0.601562
0 0.614062 0.037109 0.679688 0.091797 0.664062 0.126953 0.592187 0.074219
0 0.540625 0.066406 0.609375 0.103516 0.603125 0.148438 0.525000 0.109375
0 0.114062 0.695312 0.185938 0.689453 0.189062 0.734375 0.114062 0.738281
0 0.179688 0.597656 0.214062 0.562500 0.273438 0.638672 0.250000 0.673828
0 0.232813 0.576172 0.264062 0.548828 0.329688 0.621094 0.300000 0.656250
0 0.464062 0.742188 0.495312 0.742188 0.498437 0.822266 0.467187 0.822266
0 0.548438 0.720703 0.582812 0.718750 0.592187 0.814453 0.557813 0.820312
