3 0.751563 0.570312 0.909375 0.578125 0.917188 0.644531 0.743750 0.640625
0 0.348438 0.580078 0.373437 0.568359 0.370312 0.642578 0.340625 0.646484
4 0.407813 0.593750 0.435937 0.591797 0.434375 0.658203 0.403125 0.658203
0 0.867188 0.480469 0.943750 0.472656 0.942187 0.525391 0.865625 0.525391
0 0.948438 0.605469 0.978125 0.601562 0.982812 0.666016 0.957812 0.679688
0 0.607812 0.595703 0.635938 0.591797 0.635938 0.656250 0.609375 0.658203
0 0.565625 0.406250 0.637500 0.402344 0.640625 0.435547 0.562500 0.435547
0 0.200000 0.585938 0.231250 0.591797 0.220312 0.664062 0.179688 0.654297
4 0.646875 0.578125 0.681250 0.582031 0.685937 0.654297 0.653125 0.666016
0 0.150000 0.587891 0.178125 0.587891 0.170313 0.656250 0.131250 0.646484
0 0.304688 0.583984 0.332813 0.578125 0.323437 0.658203 0.295312 0.652344
0 0.482812 0.589844 0.507812 0.589844 0.506250 0.658203 0.481250 0.656250
0 0.517188 0.574219 0.554688 0.580078 0.556250 0.640625 0.518750 0.648438
0 0.564063 0.583984 0.595313 0.576172 0.595313 0.664062 0.560937 0.666016
0 0.256250 0.867188 0.329688 0.875000 0.329688 0.916016 0.251563 0.914062
1 0.000000 0.589844 0.064062 0.564453 0.062500 0.621094 0.000000 0.644531
