0 0.000000 0.322266 0.057813 0.279297 0.081250 0.322266 0.000000 0.369141
0 0.012500 0.406250 0.090625 0.353516 0.112500 0.396484 0.026562 0.445312
0 0.032813 0.488281 0.115625 0.431641 0.132812 0.474609 0.054688 0.515625
0 0.056250 0.546875 0.137500 0.492188 0.156250 0.531250 0.075000 0.583984
0 0.084375 0.611328 0.171875 0.560547 0.185938 0.601562 0.103125 0.652344
0 0.112500 0.666016 0.190625 0.626953 0.207813 0.658203 0.132812 0.705078
0 0.229687 0.654297 0.262500 0.642578 0.298438 0.730469 0.265625 0.751953
0 0.129688 0.718750 0.209375 0.669922 0.223438 0.707031 0.143750 0.753906
0 0.153125 0.771484 0.226562 0.714844 0.246875 0.746094 0.168750 0.806641
0 0.184375 0.816406 0.251563 0.757812 0.275000 0.791016 0.209375 0.855469
0 0.000000 0.601562 0.043750 0.558594 0.064062 0.595703 0.000000 0.640625
0 0.000000 0.677734 0.064062 0.625000 0.084375 0.662109 0.004687 0.712891
0 0.009375 0.728516 0.096875 0.677734 0.115625 0.718750 0.025000 0.771484
0 0.028125 0.787109 0.117188 0.726562 0.137500 0.767578 0.045312 0.820312
0 0.000000 0.931641 0.065625 0.890625 0.084375 0.923828 0.004687 0.964844
0 0.396875 0.482422 0.490625 0.507812 0.479687 0.552734 0.385937 0.517578
1 0.382812 0.533203 0.476562 0.591797 0.467187 0.640625 0.365625 0.582031
0 0.360938 0.593750 0.437500 0.644531 0.429688 0.681641 0.345313 0.638672
0 0.342187 0.654297 0.420312 0.708984 0.400000 0.750000 0.321875 0.693359
0 0.328125 0.328125 0.428125 0.302734 0.439063 0.349609 0.337500 0.375000
