0 0.759375 0.652344 0.868750 0.646484 0.871875 0.697266 0.762500 0.703125
0 0.751563 0.089844 0.853125 0.085938 0.856250 0.136719 0.753125 0.140625
0 0.757812 0.140625 0.857812 0.140625 0.857812 0.189453 0.759375 0.187500
0 0.695312 0.220703 0.731250 0.224609 0.725000 0.322266 0.689063 0.318359
0 0.771875 0.201172 0.873437 0.201172 0.873437 0.253906 0.771875 0.250000
0 0.776563 0.951172 0.900000 0.951172 0.903125 1.000000 0.778125 1.000000
0 0.773438 0.875000 0.903125 0.882812 0.904687 0.941406 0.771875 0.933594
0 0.507812 0.908203 0.545312 0.912109 0.540625 1.000000 0.501563 1.000000
0 0.706250 0.812500 0.757812 0.814453 0.756250 0.966797 0.704688 0.966797
0 0.507812 0.742188 0.550000 0.744141 0.550000 0.886719 0.501563 0.884766
0 0.514062 0.558594 0.557813 0.560547 0.559375 0.693359 0.512500 0.693359
0 0.514062 0.419922 0.556250 0.419922 0.556250 0.541016 0.514062 0.539062
4 0.518750 0.312500 0.554688 0.312500 0.553125 0.410156 0.515625 0.410156
0 0.787500 0.796875 0.903125 0.800781 0.903125 0.863281 0.787500 0.855469
0 0.764062 0.722656 0.890625 0.722656 0.892188 0.785156 0.764062 0.783203
0 0.704688 0.646484 0.751563 0.646484 0.751563 0.783203 0.704688 0.781250
0 0.764062 0.027344 0.862500 0.019531 0.867188 0.074219 0.770312 0.082031
0 0.767188 0.585938 0.878125 0.585938 0.878125 0.638672 0.767188 0.636719
0 0.789062 0.509766 0.900000 0.515625 0.898438 0.566406 0.787500 0.560547
0 0.701562 0.498047 0.751563 0.496094 0.753125 0.621094 0.701562 0.621094
0 0.775000 0.443359 0.868750 0.443359 0.870313 0.498047 0.778125 0.498047
0 0.771875 0.390625 0.876563 0.390625 0.878125 0.447266 0.771875 0.449219
0 0.764062 0.314453 0.873437 0.312500 0.873437 0.376953 0.764062 0.376953
0 0.700000 0.345703 0.743750 0.347656 0.745313 0.462891 0.700000 0.458984
0 0.954688 0.230469 0.990625 0.220703 0.990625 0.347656 0.953125 0.341797
0 0.935937 0.000000 0.975000 0.000000 0.989062 0.091797 0.953125 0.093750
0 0.943750 0.082031 1.000000 0.136719 1.000000 0.183594 0.917188 0.130859
0 0.771875 0.255859 0.865625 0.257812 0.867188 0.312500 0.771875 0.308594
0 0.400000 0.011719 0.498437 0.005859 0.500000 0.054688 0.401562 0.060547
0 0.404687 0.064453 0.503125 0.066406 0.501563 0.111328 0.404687 0.113281
0 0.398438 0.105469 0.496875 0.117188 0.492188 0.171875 0.393750 0.154297
0 0.400000 0.171875 0.492188 0.167969 0.493750 0.216797 0.400000 0.220703
0 0.400000 0.234375 0.489063 0.230469 0.490625 0.277344 0.401562 0.281250
0 0.393750 0.289062 0.492188 0.285156 0.493750 0.337891 0.395313 0.339844
0 0.382812 0.355469 0.482812 0.345703 0.485938 0.398438 0.384375 0.406250
0 0.387500 0.427734 0.485938 0.419922 0.485938 0.472656 0.389062 0.478516
0 0.379688 0.488281 0.482812 0.486328 0.482812 0.541016 0.378125 0.539062
0 0.381250 0.554688 0.479687 0.554688 0.478125 0.601562 0.379688 0.601562
0 0.376563 0.625000 0.485938 0.621094 0.487500 0.673828 0.376563 0.677734
0 0.365625 0.693359 0.475000 0.689453 0.478125 0.750000 0.365625 0.753906
0 0.376563 0.765625 0.476562 0.767578 0.475000 0.818359 0.375000 0.814453
0 0.371875 0.837891 0.478125 0.839844 0.478125 0.902344 0.371875 0.900391
0 0.362500 0.931641 0.482812 0.929688 0.482812 0.992188 0.362500 0.992188
4 0.228125 0.863281 0.271875 0.878906 0.239063 1.000000 0.195312 0.986328
0 0.534375 0.041016 0.573438 0.044922 0.571875 0.158203 0.532813 0.154297
0 0.525000 0.181641 0.560937 0.181641 0.559375 0.298828 0.521875 0.294922
0 0.695312 0.091797 0.732812 0.097656 0.731250 0.201172 0.690625 0.197266
