0 0.920312 0.296875 0.959375 0.283203 0.989062 0.390625 0.951562 0.406250
0 0.998437 0.482422 1.000000 0.507812 0.996875 0.621094 0.953125 0.599609
0 0.000000 0.515625 0.032813 0.541016 0.000000 0.642578 0.000000 0.611328
0 0.062500 0.523438 0.103125 0.546875 0.051562 0.644531 0.010937 0.625000
0 0.137500 0.507812 0.175000 0.531250 0.120313 0.652344 0.076563 0.625000
0 0.282813 0.509766 0.323437 0.531250 0.282813 0.640625 0.239063 0.611328
0 0.348438 0.507812 0.389062 0.535156 0.328125 0.646484 0.296875 0.625000
0 0.918750 0.484375 0.964063 0.507812 0.929688 0.628906 0.884375 0.611328
0 0.087500 0.273438 0.121875 0.275391 0.117188 0.406250 0.071875 0.398438
0 0.423438 0.511719 0.462500 0.523438 0.393750 0.640625 0.360938 0.613281
0 0.592187 0.494141 0.625000 0.519531 0.575000 0.632812 0.532813 0.609375
0 0.306250 0.330078 0.337500 0.312500 0.378125 0.396484 0.343750 0.412109
0 0.650000 0.500000 0.692187 0.521484 0.650000 0.625000 0.606250 0.599609
0 0.376563 0.332031 0.407813 0.310547 0.456250 0.406250 0.412500 0.423828
0 0.443750 0.320312 0.476562 0.292969 0.537500 0.390625 0.500000 0.412109
0 0.721875 0.490234 0.762500 0.515625 0.712500 0.626953 0.675000 0.607422
0 0.792188 0.494141 0.831250 0.519531 0.778125 0.636719 0.739062 0.613281
0 0.850000 0.500000 0.887500 0.515625 0.848437 0.625000 0.810937 0.611328
0 0.556250 0.318359 0.600000 0.289062 0.645312 0.390625 0.618750 0.412109
0 0.640625 0.328125 0.681250 0.302734 0.718750 0.394531 0.687500 0.421875
0 0.762500 0.316406 0.798438 0.287109 0.850000 0.388672 0.814063 0.408203
