0 0.482812 0.039062 0.573438 0.019531 0.584375 0.068359 0.493750 0.093750
0 0.470313 0.281250 0.581250 0.261719 0.587500 0.316406 0.478125 0.335938
0 0.481250 0.345703 0.595313 0.347656 0.593750 0.398438 0.481250 0.394531
0 0.490625 0.410156 0.584375 0.402344 0.584375 0.455078 0.490625 0.462891
0 0.481250 0.457031 0.589063 0.472656 0.582812 0.521484 0.473438 0.507812
0 0.493750 0.541016 0.590625 0.533203 0.590625 0.580078 0.493750 0.591797
0 0.468750 0.605469 0.593750 0.597656 0.600000 0.650391 0.473438 0.667969
0 0.481250 0.689453 0.600000 0.683594 0.598437 0.740234 0.481250 0.740234
0 0.484375 0.792969 0.582812 0.783203 0.587500 0.832031 0.487500 0.849609
0 0.482812 0.871094 0.595313 0.832031 0.610938 0.902344 0.496875 0.941406
0 0.725000 0.691406 0.776563 0.693359 0.768750 0.873047 0.715625 0.867188
1 0.684375 0.101562 0.739062 0.097656 0.746875 0.310547 0.693750 0.316406
0 0.146875 0.042969 0.198437 0.044922 0.193750 0.199219 0.143750 0.199219
0 0.143750 0.226562 0.185938 0.222656 0.187500 0.345703 0.143750 0.349609
0 0.135937 0.388672 0.181250 0.384766 0.182812 0.546875 0.134375 0.542969
4 0.131250 0.626953 0.176563 0.632812 0.173437 0.763672 0.125000 0.761719
4 0.131250 0.802734 0.179688 0.796875 0.175000 0.957031 0.123438 0.951172
4 0.476562 0.128906 0.579688 0.119141 0.579688 0.171875 0.476562 0.183594
