0 0.887500 0.519531 0.932813 0.519531 0.940625 0.623047 0.895312 0.628906
0 0.837500 0.632812 0.887500 0.628906 0.898438 0.771484 0.845313 0.771484
0 0.843750 0.791016 0.900000 0.783203 0.917188 0.931641 0.859375 0.933594
2 0.246875 0.562500 0.289062 0.562500 0.284375 0.693359 0.234375 0.693359
4 0.226562 0.740234 0.284375 0.736328 0.284375 0.902344 0.226562 0.906250
0 0.773438 0.000000 0.812500 0.000000 0.828125 0.103516 0.784375 0.103516
0 0.257812 0.000000 0.293750 0.000000 0.295312 0.093750 0.256250 0.095703
0 0.251563 0.119141 0.289062 0.117188 0.287500 0.226562 0.253125 0.234375
0 0.248438 0.263672 0.289062 0.265625 0.292187 0.392578 0.248438 0.394531
0 0.245312 0.398438 0.289062 0.404297 0.287500 0.535156 0.242188 0.533203
0 0.851562 0.261719 0.942187 0.273438 0.945312 0.332031 0.848437 0.318359
0 0.790625 0.146484 0.834375 0.144531 0.845313 0.250000 0.798438 0.250000
0 0.825000 0.494141 0.868750 0.488281 0.885938 0.609375 0.845313 0.613281
