0 0.290625 0.052734 0.314063 0.031250 0.368750 0.105469 0.345313 0.130859
0 0.698438 0.566406 0.735938 0.552734 0.771875 0.640625 0.740625 0.667969
0 0.506250 0.386719 0.534375 0.375000 0.571875 0.462891 0.542188 0.484375
0 0.646875 0.238281 0.723437 0.195312 0.737500 0.228516 0.662500 0.275391
0 0.993750 0.890625 1.000000 0.914062 0.993750 1.000000 0.960938 0.988281
0 0.362500 0.849609 0.420312 0.783203 0.440625 0.804688 0.392188 0.873047
0 0.560937 0.949219 0.646875 0.996094 0.628125 1.000000 0.542188 0.994141
0 0.829688 0.929688 0.865625 0.953125 0.837500 1.000000 0.795312 1.000000
0 0.778125 0.900391 0.818750 0.921875 0.785937 1.000000 0.746875 1.000000
0 0.735938 0.876953 0.764062 0.892578 0.735938 0.990234 0.701562 0.974609
0 0.954688 0.865234 0.984375 0.882812 0.950000 0.986328 0.920312 0.968750
0 0.912500 0.812500 0.942187 0.828125 0.912500 0.927734 0.881250 0.912109
0 0.873437 0.802734 0.900000 0.814453 0.876563 0.919922 0.842187 0.902344
0 0.779687 0.519531 0.809375 0.539062 0.775000 0.615234 0.748437 0.580078
0 0.673438 0.611328 0.701562 0.589844 0.740625 0.677734 0.717187 0.703125
0 0.571875 0.691406 0.604688 0.673828 0.639062 0.775391 0.603125 0.802734
2 0.520312 0.714844 0.548438 0.693359 0.589063 0.779297 0.560937 0.804688
2 0.600000 0.460938 0.635938 0.441406 0.678125 0.548828 0.645312 0.570312
0 0.504687 0.558594 0.534375 0.537109 0.571875 0.625000 0.545312 0.652344
0 0.556250 0.511719 0.589063 0.490234 0.628125 0.585938 0.600000 0.609375
0 0.646875 0.392578 0.682813 0.380859 0.712500 0.462891 0.681250 0.482422
0 0.548438 0.343750 0.581250 0.322266 0.615625 0.410156 0.584375 0.435547
0 0.290625 0.539062 0.362500 0.482422 0.381250 0.515625 0.315625 0.574219
0 0.270313 0.486328 0.340625 0.429688 0.357812 0.462891 0.292187 0.519531
0 0.350000 0.414062 0.423438 0.367188 0.443750 0.400391 0.370312 0.457031
0 0.329688 0.359375 0.398438 0.316406 0.412500 0.345703 0.348438 0.394531
0 0.307812 0.310547 0.376563 0.257812 0.392188 0.291016 0.326562 0.343750
0 0.281250 0.255859 0.353125 0.203125 0.370312 0.238281 0.303125 0.292969
0 0.260937 0.205078 0.323437 0.158203 0.337500 0.187500 0.282813 0.236328
0 0.232813 0.154297 0.303125 0.117188 0.315625 0.144531 0.248438 0.189453
0 0.642188 0.185547 0.709375 0.136719 0.731250 0.169922 0.662500 0.218750
0 0.357812 0.000000 0.382812 0.000000 0.410938 0.000000 0.384375 0.021484
0 0.564063 0.027344 0.645312 0.000000 0.662500 0.019531 0.579688 0.064453
0 0.328125 0.001953 0.360938 0.000000 0.382812 0.066406 0.354687 0.076172
0 0.204687 0.064453 0.275000 0.023438 0.287500 0.054688 0.220312 0.101562
