0 0.323437 0.097656 0.345313 0.080078 0.384375 0.113281 0.362500 0.128906
0 0.943750 0.941406 0.964063 0.917969 1.000000 0.974609 0.996875 1.000000
0 0.892188 0.947266 0.957812 1.000000 0.943750 1.000000 0.870313 0.982422
0 0.254688 0.939453 0.314063 1.000000 0.292187 1.000000 0.234375 0.966797
0 0.342187 0.863281 0.392188 0.914062 0.370312 0.941406 0.326562 0.894531
0 0.410938 0.796875 0.471875 0.855469 0.451562 0.888672 0.392188 0.832031
0 0.501563 0.865234 0.565625 0.808594 0.587500 0.833984 0.526563 0.892578
0 0.634375 0.914062 0.698438 0.974609 0.675000 0.998047 0.614062 0.943359
0 0.650000 0.898438 0.675000 0.875000 0.731250 0.947266 0.706250 0.974609
4 0.281250 0.931641 0.304688 0.902344 0.357812 0.958984 0.334375 0.982422
4 0.506250 0.730469 0.553125 0.781250 0.529687 0.806641 0.482812 0.761719
0 0.679688 0.406250 0.701562 0.382812 0.753125 0.417969 0.732812 0.445312
0 0.601562 0.291016 0.645312 0.333984 0.621875 0.357422 0.581250 0.318359
0 0.529687 0.273438 0.553125 0.250000 0.590625 0.292969 0.568750 0.310547
0 0.471875 0.222656 0.496875 0.199219 0.532813 0.246094 0.509375 0.259766
0 0.332813 0.210938 0.385937 0.246094 0.362500 0.271484 0.315625 0.234375
0 0.420312 0.177734 0.440625 0.162109 0.485938 0.197266 0.457813 0.218750
0 0.365625 0.132812 0.385937 0.113281 0.432812 0.154297 0.410938 0.173828
4 0.634375 0.363281 0.656250 0.337891 0.700000 0.373047 0.676562 0.398438
0 0.132812 0.062500 0.151562 0.044922 0.192188 0.087891 0.171875 0.103516
0 0.242188 0.029297 0.262500 0.005859 0.298438 0.041016 0.278125 0.058594
0 0.279687 0.062500 0.304688 0.044922 0.340625 0.078125 0.314063 0.093750
