0 0.890625 0.927734 0.990625 0.826172 1.000000 0.859375 0.929688 0.978516
1 0.368750 0.142578 0.415625 0.101562 0.490625 0.199219 0.450000 0.238281
0 0.085938 0.320312 0.176563 0.234375 0.215625 0.285156 0.121875 0.369141
0 0.189062 0.212891 0.290625 0.138672 0.325000 0.173828 0.225000 0.269531
0 0.326562 0.197266 0.368750 0.160156 0.439063 0.259766 0.400000 0.291016
0 0.273438 0.250000 0.312500 0.216797 0.393750 0.308594 0.356250 0.347656
1 0.217188 0.291016 0.256250 0.244141 0.343750 0.343750 0.301563 0.388672
0 0.103125 0.400391 0.207813 0.292969 0.248438 0.345703 0.139063 0.449219
0 0.146875 0.457031 0.251563 0.341797 0.292187 0.390625 0.185938 0.505859
0 0.243750 0.564453 0.346875 0.455078 0.385937 0.505859 0.282813 0.609375
0 0.203125 0.501953 0.306250 0.406250 0.342187 0.451172 0.240625 0.556641
0 0.307812 0.394531 0.346875 0.345703 0.443750 0.453125 0.400000 0.503906
0 0.364063 0.347656 0.400000 0.308594 0.487500 0.412109 0.453125 0.455078
0 0.221875 0.992188 0.329688 0.869141 0.365625 0.908203 0.259375 1.000000
0 0.404687 0.304688 0.451562 0.255859 0.534375 0.363281 0.490625 0.414062
0 0.425000 0.501953 0.534375 0.386719 0.576562 0.425781 0.467187 0.552734
0 0.876563 0.679688 0.984375 0.800781 0.943750 0.835938 0.843750 0.728516
0 0.828125 0.730469 0.932813 0.839844 0.893750 0.890625 0.790625 0.781250
0 0.743750 0.830078 0.779687 0.785156 0.889062 0.900391 0.848437 0.947266
0 0.731250 0.843750 0.842187 0.951172 0.800000 1.000000 0.695312 0.892578
0 0.570312 0.746094 0.607812 0.699219 0.723437 0.828125 0.675000 0.882812
0 0.637500 0.695312 0.682813 0.654297 0.771875 0.767578 0.731250 0.812500
0 0.687500 0.644531 0.726562 0.601562 0.825000 0.724609 0.785937 0.763672
0 0.731250 0.589844 0.773438 0.541016 0.871875 0.654297 0.828125 0.705078
0 0.759375 0.474609 0.834375 0.388672 0.868750 0.419922 0.795312 0.513672
0 0.676562 0.039062 0.714063 0.060547 0.659375 0.164062 0.623437 0.132812
0 0.062500 1.000000 0.168750 0.904297 0.207813 0.962891 0.104688 1.000000
1 0.078125 0.730469 0.121875 0.775391 0.000000 0.917969 0.000000 0.841797
0 0.000000 0.718750 0.056250 0.654297 0.100000 0.707031 0.000000 0.794922
0 0.025000 0.591797 0.056250 0.652344 0.000000 0.705078 0.000000 0.652344
0 0.053125 0.244141 0.148438 0.156250 0.189062 0.207031 0.090625 0.294922
0 0.164062 0.136719 0.259375 0.062500 0.298438 0.107422 0.200000 0.191406
0 0.015625 0.167969 0.120313 0.087891 0.165625 0.136719 0.050000 0.220703
0 0.000000 0.119141 0.067187 0.039062 0.106250 0.087891 0.004687 0.169922
0 0.079687 0.027344 0.178125 0.000000 0.209375 0.003906 0.115625 0.080078
0 0.128125 0.078125 0.221875 0.003906 0.262500 0.054688 0.160938 0.132812
0 0.267188 0.060547 0.354687 0.000000 0.389062 0.027344 0.301563 0.103516
0 0.290625 0.136719 0.384375 0.037109 0.423438 0.076172 0.332813 0.175781
0 0.193750 0.884766 0.300000 0.761719 0.340625 0.818359 0.232813 0.937500
2 0.848437 0.378906 0.939063 0.281250 0.979688 0.314453 0.887500 0.414062
2 1.000000 0.445312 1.000000 0.501953 0.956250 0.623047 0.907813 0.566406
2 0.832812 0.494141 0.971875 0.355469 1.000000 0.406250 0.884375 0.548828
