0 0.592187 0.535156 0.620313 0.527344 0.631250 0.599609 0.598437 0.605469
0 0.596875 0.613281 0.634375 0.605469 0.642188 0.691406 0.600000 0.699219
0 0.665625 0.435547 0.714063 0.466797 0.695312 0.484375 0.651563 0.472656
0 0.667188 0.515625 0.735938 0.542969 0.721875 0.582031 0.651563 0.542969
0 0.676562 0.472656 0.745313 0.519531 0.717187 0.544922 0.657813 0.503906
0 0.668750 0.552734 0.735938 0.589844 0.720313 0.617188 0.650000 0.585938
0 0.665625 0.597656 0.735938 0.625000 0.720313 0.660156 0.646875 0.636719
0 0.670312 0.650391 0.706250 0.648438 0.715625 0.714844 0.676562 0.720703
0 0.620313 0.080078 0.676562 0.037109 0.704688 0.056641 0.642188 0.103516
0 0.625000 0.128906 0.676562 0.093750 0.695312 0.117188 0.643750 0.152344
0 0.629687 0.167969 0.679688 0.123047 0.698438 0.144531 0.646875 0.183594
0 0.623437 0.191406 0.701562 0.152344 0.714063 0.175781 0.651563 0.220703
0 0.717187 0.298828 0.742188 0.296875 0.748437 0.349609 0.718750 0.353516
0 0.678125 0.298828 0.710938 0.291016 0.718750 0.361328 0.689063 0.369141
0 0.653125 0.292969 0.673438 0.292969 0.678125 0.347656 0.648438 0.347656
0 0.617188 0.292969 0.642188 0.287109 0.645312 0.347656 0.623437 0.347656
0 0.581250 0.281250 0.618750 0.287109 0.617188 0.357422 0.581250 0.355469
0 0.448437 0.330078 0.485938 0.330078 0.495312 0.402344 0.454688 0.410156
0 0.582812 0.462891 0.612500 0.458984 0.625000 0.519531 0.592187 0.525391
