0 0.629687 0.416016 0.721875 0.503906 0.689063 0.548828 0.601562 0.458984
0 0.570312 0.503906 0.601562 0.472656 0.689063 0.576172 0.650000 0.615234
0 0.465625 0.621094 0.500000 0.582031 0.587500 0.675781 0.548438 0.728516
0 0.396875 0.683594 0.435937 0.642578 0.515625 0.750000 0.478125 0.785156
0 0.356250 0.732422 0.460938 0.802734 0.442188 0.863281 0.331250 0.796875
0 0.284375 0.841797 0.367188 0.933594 0.323437 0.988281 0.248438 0.892578
0 0.232813 0.894531 0.320312 0.996094 0.273438 1.000000 0.200000 0.957031
0 0.875000 0.119141 0.973437 0.191406 0.939063 0.242188 0.845313 0.169922
4 0.750000 0.250000 0.851562 0.333984 0.815625 0.375000 0.725000 0.292969
4 0.342187 0.810547 0.406250 0.878906 0.379688 0.923828 0.312500 0.851562
1 0.515625 0.562500 0.550000 0.519531 0.651563 0.611328 0.610938 0.666016
0 0.932813 0.078125 0.964063 0.039062 1.000000 0.103516 1.000000 0.146484
0 0.804688 0.216797 0.885938 0.279297 0.857812 0.318359 0.779687 0.250000
0 0.909375 0.078125 1.000000 0.140625 0.976562 0.189453 0.878125 0.119141
0 0.690625 0.361328 0.718750 0.330078 0.800000 0.392578 0.771875 0.429688
0 0.645312 0.404297 0.682813 0.361328 0.781250 0.451172 0.740625 0.500000
