0 0.207813 0.853516 0.237500 0.853516 0.232813 0.931641 0.203125 0.931641
0 0.109375 0.923828 0.143750 0.921875 0.140625 0.998047 0.109375 1.000000
0 0.040625 0.593750 0.075000 0.597656 0.071875 0.671875 0.034375 0.671875
0 0.301563 0.763672 0.332813 0.742188 0.373437 0.812500 0.343750 0.833984
0 0.151562 0.466797 0.181250 0.451172 0.206250 0.507812 0.176563 0.523438
0 0.168750 0.392578 0.196875 0.390625 0.193750 0.457031 0.165625 0.457031
0 0.178125 0.271484 0.201563 0.273438 0.207813 0.335938 0.181250 0.335938
4 0.187500 0.205078 0.206250 0.205078 0.206250 0.271484 0.185938 0.273438
0 0.728125 0.503906 0.795312 0.501953 0.795312 0.544922 0.728125 0.546875
0 0.734375 0.464844 0.790625 0.462891 0.792188 0.501953 0.734375 0.498047
0 0.301563 0.523438 0.365625 0.529297 0.364063 0.562500 0.296875 0.558594
0 0.628125 0.445312 0.656250 0.445312 0.659375 0.511719 0.631250 0.511719
0 0.720313 0.425781 0.798438 0.423828 0.796875 0.462891 0.723437 0.462891
0 0.293750 0.490234 0.364063 0.484375 0.364063 0.519531 0.292187 0.523438
0 0.298438 0.453125 0.364063 0.447266 0.364063 0.480469 0.295312 0.486328
0 0.296875 0.386719 0.362500 0.380859 0.362500 0.417969 0.296875 0.416016
0 0.285938 0.349609 0.354687 0.343750 0.351562 0.378906 0.285938 0.386719
0 0.292187 0.310547 0.359375 0.304688 0.359375 0.335938 0.295312 0.339844
0 0.257812 0.269531 0.285938 0.267578 0.281250 0.337891 0.253125 0.333984
0 0.306250 0.228516 0.362500 0.224609 0.362500 0.255859 0.307812 0.255859
0 0.306250 0.253906 0.364063 0.253906 0.359375 0.292969 0.303125 0.289062
0 0.296875 0.189453 0.359375 0.187500 0.357812 0.216797 0.298438 0.216797
2 0.146875 0.531250 0.184375 0.533203 0.182812 0.630859 0.140625 0.630859
0 0.646875 0.691406 0.718750 0.685547 0.723437 0.730469 0.648438 0.730469
0 0.000000 0.589844 0.031250 0.587891 0.025000 0.660156 0.000000 0.660156
0 0.709375 0.367188 0.784375 0.363281 0.785937 0.404297 0.710938 0.404297
0 0.621875 0.371094 0.653125 0.371094 0.659375 0.439453 0.628125 0.441406
0 0.712500 0.335938 0.785937 0.332031 0.790625 0.363281 0.712500 0.369141
0 0.712500 0.296875 0.787500 0.300781 0.784375 0.332031 0.710938 0.332031
0 0.625000 0.261719 0.643750 0.257812 0.646875 0.308594 0.626563 0.308594
0 0.120313 0.181641 0.181250 0.185547 0.182812 0.212891 0.123438 0.216797
0 0.121875 0.158203 0.176563 0.156250 0.178125 0.185547 0.121875 0.187500
0 0.198437 0.062500 0.220312 0.066406 0.223438 0.117188 0.196875 0.117188
0 0.131250 0.128906 0.184375 0.126953 0.185938 0.152344 0.134375 0.154297
0 0.201563 0.019531 0.225000 0.021484 0.226562 0.062500 0.203125 0.062500
0 0.715625 0.181641 0.771875 0.183594 0.771875 0.210938 0.717187 0.207031
0 0.706250 0.210938 0.757812 0.207031 0.764062 0.238281 0.710938 0.246094
0 0.614062 0.191406 0.640625 0.191406 0.646875 0.253906 0.618750 0.253906
0 0.696875 0.240234 0.765625 0.244141 0.764062 0.273438 0.696875 0.277344
0 0.135937 0.804688 0.162500 0.808594 0.156250 0.884766 0.121875 0.882812
