3 0.450000 0.000000 0.493750 0.000000 0.518750 0.183594 0.473438 0.189453
3 0.009375 0.107422 0.046875 0.062500 0.182812 0.185547 0.154688 0.238281
3 0.076563 0.019531 0.221875 0.150391 0.190625 0.197266 0.045312 0.070312
3 0.084375 0.033203 0.118750 0.000000 0.251563 0.111328 0.217188 0.160156
3 0.139063 0.000000 0.171875 0.000000 0.307812 0.054688 0.271875 0.101562
0 0.898438 0.896484 0.976562 0.960938 0.951562 1.000000 0.873437 0.941406
0 0.742188 0.054688 0.789062 0.000000 0.814063 0.021484 0.768750 0.082031
0 0.954688 0.103516 0.985938 0.134766 0.937500 0.205078 0.906250 0.171875
3 0.843750 0.318359 0.898438 0.294922 0.953125 0.498047 0.903125 0.523438
3 0.776563 0.263672 0.826562 0.244141 0.879687 0.449219 0.825000 0.462891
3 0.714063 0.210938 0.759375 0.199219 0.806250 0.400391 0.756250 0.406250
3 0.657813 0.160156 0.707812 0.150391 0.742188 0.351562 0.692187 0.361328
3 0.584375 0.107422 0.634375 0.091797 0.667188 0.296875 0.617188 0.304688
3 0.507812 0.048828 0.550000 0.035156 0.600000 0.220703 0.553125 0.234375
3 0.610938 0.871094 0.764062 1.000000 0.721875 1.000000 0.578125 0.937500
3 0.651563 0.814453 0.818750 0.966797 0.784375 1.000000 0.615625 0.882812
3 0.692187 0.748047 0.854688 0.890625 0.818750 0.951172 0.659375 0.806641
3 0.732812 0.710938 0.885938 0.847656 0.857812 0.902344 0.698438 0.765625
3 0.310937 0.566406 0.460938 0.714844 0.421875 0.765625 0.276562 0.625000
3 0.353125 0.525391 0.498437 0.664062 0.462500 0.718750 0.315625 0.580078
3 0.357812 0.501953 0.400000 0.453125 0.537500 0.585938 0.503125 0.640625
3 0.453125 0.423828 0.596875 0.552734 0.560937 0.605469 0.417187 0.474609
3 0.532813 0.423828 0.682813 0.542969 0.656250 0.603516 0.501563 0.480469
3 0.571875 0.375000 0.718750 0.498047 0.682813 0.556641 0.535937 0.433594
3 0.428125 0.267578 0.565625 0.380859 0.537500 0.431641 0.396875 0.318359
3 0.392188 0.304688 0.534375 0.421875 0.507812 0.468750 0.360938 0.359375
3 0.312500 0.296875 0.443750 0.417969 0.409375 0.476562 0.271875 0.355469
3 0.220312 0.384766 0.360938 0.527344 0.318750 0.576172 0.187500 0.435547
3 0.182812 0.615234 0.225000 0.666016 0.096875 0.828125 0.048438 0.789062
3 0.123438 0.566406 0.173437 0.609375 0.053125 0.785156 0.004687 0.736328
3 0.060937 0.521484 0.115625 0.554688 0.018750 0.734375 0.000000 0.691406
3 0.000000 0.140625 0.118750 0.275391 0.081250 0.326172 0.000000 0.191406
3 0.003125 0.099609 0.151562 0.230469 0.120313 0.275391 0.000000 0.144531
