0 0.017188 0.720703 0.037500 0.757812 0.000000 0.820312 0.000000 0.789062
0 0.042188 0.781250 0.068750 0.798828 0.028125 0.875000 0.006250 0.859375
0 0.065625 0.833984 0.090625 0.865234 0.053125 0.937500 0.023438 0.917969
0 0.076563 0.916016 0.110937 0.931641 0.075000 1.000000 0.043750 0.990234
0 0.598437 0.947266 0.687500 0.933594 0.695312 0.976562 0.612500 0.994141
0 0.568750 0.890625 0.646875 0.863281 0.653125 0.906250 0.575000 0.929688
0 0.532813 0.828125 0.618750 0.810547 0.625000 0.855469 0.543750 0.867188
0 0.462500 0.724609 0.540625 0.703125 0.553125 0.742188 0.471875 0.773438
0 0.440625 0.664062 0.523438 0.644531 0.528125 0.687500 0.450000 0.705078
0 0.410938 0.607422 0.492188 0.585938 0.500000 0.625000 0.425000 0.644531
0 0.342187 0.445312 0.415625 0.437500 0.417187 0.470703 0.348438 0.476562
0 0.318750 0.400391 0.401562 0.376953 0.410938 0.417969 0.331250 0.429688
0 0.290625 0.345703 0.371875 0.332031 0.375000 0.367188 0.298438 0.375000
0 0.289062 0.289062 0.365625 0.283203 0.362500 0.320312 0.289062 0.320312
0 0.259375 0.234375 0.329688 0.230469 0.332813 0.271484 0.260937 0.275391
0 0.215625 0.195312 0.300000 0.179688 0.303125 0.210938 0.228125 0.226562
0 0.168750 0.000000 0.195312 0.000000 0.220312 0.039062 0.192188 0.054688
0 0.218750 0.000000 0.245312 0.000000 0.264062 0.037109 0.243750 0.046875
0 0.400000 0.111328 0.429688 0.109375 0.434375 0.203125 0.406250 0.203125
0 0.546875 0.447266 0.568750 0.419922 0.607812 0.498047 0.584375 0.521484
0 0.975000 0.199219 1.000000 0.169922 1.000000 0.201172 0.996875 0.234375
0 1.000000 0.099609 1.000000 0.109375 0.987500 0.183594 0.960938 0.156250
0 0.979688 0.042969 1.000000 0.066406 0.956250 0.140625 0.923438 0.113281
0 0.842187 0.001953 0.903125 0.000000 0.917188 0.001953 0.860938 0.031250
