0 0.000000 0.363281 0.048438 0.369141 0.048438 0.396484 0.000000 0.390625
0 0.000000 0.392578 0.051562 0.398438 0.045312 0.431641 0.000000 0.429688
0 0.000000 0.427734 0.048438 0.429688 0.048438 0.462891 0.000000 0.466797
0 0.321875 0.339844 0.385937 0.341797 0.384375 0.373047 0.320312 0.375000
0 0.325000 0.431641 0.382812 0.431641 0.382812 0.464844 0.325000 0.464844
0 0.329688 0.470703 0.381250 0.468750 0.379688 0.494141 0.325000 0.498047
0 0.335938 0.507812 0.384375 0.509766 0.382812 0.535156 0.331250 0.544922
0 0.312500 0.611328 0.379688 0.609375 0.381250 0.640625 0.312500 0.640625
0 0.321875 0.646484 0.382812 0.646484 0.382812 0.679688 0.321875 0.681641
0 0.335938 0.685547 0.400000 0.708984 0.393750 0.736328 0.325000 0.718750
0 0.484375 0.447266 0.551562 0.445312 0.554688 0.480469 0.484375 0.484375
0 0.485938 0.556641 0.554688 0.556641 0.556250 0.583984 0.484375 0.589844
0 0.484375 0.593750 0.564063 0.589844 0.564063 0.626953 0.482812 0.630859
0 0.484375 0.626953 0.568750 0.626953 0.570312 0.658203 0.484375 0.658203
0 0.492188 0.662109 0.570312 0.660156 0.570312 0.697266 0.493750 0.697266
0 0.503125 0.738281 0.576562 0.736328 0.576562 0.773438 0.504687 0.773438
0 0.507812 0.773438 0.582812 0.777344 0.584375 0.812500 0.507812 0.816406
0 0.507812 0.814453 0.584375 0.816406 0.582812 0.849609 0.510938 0.847656
0 0.512500 0.849609 0.585938 0.851562 0.587500 0.886719 0.515625 0.898438
0 0.509375 0.923828 0.587500 0.916016 0.587500 0.953125 0.514062 0.964844
