4 0.820312 0.427734 0.853125 0.433594 0.848437 0.566406 0.806250 0.556641
4 0.745313 0.425781 0.785937 0.431641 0.775000 0.566406 0.734375 0.564453
3 0.070312 0.000000 0.139063 0.000000 0.120313 0.111328 0.065625 0.103516
3 0.173437 0.000000 0.225000 0.000000 0.198437 0.121094 0.145313 0.109375
3 0.257812 0.000000 0.306250 0.000000 0.284375 0.144531 0.239063 0.140625
3 0.335938 0.000000 0.381250 0.000000 0.362500 0.156250 0.318750 0.156250
3 0.406250 0.000000 0.451562 0.000000 0.445312 0.164062 0.401562 0.169922
3 0.517188 0.000000 0.570312 0.000000 0.556250 0.171875 0.506250 0.164062
3 0.596875 0.000000 0.643750 0.000000 0.628125 0.183594 0.579688 0.179688
3 0.662500 0.449219 0.701562 0.449219 0.700000 0.654297 0.656250 0.650391
3 0.585938 0.431641 0.629687 0.429688 0.634375 0.644531 0.589063 0.644531
3 0.525000 0.369141 0.568750 0.365234 0.560937 0.658203 0.515625 0.648438
3 0.470313 0.363281 0.512500 0.363281 0.492188 0.625000 0.450000 0.621094
3 0.395313 0.380859 0.442188 0.376953 0.425000 0.640625 0.378125 0.644531
3 0.329688 0.380859 0.375000 0.382812 0.360938 0.630859 0.312500 0.625000
3 0.187500 0.357422 0.243750 0.359375 0.221875 0.607422 0.171875 0.603516
3 0.068750 0.343750 0.118750 0.349609 0.090625 0.589844 0.037500 0.585938
3 0.029687 0.630859 0.076563 0.642578 0.056250 0.914062 0.000000 0.914062
3 0.131250 0.646484 0.184375 0.654297 0.168750 0.929688 0.101562 0.925781
3 0.204687 0.621094 0.254688 0.623047 0.231250 0.931641 0.181250 0.927734
3 0.293750 0.628906 0.342187 0.632812 0.331250 0.937500 0.276562 0.945312
3 0.370312 0.667969 0.418750 0.671875 0.410938 0.929688 0.359375 0.937500
3 0.443750 0.634766 0.500000 0.642578 0.493750 0.914062 0.432812 0.910156
3 0.562500 0.677734 0.617188 0.673828 0.606250 0.953125 0.557813 0.949219
3 0.718750 0.648438 0.767188 0.652344 0.760938 0.925781 0.707812 0.925781
4 0.873437 0.433594 0.918750 0.435547 0.920312 0.585938 0.870313 0.587891
3 0.935937 0.671875 0.995313 0.666016 0.996875 0.945312 0.932813 0.941406
0 0.954688 0.000000 0.987500 0.000000 0.989062 0.074219 0.959375 0.078125
0 0.940625 0.429688 0.979688 0.435547 0.975000 0.535156 0.940625 0.546875
4 0.781250 0.060547 0.818750 0.064453 0.818750 0.210938 0.775000 0.205078
