0 0.948438 0.410156 0.987500 0.410156 0.995313 0.509766 0.960938 0.515625
0 0.901563 0.417969 0.939063 0.416016 0.945312 0.523438 0.907813 0.529297
0 0.850000 0.419922 0.889062 0.416016 0.895312 0.531250 0.857812 0.533203
0 0.940625 0.306641 0.978125 0.300781 0.987500 0.400391 0.951562 0.406250
0 0.890625 0.310547 0.925000 0.306641 0.937500 0.410156 0.901563 0.414062
0 0.837500 0.310547 0.875000 0.306641 0.887500 0.412109 0.848437 0.417969
0 0.792188 0.318359 0.828125 0.318359 0.834375 0.421875 0.796875 0.423828
0 0.740625 0.308594 0.773438 0.306641 0.781250 0.408203 0.746875 0.410156
0 0.804688 0.425781 0.839063 0.423828 0.848437 0.535156 0.809375 0.539062
0 0.753125 0.414062 0.787500 0.416016 0.795312 0.525391 0.760938 0.527344
0 0.704688 0.417969 0.739062 0.416016 0.748437 0.525391 0.707812 0.529297
0 0.693750 0.302734 0.728125 0.298828 0.735938 0.402344 0.701562 0.406250
0 0.929688 0.201172 0.965625 0.199219 0.976562 0.296875 0.937500 0.300781
0 0.878125 0.203125 0.918750 0.199219 0.926562 0.300781 0.889062 0.304688
0 0.829688 0.205078 0.864062 0.203125 0.873437 0.306641 0.835938 0.306641
0 0.784375 0.226562 0.818750 0.226562 0.823438 0.314453 0.787500 0.316406
0 0.735938 0.210938 0.768750 0.210938 0.771875 0.300781 0.739062 0.300781
0 0.659375 0.431641 0.695312 0.429688 0.700000 0.541016 0.662500 0.539062
0 0.651563 0.324219 0.684375 0.320312 0.690625 0.425781 0.653125 0.425781
0 0.690625 0.203125 0.721875 0.201172 0.726562 0.294922 0.693750 0.296875
0 0.968750 0.093750 1.000000 0.089844 1.000000 0.187500 0.978125 0.187500
0 0.918750 0.093750 0.953125 0.093750 0.964063 0.193359 0.925000 0.193359
0 0.903125 0.031250 0.996875 0.033203 1.000000 0.080078 0.904687 0.080078
0 0.825000 0.115234 0.857812 0.113281 0.865625 0.199219 0.829688 0.197266
0 0.776563 0.123047 0.810937 0.121094 0.812500 0.218750 0.778125 0.220703
0 0.729688 0.115234 0.762500 0.109375 0.770312 0.207031 0.737500 0.207031
0 0.640625 0.216797 0.676562 0.214844 0.681250 0.310547 0.646875 0.312500
0 0.593750 0.210938 0.631250 0.208984 0.635938 0.310547 0.598437 0.310547
0 0.587500 0.109375 0.625000 0.105469 0.629687 0.203125 0.590625 0.208984
0 0.545312 0.111328 0.576562 0.111328 0.579688 0.207031 0.545312 0.207031
0 0.496875 0.105469 0.531250 0.103516 0.531250 0.199219 0.496875 0.201172
0 0.548438 0.212891 0.584375 0.212891 0.585938 0.310547 0.551562 0.310547
0 0.501563 0.220703 0.537500 0.220703 0.542188 0.306641 0.506250 0.308594
0 0.448437 0.208984 0.487500 0.208984 0.487500 0.304688 0.450000 0.304688
0 0.404687 0.216797 0.440625 0.216797 0.439063 0.302734 0.404687 0.300781
0 0.448437 0.103516 0.485938 0.105469 0.485938 0.203125 0.451562 0.203125
0 0.401562 0.111328 0.434375 0.111328 0.435937 0.207031 0.400000 0.210938
0 0.310937 0.097656 0.350000 0.103516 0.339062 0.197266 0.296875 0.195312
0 0.301563 0.205078 0.340625 0.203125 0.340625 0.304688 0.301563 0.304688
0 0.600000 0.316406 0.635938 0.316406 0.645312 0.421875 0.606250 0.423828
0 0.557813 0.314453 0.592187 0.314453 0.593750 0.425781 0.557813 0.423828
0 0.506250 0.314453 0.539062 0.314453 0.543750 0.425781 0.507812 0.427734
0 0.459375 0.308594 0.490625 0.308594 0.493750 0.412109 0.457813 0.412109
0 0.412500 0.306641 0.442188 0.306641 0.442188 0.408203 0.409375 0.406250
0 0.354687 0.310547 0.390625 0.310547 0.390625 0.414062 0.351562 0.412109
0 0.307812 0.314453 0.340625 0.314453 0.339062 0.414062 0.301563 0.414062
0 0.562500 0.427734 0.600000 0.429688 0.600000 0.542969 0.559375 0.544922
0 0.459375 0.417969 0.495312 0.421875 0.498437 0.537109 0.462500 0.535156
0 0.404687 0.416016 0.442188 0.414062 0.442188 0.525391 0.407813 0.525391
0 0.357812 0.416016 0.393750 0.414062 0.387500 0.523438 0.353125 0.519531
0 0.312500 0.421875 0.343750 0.421875 0.342187 0.529297 0.307812 0.527344
0 0.807813 0.652344 0.845313 0.650391 0.854688 0.765625 0.817187 0.765625
0 0.753125 0.652344 0.792188 0.648438 0.806250 0.763672 0.764062 0.767578
0 0.648438 0.648438 0.687500 0.646484 0.693750 0.759766 0.659375 0.761719
0 0.596875 0.650391 0.634375 0.648438 0.642188 0.759766 0.604688 0.765625
0 0.545312 0.656250 0.582812 0.654297 0.587500 0.769531 0.550000 0.769531
0 0.490625 0.660156 0.528125 0.658203 0.534375 0.773438 0.496875 0.775391
0 0.440625 0.660156 0.482812 0.658203 0.484375 0.775391 0.445312 0.775391
0 0.389062 0.658203 0.425000 0.658203 0.432812 0.769531 0.393750 0.771484
0 0.337500 0.658203 0.378125 0.658203 0.375000 0.777344 0.334375 0.775391
0 0.289062 0.656250 0.329688 0.652344 0.325000 0.773438 0.284375 0.771484
0 0.343750 0.787109 0.381250 0.785156 0.381250 0.904297 0.343750 0.906250
0 0.395313 0.785156 0.432812 0.785156 0.437500 0.902344 0.396875 0.906250
0 0.445312 0.783203 0.484375 0.783203 0.484375 0.908203 0.445312 0.908203
0 0.496875 0.787109 0.534375 0.785156 0.532813 0.910156 0.495312 0.904297
0 0.551562 0.777344 0.589063 0.779297 0.585938 0.902344 0.551562 0.898438
0 0.609375 0.775391 0.646875 0.775391 0.648438 0.896484 0.609375 0.894531
0 0.662500 0.769531 0.701562 0.769531 0.701562 0.894531 0.664062 0.890625
0 0.918750 0.650391 0.957812 0.648438 0.968750 0.763672 0.928125 0.765625
0 0.973437 0.652344 1.000000 0.648438 1.000000 0.763672 0.989062 0.767578
0 0.765625 0.779297 0.804688 0.777344 0.815625 0.902344 0.776563 0.904297
0 0.820312 0.779297 0.862500 0.777344 0.873437 0.900391 0.832812 0.900391
0 0.878125 0.773438 0.914062 0.769531 0.923438 0.894531 0.882812 0.894531
0 0.929688 0.777344 0.968750 0.773438 0.982812 0.892578 0.940625 0.896484
0 0.943750 0.910156 0.987500 0.908203 0.995313 1.000000 0.954688 1.000000
0 0.887500 0.906250 0.926562 0.906250 0.935937 1.000000 0.892188 1.000000
0 0.834375 0.910156 0.871875 0.908203 0.878125 1.000000 0.835938 1.000000
0 0.773438 0.910156 0.815625 0.910156 0.818750 1.000000 0.776563 1.000000
0 0.712500 0.908203 0.753125 0.906250 0.754687 1.000000 0.712500 1.000000
0 0.654687 0.904297 0.695312 0.904297 0.698438 1.000000 0.659375 1.000000
0 0.601562 0.914062 0.639062 0.912109 0.642188 1.000000 0.607812 1.000000
0 0.545312 0.912109 0.584375 0.910156 0.587500 1.000000 0.548438 1.000000
0 0.495312 0.919922 0.532813 0.919922 0.532813 1.000000 0.496875 1.000000
0 0.432812 0.916016 0.471875 0.916016 0.471875 1.000000 0.432812 1.000000
0 0.378125 0.919922 0.415625 0.919922 0.417187 1.000000 0.378125 1.000000
0 0.317188 0.917969 0.353125 0.917969 0.356250 1.000000 0.317188 1.000000
0 0.134375 0.957031 0.173437 0.957031 0.167187 1.000000 0.129688 1.000000
0 0.071875 0.947266 0.115625 0.947266 0.106250 1.000000 0.064062 1.000000
0 0.131250 0.820312 0.175000 0.820312 0.167187 0.945312 0.126562 0.943359
0 0.075000 0.812500 0.118750 0.814453 0.107813 0.937500 0.065625 0.937500
0 0.012500 0.826172 0.062500 0.826172 0.046875 0.955078 0.003125 0.953125
0 0.142187 0.691406 0.184375 0.691406 0.178125 0.812500 0.134375 0.810547
0 0.087500 0.691406 0.132812 0.689453 0.118750 0.806641 0.079687 0.804688
0 0.035937 0.695312 0.078125 0.695312 0.064062 0.812500 0.020313 0.812500
0 0.164062 0.437500 0.206250 0.437500 0.203125 0.552734 0.159375 0.550781
0 0.114062 0.425781 0.153125 0.429688 0.140625 0.544922 0.098437 0.541016
0 0.053125 0.433594 0.090625 0.437500 0.084375 0.550781 0.040625 0.552734
0 0.000000 0.433594 0.035937 0.433594 0.031250 0.542969 0.000000 0.546875
0 0.168750 0.324219 0.204687 0.324219 0.203125 0.437500 0.160938 0.433594
0 0.118750 0.316406 0.156250 0.316406 0.146875 0.425781 0.107813 0.423828
0 0.068750 0.320312 0.104688 0.322266 0.098437 0.433594 0.056250 0.425781
0 0.006250 0.322266 0.042188 0.322266 0.039062 0.427734 0.001563 0.427734
0 0.184375 0.218750 0.221875 0.222656 0.212500 0.320312 0.171875 0.316406
0 0.129688 0.214844 0.165625 0.218750 0.154688 0.318359 0.118750 0.314453
0 0.070312 0.216797 0.109375 0.218750 0.103125 0.318359 0.062500 0.316406
0 0.017188 0.207031 0.054688 0.208984 0.046875 0.318359 0.003125 0.312500
0 0.153125 0.111328 0.189062 0.113281 0.182812 0.205078 0.148438 0.203125
0 0.082812 0.115234 0.123438 0.115234 0.114062 0.216797 0.078125 0.208984
0 0.035937 0.113281 0.071875 0.117188 0.060937 0.205078 0.020313 0.199219
