0 0.434375 0.714844 0.476562 0.714844 0.475000 0.839844 0.432812 0.839844
0 0.498437 0.716797 0.537500 0.720703 0.532813 0.853516 0.489063 0.851562
0 0.548438 0.601562 0.590625 0.601562 0.592187 0.732422 0.548438 0.730469
0 0.601562 0.605469 0.642188 0.605469 0.646875 0.714844 0.607812 0.716797
0 0.603125 0.724609 0.648438 0.722656 0.657813 0.855469 0.614062 0.855469
0 0.667188 0.712891 0.707812 0.708984 0.712500 0.843750 0.665625 0.843750
0 0.651563 0.593750 0.690625 0.587891 0.709375 0.699219 0.667188 0.705078
0 0.725000 0.582031 0.764062 0.583984 0.771875 0.705078 0.731250 0.705078
0 0.734375 0.716797 0.773438 0.716797 0.781250 0.859375 0.740625 0.859375
0 0.921875 0.732422 0.965625 0.734375 0.981250 0.855469 0.932813 0.855469
0 0.853125 0.722656 0.896875 0.722656 0.915625 0.869141 0.868750 0.869141
0 0.845313 0.593750 0.885938 0.595703 0.896875 0.716797 0.850000 0.716797
0 0.907813 0.597656 0.948438 0.597656 0.957812 0.724609 0.917188 0.726562
0 0.964063 0.583984 1.000000 0.582031 1.000000 0.710938 0.979688 0.712891
0 0.956250 0.357422 0.993750 0.359375 1.000000 0.472656 0.964063 0.474609
0 0.901563 0.355469 0.942187 0.353516 0.953125 0.484375 0.910937 0.484375
0 0.843750 0.363281 0.882812 0.363281 0.892188 0.480469 0.854688 0.480469
0 0.751563 0.009766 0.787500 0.013672 0.792188 0.113281 0.753125 0.113281
0 0.757812 0.113281 0.792188 0.115234 0.800000 0.212891 0.762500 0.214844
0 0.814063 0.189453 0.850000 0.187500 0.854688 0.292969 0.818750 0.292969
0 0.764062 0.220703 0.801562 0.218750 0.806250 0.328125 0.765625 0.326172
0 0.784375 0.359375 0.826562 0.359375 0.829688 0.468750 0.789062 0.470703
0 0.729688 0.351562 0.770312 0.351562 0.773438 0.482422 0.731250 0.480469
0 0.668750 0.357422 0.709375 0.359375 0.712500 0.486328 0.668750 0.488281
0 0.703125 0.214844 0.742188 0.212891 0.750000 0.328125 0.709375 0.328125
0 0.698438 0.087891 0.735938 0.087891 0.742188 0.197266 0.701562 0.197266
0 0.693750 0.000000 0.728125 0.000000 0.734375 0.085938 0.695312 0.087891
0 0.648438 0.027344 0.684375 0.027344 0.687500 0.125000 0.651563 0.125000
0 0.650000 0.130859 0.685937 0.130859 0.693750 0.232422 0.656250 0.230469
0 0.656250 0.236328 0.692187 0.238281 0.696875 0.341797 0.657813 0.341797
0 0.598437 0.214844 0.634375 0.212891 0.639062 0.339844 0.601562 0.339844
0 0.596875 0.105469 0.634375 0.107422 0.635938 0.210938 0.596875 0.208984
0 0.535937 0.000000 0.576562 0.000000 0.581250 0.117188 0.537500 0.117188
0 0.540625 0.125000 0.575000 0.125000 0.581250 0.228516 0.543750 0.228516
0 0.535937 0.228516 0.571875 0.228516 0.579688 0.341797 0.539062 0.341797
0 0.603125 0.359375 0.642188 0.361328 0.646875 0.472656 0.607812 0.472656
0 0.545312 0.359375 0.581250 0.357422 0.590625 0.466797 0.551562 0.466797
0 0.495312 0.361328 0.531250 0.361328 0.537500 0.476562 0.500000 0.476562
0 0.442188 0.361328 0.479687 0.361328 0.484375 0.480469 0.445312 0.482422
0 0.490625 0.607422 0.528125 0.611328 0.529687 0.710938 0.490625 0.712891
0 0.432812 0.613281 0.470313 0.615234 0.475000 0.707031 0.432812 0.708984
0 0.284375 0.667969 0.325000 0.667969 0.323437 0.794922 0.281250 0.794922
0 0.228125 0.677734 0.268750 0.677734 0.267188 0.818359 0.221875 0.818359
0 0.170313 0.685547 0.209375 0.687500 0.207813 0.802734 0.168750 0.804688
0 0.120313 0.685547 0.160938 0.687500 0.154688 0.814453 0.110937 0.814453
0 0.060937 0.681641 0.101562 0.681641 0.098437 0.798828 0.054688 0.798828
0 0.000000 0.693359 0.043750 0.691406 0.042188 0.810547 0.000000 0.810547
0 0.293750 0.552734 0.332813 0.554688 0.328125 0.666016 0.285938 0.666016
0 0.239063 0.560547 0.278125 0.562500 0.273438 0.669922 0.234375 0.669922
0 0.179688 0.566406 0.217188 0.568359 0.210938 0.673828 0.170313 0.673828
0 0.118750 0.570312 0.162500 0.572266 0.156250 0.681641 0.114062 0.679688
0 0.070312 0.564453 0.107813 0.568359 0.101562 0.679688 0.060937 0.679688
0 0.007812 0.580078 0.050000 0.580078 0.045312 0.687500 0.000000 0.689453
0 0.000000 0.345703 0.031250 0.349609 0.017188 0.476562 0.000000 0.474609
0 0.045312 0.345703 0.084375 0.353516 0.071875 0.470703 0.031250 0.466797
0 0.098437 0.347656 0.140625 0.349609 0.132812 0.462891 0.090625 0.460938
0 0.157812 0.347656 0.195312 0.357422 0.181250 0.466797 0.142187 0.460938
0 0.207813 0.355469 0.245312 0.359375 0.235937 0.474609 0.195312 0.470703
0 0.256250 0.357422 0.292187 0.357422 0.293750 0.468750 0.254688 0.470703
0 0.142187 0.216797 0.235937 0.222656 0.237500 0.265625 0.137500 0.259766
0 0.020313 0.091797 0.110937 0.103516 0.106250 0.146484 0.014063 0.134766
0 0.131250 0.123047 0.225000 0.130859 0.221875 0.171875 0.128125 0.164062
0 0.184375 0.066406 0.278125 0.070312 0.276562 0.111328 0.182812 0.107422
0 0.032813 0.042969 0.128125 0.050781 0.123438 0.093750 0.028125 0.085938
