0 0.020313 0.250000 0.054688 0.269531 0.026562 0.388672 0.000000 0.367188
0 0.056250 0.302734 0.096875 0.304688 0.089063 0.431641 0.045312 0.429688
0 0.109375 0.357422 0.148438 0.363281 0.134375 0.484375 0.090625 0.472656
0 0.157812 0.414062 0.189062 0.429688 0.176563 0.537109 0.131250 0.527344
0 0.045312 0.695312 0.150000 0.656250 0.167187 0.705078 0.057813 0.753906
0 0.059375 0.775391 0.159375 0.744141 0.171875 0.789062 0.067187 0.832031
0 0.103125 0.906250 0.137500 0.894531 0.168750 1.000000 0.120313 1.000000
0 0.253125 0.937500 0.359375 0.916016 0.370312 0.966797 0.262500 0.988281
0 0.264062 0.865234 0.356250 0.835938 0.371875 0.884766 0.271875 0.916016
0 0.267188 0.798828 0.368750 0.759766 0.384375 0.808594 0.279687 0.839844
0 0.840625 0.169922 0.929688 0.214844 0.914062 0.255859 0.821875 0.207031
