0 0.642188 0.962891 0.690625 0.923828 0.707812 0.955078 0.656250 0.990234
0 0.631250 0.916016 0.679688 0.876953 0.696875 0.908203 0.645312 0.943359
0 0.620313 0.871094 0.668750 0.832031 0.685937 0.863281 0.634375 0.898438
0 0.600000 0.839844 0.648438 0.800781 0.665625 0.832031 0.614062 0.867188
0 0.589063 0.798828 0.637500 0.759766 0.654687 0.791016 0.603125 0.826172
0 0.571875 0.753906 0.620313 0.714844 0.637500 0.746094 0.585938 0.781250
0 0.565625 0.712891 0.614062 0.673828 0.631250 0.705078 0.579688 0.740234
0 0.507812 0.529297 0.556250 0.490234 0.573438 0.521484 0.521875 0.556641
0 0.503125 0.482422 0.542188 0.451172 0.557813 0.486328 0.510938 0.507812
0 0.492188 0.451172 0.531250 0.419922 0.554688 0.439453 0.509375 0.470703
0 0.475000 0.423828 0.514062 0.392578 0.537500 0.412109 0.492188 0.443359
0 0.465625 0.394531 0.504687 0.363281 0.528125 0.382812 0.482812 0.414062
0 0.450000 0.371094 0.489063 0.339844 0.512500 0.359375 0.467187 0.390625
0 0.443750 0.343750 0.482812 0.312500 0.506250 0.332031 0.460938 0.363281
0 0.437500 0.316406 0.476562 0.285156 0.500000 0.304688 0.454688 0.335938
0 0.421875 0.296875 0.460938 0.265625 0.484375 0.285156 0.439063 0.316406
0 0.406250 0.271484 0.445312 0.240234 0.468750 0.259766 0.423438 0.291016
0 0.393750 0.246094 0.432812 0.214844 0.456250 0.234375 0.410938 0.265625
0 0.378125 0.224609 0.417187 0.193359 0.440625 0.212891 0.395313 0.244141
0 0.001563 0.472656 0.043750 0.505859 0.025000 0.531250 0.000000 0.490234
0 0.051562 0.457031 0.070312 0.439453 0.112500 0.472656 0.093750 0.498047
0 0.081250 0.433594 0.100000 0.416016 0.142187 0.449219 0.123438 0.474609
0 0.148438 0.384766 0.167187 0.367188 0.209375 0.400391 0.189062 0.427734
0 0.065625 0.000000 0.085938 0.000000 0.112500 0.001953 0.092188 0.023438
0 0.100000 0.037109 0.120313 0.015625 0.146875 0.060547 0.126562 0.082031
0 0.181250 0.015625 0.201563 0.000000 0.228125 0.039062 0.207813 0.060547
0 0.140625 0.093750 0.160938 0.072266 0.187500 0.117188 0.164062 0.134766
0 0.178125 0.130859 0.198437 0.109375 0.225000 0.154297 0.201563 0.171875
0 0.167187 0.208984 0.187500 0.187500 0.214062 0.232422 0.190625 0.250000
0 0.204687 0.179688 0.225000 0.158203 0.251563 0.203125 0.228125 0.220703
0 0.246875 0.230469 0.275000 0.218750 0.298438 0.269531 0.275000 0.291016
0 0.212500 0.255859 0.242188 0.240234 0.262500 0.316406 0.232813 0.328125
0 0.290625 0.437500 0.320312 0.421875 0.340625 0.498047 0.310937 0.509766
0 0.303125 0.503906 0.332813 0.488281 0.353125 0.564453 0.323437 0.576172
0 0.328125 0.583984 0.357812 0.568359 0.378125 0.644531 0.348438 0.656250
0 0.332813 0.328125 0.362500 0.312500 0.382812 0.388672 0.353125 0.400391
0 0.328125 0.410156 0.357812 0.394531 0.378125 0.470703 0.348438 0.482422
0 0.342187 0.480469 0.371875 0.464844 0.392188 0.541016 0.362500 0.552734
0 0.370312 0.556641 0.400000 0.541016 0.420312 0.617188 0.390625 0.628906
0 0.439063 0.830078 0.468750 0.814453 0.489063 0.890625 0.459375 0.902344
0 0.415625 0.742188 0.445312 0.726562 0.465625 0.802734 0.435937 0.814453
0 0.396875 0.654297 0.426563 0.638672 0.446875 0.714844 0.417187 0.726562
0 0.343750 0.671875 0.373437 0.656250 0.393750 0.732422 0.364063 0.744141
0 0.387500 0.843750 0.417187 0.828125 0.440625 0.914062 0.414062 0.927734
0 0.471875 0.916016 0.501563 0.900391 0.525000 0.986328 0.498437 1.000000
0 0.482812 0.611328 0.512500 0.595703 0.534375 0.671875 0.506250 0.687500
