2 0.504687 0.869141 0.610938 0.857422 0.618750 0.906250 0.506250 0.921875
2 0.515625 0.910156 0.631250 0.910156 0.634375 0.972656 0.515625 0.978516
2 0.384375 0.931641 0.507812 0.914062 0.515625 0.980469 0.390625 0.988281
2 0.400000 0.884766 0.504687 0.876953 0.509375 0.927734 0.398438 0.935547
2 0.375000 0.822266 0.500000 0.810547 0.501563 0.878906 0.389062 0.888672
2 0.503125 0.820312 0.595313 0.804688 0.604688 0.859375 0.498437 0.873047
2 0.498437 0.765625 0.606250 0.755859 0.617188 0.816406 0.503125 0.824219
2 0.381250 0.771484 0.495312 0.767578 0.501563 0.824219 0.381250 0.832031
2 0.757812 0.791016 0.868750 0.791016 0.875000 0.855469 0.762500 0.847656
1 0.689063 0.060547 0.743750 0.064453 0.750000 0.105469 0.687500 0.107422
1 0.685937 0.117188 0.740625 0.115234 0.743750 0.156250 0.685937 0.158203
2 0.575000 0.169922 0.653125 0.167969 0.650000 0.207031 0.579688 0.210938
0 0.728125 0.619141 0.809375 0.632812 0.806250 0.667969 0.718750 0.667969
0 0.718750 0.560547 0.800000 0.554688 0.804688 0.603516 0.718750 0.597656
0 0.684375 0.523438 0.757812 0.525391 0.757812 0.562500 0.679688 0.566406
0 0.710938 0.441406 0.798438 0.439453 0.795312 0.496094 0.707812 0.486328
0 0.714063 0.398438 0.784375 0.390625 0.800000 0.433594 0.726562 0.445312
0 0.668750 0.363281 0.743750 0.357422 0.750000 0.394531 0.685937 0.404297
0 0.664062 0.332031 0.737500 0.318359 0.748437 0.363281 0.673438 0.371094
0 0.670312 0.175781 0.725000 0.173828 0.731250 0.205078 0.671875 0.214844
0 0.398438 0.691406 0.481250 0.685547 0.490625 0.726562 0.406250 0.744141
0 0.389062 0.628906 0.468750 0.617188 0.475000 0.658203 0.389062 0.664062
0 0.403125 0.585938 0.478125 0.582031 0.481250 0.628906 0.400000 0.626953
0 0.373437 0.527344 0.453125 0.529297 0.453125 0.568359 0.378125 0.568359
0 0.382812 0.488281 0.451562 0.488281 0.459375 0.527344 0.382812 0.521484
0 0.078125 0.029297 0.109375 0.031250 0.110937 0.099609 0.071875 0.105469
3 0.359375 0.425781 0.465625 0.410156 0.473438 0.457031 0.368750 0.474609
3 0.357812 0.382812 0.459375 0.371094 0.467187 0.410156 0.360938 0.423828
1 0.362500 0.332031 0.432812 0.314453 0.435937 0.351562 0.367188 0.367188
2 0.353125 0.273438 0.450000 0.259766 0.451562 0.304688 0.356250 0.318359
2 0.351562 0.226562 0.448437 0.212891 0.456250 0.257812 0.351562 0.267578
3 0.350000 0.189453 0.451562 0.175781 0.454688 0.222656 0.351562 0.230469
0 0.393750 0.167969 0.439063 0.167969 0.435937 0.185547 0.390625 0.187500
1 0.356250 0.136719 0.420312 0.123047 0.421875 0.162109 0.360938 0.169922
