0 0.795312 0.791016 0.825000 0.791016 0.835938 0.869141 0.801562 0.873047
0 0.843750 0.683594 0.871875 0.669922 0.914062 0.734375 0.885938 0.755859
0 0.951562 0.472656 1.000000 0.507812 0.995313 0.541016 0.932813 0.500000
0 0.879687 0.500000 0.898438 0.478516 0.951562 0.517578 0.929688 0.542969
0 0.842187 0.490234 0.864062 0.482422 0.903125 0.541016 0.876563 0.552734
0 0.810937 0.492188 0.837500 0.490234 0.857812 0.560547 0.831250 0.566406
0 0.768750 0.492188 0.792188 0.492188 0.800000 0.556641 0.771875 0.556641
0 0.718750 0.490234 0.745313 0.488281 0.762500 0.552734 0.732812 0.558594
4 0.678125 0.498047 0.704688 0.490234 0.726562 0.550781 0.698438 0.560547
0 0.648438 0.519531 0.676562 0.513672 0.698438 0.578125 0.668750 0.585938
0 0.676562 0.429688 0.743750 0.429688 0.748437 0.462891 0.676562 0.462891
0 0.612500 0.490234 0.640625 0.488281 0.651563 0.560547 0.620313 0.562500
0 0.684375 0.335938 0.753125 0.335938 0.750000 0.367188 0.684375 0.367188
0 0.678125 0.269531 0.737500 0.271484 0.740625 0.298828 0.678125 0.298828
0 0.671875 0.246094 0.732812 0.246094 0.734375 0.275391 0.671875 0.275391
0 0.667188 0.214844 0.721875 0.210938 0.725000 0.244141 0.667188 0.248047
0 0.670312 0.154297 0.729688 0.154297 0.731250 0.179688 0.671875 0.179688
0 0.657813 0.089844 0.709375 0.091797 0.712500 0.123047 0.659375 0.123047
0 0.656250 0.074219 0.718750 0.074219 0.718750 0.099609 0.656250 0.099609
0 0.651563 0.048828 0.704688 0.048828 0.707812 0.076172 0.651563 0.078125
0 0.748437 0.277344 0.778125 0.277344 0.778125 0.343750 0.750000 0.343750
0 0.848437 0.396484 0.910937 0.394531 0.914062 0.427734 0.850000 0.429688
0 0.842187 0.347656 0.904687 0.345703 0.906250 0.380859 0.842187 0.382812
0 0.840625 0.316406 0.901563 0.316406 0.901563 0.345703 0.842187 0.347656
0 0.835938 0.255859 0.893750 0.255859 0.895312 0.289062 0.837500 0.289062
0 0.825000 0.214844 0.884375 0.216797 0.884375 0.246094 0.826562 0.246094
0 0.825000 0.187500 0.882812 0.189453 0.882812 0.218750 0.823438 0.218750
0 0.825000 0.158203 0.876563 0.158203 0.879687 0.187500 0.823438 0.187500
4 0.831250 0.132812 0.871875 0.132812 0.875000 0.162109 0.831250 0.162109
0 0.815625 0.115234 0.856250 0.113281 0.859375 0.140625 0.817187 0.144531
0 0.806250 0.082031 0.867188 0.080078 0.870313 0.109375 0.807813 0.111328
0 0.798438 0.052734 0.853125 0.046875 0.860938 0.072266 0.801562 0.076172
0 0.800000 0.023438 0.856250 0.023438 0.856250 0.052734 0.800000 0.052734
0 0.528125 0.509766 0.551562 0.509766 0.565625 0.576172 0.539062 0.578125
4 0.487500 0.511719 0.515625 0.511719 0.523438 0.580078 0.495312 0.582031
4 0.573438 0.501953 0.600000 0.500000 0.607812 0.562500 0.579688 0.564453
0 0.445312 0.542969 0.473438 0.542969 0.476562 0.621094 0.446875 0.623047
0 0.460938 0.658203 0.525000 0.630859 0.545312 0.664062 0.478125 0.695312
0 0.348438 0.658203 0.425000 0.650391 0.432812 0.693359 0.350000 0.707031
0 0.000000 0.626953 0.031250 0.628906 0.026562 0.707031 0.000000 0.708984
0 0.043750 0.630859 0.073438 0.630859 0.071875 0.707031 0.042188 0.707031
0 0.087500 0.566406 0.118750 0.568359 0.112500 0.636719 0.079687 0.636719
2 0.128125 0.558594 0.159375 0.558594 0.159375 0.638672 0.125000 0.638672
0 0.140625 0.392578 0.209375 0.392578 0.207813 0.429688 0.139063 0.429688
0 0.160938 0.255859 0.234375 0.255859 0.232813 0.291016 0.159375 0.291016
0 0.165625 0.226562 0.226562 0.226562 0.226562 0.255859 0.164062 0.257812
0 0.178125 0.197266 0.225000 0.197266 0.225000 0.226562 0.176563 0.226562
0 0.178125 0.107422 0.243750 0.109375 0.242188 0.136719 0.178125 0.136719
0 0.182812 0.068359 0.242188 0.068359 0.240625 0.099609 0.181250 0.099609
0 0.190625 0.031250 0.248438 0.027344 0.250000 0.060547 0.192188 0.062500
0 0.323437 0.380859 0.385937 0.382812 0.387500 0.416016 0.323437 0.416016
0 0.326562 0.314453 0.381250 0.316406 0.381250 0.349609 0.325000 0.347656
0 0.320312 0.279297 0.381250 0.281250 0.379688 0.314453 0.318750 0.314453
0 0.335938 0.191406 0.381250 0.189453 0.382812 0.222656 0.337500 0.222656
0 0.332813 0.166016 0.390625 0.166016 0.393750 0.197266 0.332813 0.197266
0 0.335938 0.115234 0.393750 0.115234 0.393750 0.146484 0.334375 0.148438
0 0.342187 0.080078 0.396875 0.082031 0.398438 0.107422 0.340625 0.107422
0 0.346875 0.027344 0.401562 0.025391 0.401562 0.054688 0.346875 0.054688
0 0.346875 0.000000 0.401562 0.000000 0.401562 0.025391 0.343750 0.025391
